time,X_NOSE,Y_NOSE,Z_NOSE,X_LEFT_EYE_INNER,Y_LEFT_EYE_INNER,Z_LEFT_EYE_INNER,X_LEFT_EYE,Y_LEFT_EYE,Z_LEFT_EYE,X_LEFT_EYE_OUTER,Y_LEFT_EYE_OUTER,Z_LEFT_EYE_OUTER,X_RIGHT_EYE_OUTER,Y_RIGHT_EYE_OUTER,Z_RIGHT_EYE_OUTER,X_RIGHT_EYE,Y_RIGHT_EYE,Z_RIGHT_EYE,X_RIGHT_EYE_OUTER.1,Y_RIGHT_EYE_OUTER.1,Z_RIGHT_EYE_OUTER.1,X_LEFT_EAR,Y_LEFT_EAR,Z_LEFT_EAR,X_RIGHT_EAR,Y_RIGHT_EAR,Z_RIGHT_EAR,X_MOUTH_LEFT,Y_MOUTH_LEFT,Z_MOUTH_LEFT,X_MOUTH_RIGHT,Y_MOUTH_RIGHT,Z_MOUTH_RIGHT,X_LEFT_SHOULDER,Y_LEFT_SHOULDER,Z_LEFT_SHOULDER,X_RIGHT_SHOULDER,Y_RIGHT_SHOULDER,Z_RIGHT_SHOULDER,X_LEFT_ELBOW,Y_LEFT_ELBOW,Z_LEFT_ELBOW,X_RIGHT_ELBOW,Y_RIGHT_ELBOW,Z_RIGHT_ELBOW,X_LEFT_WRIST,Y_LEFT_WRIST,Z_LEFT_WRIST,X_RIGHT_WRIST,Y_RIGHT_WRIST,Z_RIGHT_WRIST,X_LEFT_PINKY,Y_LEFT_PINKY,Z_LEFT_PINKY,X_RIGHT_PINKY,Y_RIGHT_PINKY,Z_RIGHT_PINKY,X_LEFT_INDEX,Y_LEFT_INDEX,Z_LEFT_INDEX,X_RIGHT_INDEX,Y_RIGHT_INDEX,Z_RIGHT_INDEX,X_LEFT_THUMB,Y_LEFT_THUMB,Z_LEFT_THUMB,X_RIGHT_THUMB,Y_RIGHT_THUMB,Z_RIGHT_THUMB,X_LEFT_HIP,Y_LEFT_HIP,Z_LEFT_HIP,X_RIGHT_HIP,Y_RIGHT_HIP,Z_RIGHT_HIP,X_LEFT_KNEE,Y_LEFT_KNEE,Z_LEFT_KNEE,X_RIGHT_KNEE,Y_RIGHT_KNEE,Z_RIGHT_KNEE,X_LEFT_ANKLE,Y_LEFT_ANKLE,Z_LEFT_ANKLE,X_RIGHT_ANKLE,Y_RIGHT_ANKLE,Z_RIGHT_ANKLE,X_LEFT_HEEL,Y_LEFT_HEEL,Z_LEFT_HEEL,X_RIGHT_HEEL,Y_RIGHT_HEEL,Z_RIGHT_HEEL,X_LEFT_FOOT_INDEX,Y_LEFT_FOOT_INDEX,Z_LEFT_FOOT_INDEX,X_RIGHT_FOOT_INDEX,Y_RIGHT_FOOT_INDEX,Z_RIGHT_FOOT_INDEX,fileID,participantID,LEFT_EAR_speed2D,RIGHT_WRIST_speed2D,LEFT_EYE_OUTER_speed2D,RIGHT_ELBOW_speed2D,LEFT_HEEL_speed2D,RIGHT_THUMB_speed2D,LEFT_EYE_INNER_speed2D,LEFT_KNEE_speed2D,LEFT_SHOULDER_speed2D,RIGHT_KNEE_speed2D,LEFT_THUMB_speed2D,RIGHT_HEEL_speed2D,RIGHT_EYE_speed2D,LEFT_EYE_speed2D,LEFT_ELBOW_speed2D,RIGHT_FOOT_INDEX_speed2D,LEFT_FOOT_INDEX_speed2D,LEFT_PINKY_speed2D,RIGHT_ANKLE_speed2D,RIGHT_EYE_OUTER.1_speed2D,RIGHT_INDEX_speed2D,NOSE_speed2D,RIGHT_EYE_OUTER_speed2D,MOUTH_LEFT_speed2D,LEFT_ANKLE_speed2D,RIGHT_HIP_speed2D,MOUTH_RIGHT_speed2D,LEFT_WRIST_speed2D,RIGHT_SHOULDER_speed2D,LEFT_INDEX_speed2D,LEFT_HIP_speed2D,RIGHT_EAR_speed2D,RIGHT_PINKY_speed2D,ARM_TOTAL_speed2D,LEG_TOTAL_speed2D,Y_NOSE_velocity,Y_LEFT_EYE_INNER_velocity,Y_LEFT_EYE_velocity,Y_LEFT_EYE_OUTER_velocity,Y_RIGHT_EYE_OUTER_velocity,Y_RIGHT_EYE_velocity,Y_RIGHT_EYE_OUTER.1_velocity,Y_LEFT_EAR_velocity,Y_RIGHT_EAR_velocity,Y_MOUTH_LEFT_velocity,Y_MOUTH_RIGHT_velocity,Y_LEFT_SHOULDER_velocity,Y_RIGHT_SHOULDER_velocity,Y_LEFT_ELBOW_velocity,Y_RIGHT_ELBOW_velocity,Y_LEFT_WRIST_velocity,Y_RIGHT_WRIST_velocity,Y_LEFT_PINKY_velocity,Y_RIGHT_PINKY_velocity,Y_LEFT_INDEX_velocity,Y_RIGHT_INDEX_velocity,Y_LEFT_THUMB_velocity,Y_RIGHT_THUMB_velocity,Y_LEFT_HIP_velocity,Y_RIGHT_HIP_velocity,Y_LEFT_KNEE_velocity,Y_RIGHT_KNEE_velocity,Y_LEFT_ANKLE_velocity,Y_RIGHT_ANKLE_velocity,Y_LEFT_HEEL_velocity,Y_RIGHT_HEEL_velocity,Y_LEFT_FOOT_INDEX_velocity,Y_RIGHT_FOOT_INDEX_velocity,LEFT_EAR_acceleration2D,RIGHT_WRIST_acceleration2D,LEFT_EYE_OUTER_acceleration2D,RIGHT_ELBOW_acceleration2D,LEFT_HEEL_acceleration2D,RIGHT_THUMB_acceleration2D,LEFT_EYE_INNER_acceleration2D,LEFT_KNEE_acceleration2D,LEFT_SHOULDER_acceleration2D,RIGHT_KNEE_acceleration2D,LEFT_THUMB_acceleration2D,RIGHT_HEEL_acceleration2D,RIGHT_EYE_acceleration2D,LEFT_EYE_acceleration2D,LEFT_ELBOW_acceleration2D,RIGHT_FOOT_INDEX_acceleration2D,LEFT_FOOT_INDEX_acceleration2D,LEFT_PINKY_acceleration2D,RIGHT_ANKLE_acceleration2D,RIGHT_EYE_OUTER.1_acceleration2D,RIGHT_INDEX_acceleration2D,NOSE_acceleration2D,RIGHT_EYE_OUTER_acceleration2D,MOUTH_LEFT_acceleration2D,LEFT_ANKLE_acceleration2D,RIGHT_HIP_acceleration2D,MOUTH_RIGHT_acceleration2D,LEFT_WRIST_acceleration2D,RIGHT_SHOULDER_acceleration2D,LEFT_INDEX_acceleration2D,LEFT_HIP_acceleration2D,RIGHT_EAR_acceleration2D,RIGHT_PINKY_acceleration2D,LEFT_EAR_jerk2D,RIGHT_WRIST_jerk2D,LEFT_EYE_OUTER_jerk2D,RIGHT_ELBOW_jerk2D,LEFT_HEEL_jerk2D,RIGHT_THUMB_jerk2D,LEFT_EYE_INNER_jerk2D,LEFT_KNEE_jerk2D,LEFT_SHOULDER_jerk2D,RIGHT_KNEE_jerk2D,LEFT_THUMB_jerk2D,RIGHT_HEEL_jerk2D,RIGHT_EYE_jerk2D,LEFT_EYE_jerk2D,LEFT_ELBOW_jerk2D,RIGHT_FOOT_INDEX_jerk2D,LEFT_FOOT_INDEX_jerk2D,LEFT_PINKY_jerk2D,RIGHT_ANKLE_jerk2D,RIGHT_EYE_OUTER.1_jerk2D,RIGHT_INDEX_jerk2D,NOSE_jerk2D,RIGHT_EYE_OUTER_jerk2D,MOUTH_LEFT_jerk2D,LEFT_ANKLE_jerk2D,RIGHT_HIP_jerk2D,MOUTH_RIGHT_jerk2D,LEFT_WRIST_jerk2D,RIGHT_SHOULDER_jerk2D,LEFT_INDEX_jerk2D,LEFT_HIP_jerk2D,RIGHT_EAR_jerk2D,RIGHT_PINKY_jerk2D,ARM_TOTAL_jerk2D
0.0,-0.007826948275312226,0.33670393680837785,-0.3857858268193549,0.002920216979582249,0.35444734514044085,-0.3717814261720431,0.004205694793881851,0.3542021101236194,-0.3592095367204302,0.003393414148068803,0.3537663233773104,-0.3634308585483872,-0.016787270465987433,0.361758757077346,-0.3904028333182797,-0.01632155657748149,0.3603492871371976,-0.4036556167698926,-0.011146673857669707,0.3498767046698547,-0.3830370100129034,0.03542556766145246,0.3439727663019729,-0.2486323038688173,-0.08582268006396164,0.2999225459270733,-0.2828347949526882,0.014011279588074107,0.3293054756068753,-0.327831977051613,-0.015538286600977223,0.29899446179567346,-0.3649585051290324,0.10725275226612638,0.21563101974775323,-0.0942784774877419,-0.1608434667530653,0.2318304693990966,-0.113775237612043,0.15516697693572748,0.048654944788672154,-0.0112020937102365,-0.17921141490623457,-0.026032212708167867,-0.1289625628344086,0.20099856125996093,-0.14581708293102927,0.033035114724301,-0.19456183080670952,-0.21383918860595968,-0.1766054313849462,0.2033918942684481,-0.1875480659013438,0.0480008042675268,-0.18055522814111213,-0.252111520087029,-0.2202373274107528,0.17826068241841242,-0.2028448111343451,0.0183058223008387,-0.14791956484763918,-0.2361888843720107,-0.2405562842430108,0.19770964511280506,-0.17721035922795483,0.023914379656129,-0.17920375399328967,-0.21904462948802847,-0.21192959,0.07974361953044681,-0.1749684298866748,0.0509895463012903,-0.07801620240833834,-0.18468064927414368,-0.0491678982038709,0.09390503740597007,-0.5189571456398935,0.09768780714,-0.030143461052722684,-0.4542315815488569,-0.0010598736266774,0.09113980067591786,-0.7808074504983635,0.3211955207526882,-0.05361965646564181,-0.7791656407310585,0.2165723341139785,0.07410201897276171,-0.8118922516793332,0.3476354732623657,-0.05515071831411592,-0.8081909875672766,0.1983462332602151,0.10556451198283345,-0.8571521971874319,0.296994268855914,-0.0401845135525444,-0.8429618699889755,0.1083216398273118,onweer_g_ch1_g19_compr.mp4,ch1g19,6.242106683422643e-06,1.3998382115423916e-05,5.184638660696142e-06,1.1813337379297002e-05,8.710067760342586e-06,1.4245271785805258e-05,5.154091919168167e-06,3.9858645689206575e-06,5.566869854437917e-06,1.2872916279280673e-06,8.010249950673907e-06,7.3063280479619055e-06,5.011907293324002e-06,5.176875951405461e-06,5.860715417084878e-06,6.971427167954618e-06,6.748113168752932e-06,8.35543252877459e-06,6.710736130316739e-06,5.159506184981412e-06,1.5129511767617023e-05,4.933974898928482e-06,4.916123170493212e-06,5.967584964361283e-06,8.168947101461344e-06,3.710379291048309e-07,6.018325683489981e-06,8.066045228344318e-06,9.717504402780859e-06,7.894152559031449e-06,3.773515935100594e-07,5.9587070827649574e-06,1.415028609377098e-05,2.085470481000075e-05,1.0571928686725624e-05,5.173227891435575e-05,4.671886960014221e-05,4.70110494704946e-05,4.7841284466664246e-05,4.5839093091790976e-05,4.662817694701042e-05,4.621850919012908e-05,6.840022823568428e-05,5.4288348526559697e-05,6.033634121860674e-05,5.768436194248011e-05,4.4665019061747955e-05,0.00010570721050038725,1.2221009863036456e-05,0.00015892026840028518,-4.335169708081288e-07,0.00012058769735824948,6.97687146089004e-07,0.00011431217587706892,3.352993715983832e-06,0.00012575011614759875,1.3432126733483512e-06,0.0001155454534433893,-6.918868321912428e-07,2.076696844048075e-06,1.2200320931011646e-05,-3.942600982594622e-06,-8.093185456159772e-05,-6.420946110918097e-05,-9.013908179870687e-05,-6.795717292593116e-05,-4.649151464974007e-05,-4.126834093376364e-05,5.909618174626954e-06,8.896587556583074e-06,3.6567477702711547e-06,8.537694165992432e-06,6.22853061283033e-06,8.98803933505592e-06,3.7397041229856625e-06,2.2668121442182254e-06,6.77373474439805e-06,1.4143602914150798e-06,6.7539690488891165e-06,5.114921426630476e-06,3.388662420319933e-06,3.692373667324116e-06,6.289859942634686e-06,6.060745826593184e-06,6.055643999522838e-06,6.519371011824575e-06,4.525657973714519e-06,3.7094952402910616e-06,9.422934875256233e-06,2.8356405201906307e-06,3.2947949880471986e-06,3.892401953239168e-06,5.7126432128917815e-06,4.631946964292445e-07,4.385326182720501e-06,6.627484263082619e-06,6.357956568410572e-06,6.470197271057349e-06,4.4718830927874846e-07,6.086434184266685e-06,9.167671622069776e-06,7.272393029137512e-09,9.30723062648888e-07,8.88419342844902e-08,4.09874867541254e-07,4.4505791866432144e-07,9.859027064536973e-07,7.182357840534778e-08,2.2985147770674946e-07,-1.9313762467300426e-07,6.828563901188458e-08,1.4810273195928555e-07,4.869141566046938e-07,7.706987357423196e-08,8.199111822987634e-08,-1.8869374649612328e-07,3.6497459542832287e-07,4.255968255349488e-07,2.6257956909581513e-07,4.468365797994855e-07,6.001772295413102e-08,1.105748909495796e-06,1.2363729138500036e-07,7.526571103971828e-08,1.695927336247631e-07,4.1938662353452266e-07,1.2908352305968016e-08,1.1945586314837467e-07,1.8717159774723634e-07,3.733884027553009e-07,1.8278068819729788e-07,1.615662461601861e-08,-9.22472581699388e-08,1.0023567494845393e-06,1.0511333708709293e-06
16.666666666666668,-0.007582144952666709,0.33685938876512156,-0.384950776328365,0.003230841236408428,0.3545693130112236,-0.3709325093831666,0.004515730807184009,0.35432301033721747,-0.3583682457213201,0.003701232101663054,0.3538902060926992,-0.3625864365726364,-0.01650971013801335,0.361890505073631,-0.3895439403423064,-0.01603666581587807,0.3604824169295703,-0.4027881601696701,-0.0108417476660208,0.3500092330657758,-0.3821791710533928,0.035841565242120975,0.34416602714838723,-0.2478429990594736,-0.08540018236183212,0.30008940660843164,-0.2820338569858361,0.014331007039262576,0.32949320180663383,-0.3270121982342603,-0.015194830982978264,0.299183678689745,-0.3641315291270302,0.1076942873292335,0.2157711558434024,-0.0936378808906562,-0.16035893765568943,0.23220118714577312,-0.1132114358886837,0.15561774153970617,0.048630826064941866,-0.0107156347009329,-0.1786857030382161,-0.025460055371189144,-0.1290281387469782,0.20155131230606077,-0.14585326900744963,0.0336068716194067,-0.1938071388327713,-0.21336997975655864,-0.1773144623124212,0.20395339529718487,-0.18757313926322725,0.0486124873355135,-0.1797815190974437,-0.2516354718331525,-0.2210682724398963,0.17880253650779704,-0.20285246296190715,0.0188902719799532,-0.14712558860560496,-0.23565643815868795,-0.2413327183664813,0.19826523082307126,-0.1772303266866202,0.0244904587226028,-0.17842860607174338,-0.2185811154022878,-0.208648711,0.0797760035431985,-0.17497041552069426,0.0509424255032703,-0.07804813535643866,-0.18467330209204186,-0.0491211456587764,0.09367397314833459,-0.5189002043726515,0.0975573680813793,-0.03024787113732664,-0.45421516797303135,-0.0013212341870169,0.09070947766723861,-0.7811247641568887,0.3202898038685948,-0.0539656182090663,-0.7794340233884135,0.2158319514394513,0.07365080490607785,-0.8122498006643317,0.3466439116189842,-0.05553932028637309,-0.8084809252023553,0.1975435675296256,0.1050961917940714,-0.8573360838418438,0.2959028014750464,-0.04067297909327107,-0.8430993598366098,0.1074417405314052,onweer_g_ch1_g19_compr.mp4,ch1g19,1.830560158395735e-05,3.444487011436861e-05,1.293995015667886e-05,3.0441461250867242e-05,2.2504136363736383e-05,3.4980319304040945e-05,1.3040016580806973e-05,9.171852922409225e-06,1.8841734829836084e-05,4.275949827962214e-06,2.1993811394472964e-05,1.890286638112809e-05,1.2230901516310001e-05,1.2987653980949018e-05,1.821562910768196e-05,2.0101191687582446e-05,1.995925448442106e-05,2.2109628758277907e-05,1.703046153680442e-05,1.298571764744382e-05,3.697341780574596e-05,1.1161114574355575e-05,1.1944596264335369e-05,1.4386396737512786e-05,2.0867571525424973e-05,1.3314551728109304e-06,1.533090875176545e-05,2.188034196213004e-05,2.3715962916862114e-05,2.137812932893242e-05,1.3137533988703723e-06,1.8218738647864066e-05,3.523172762067488e-05,5.407115819410709e-05,2.693496169526331e-05,9.673240520125274e-05,7.340936262889494e-05,7.247611982680118e-05,7.436825984029224e-05,8.11394275137356e-05,8.190265814166927e-05,8.164375603318319e-05,0.00011797590020136112,0.00010404412730345998,0.00011754233863431837,0.00011972113190399931,8.804408361323202e-05,0.0002370005191338991,-2.2863855960955192e-05,0.00036697977917021877,-2.6647103724735307e-05,0.0003021852148627364,-1.837491546904641e-05,0.0003090665671091607,-6.374262644928711e-06,0.0003465151820352433,-1.5174369968484807e-05,0.0002993443577533453,-1.1504976843291577e-06,4.627834032484329e-06,3.803846588293793e-05,1.3263268242752597e-05,-0.00020594069022853505,-0.00017551251586874977,-0.00023263271384176823,-0.00019005995603137415,-0.0001188938475274663,-8.540365355807e-05,5.049523311173666e-06,9.387653554385186e-06,3.399284755343835e-06,8.201749957042707e-06,6.168933331308465e-06,9.553410050405712e-06,3.43671533374641e-06,2.397753938946468e-06,5.32864236377218e-06,1.2544435302970154e-06,5.96859207794849e-06,5.262087208836503e-06,3.1751117809194927e-06,3.41582565139345e-06,5.001661629605868e-06,5.7309663206679105e-06,5.787611741304034e-06,5.967833620380854e-06,4.705098501682642e-06,3.4080496681451526e-06,1.0125288935585366e-05,2.81689531359503e-06,3.093415411545294e-06,3.7532703892562264e-06,5.697290970268597e-06,3.993488690832885e-07,4.069735226906445e-06,5.927947048353678e-06,6.26506853755492e-06,5.794167312034514e-06,3.924493409561023e-07,5.0526959916910504e-06,9.692528138566156e-06,-7.052727818110161e-07,-4.201013962289366e-07,-2.961557669351649e-07,-6.416430497274896e-07,-4.464881593453589e-07,-4.0776498842353467e-07,-3.180531390475079e-07,-9.619104377125528e-08,-9.98460283465639e-07,-1.7884336209060777e-07,-7.434549228902241e-07,-3.129938711164249e-07,-2.525176894348815e-07,-3.055131115587172e-07,-8.794198877253422e-07,-5.81410079423729e-07,-5.797714909102407e-07,-6.481925332906706e-07,-2.525776021457665e-07,-3.083759708329095e-07,-4.0449074229302976e-07,-1.3767361764967486e-07,-2.40883728131737e-07,-2.6969186698693216e-07,-3.894027465986561e-07,-6.150017089422703e-08,-3.684046568122261e-07,-7.072439208671453e-07,-4.1273363718414293e-07,-6.830000996761446e-07,-5.6952303469717575e-08,-7.632923371630903e-07,-4.5189660153103007e-07,1.3644648360831735e-06
33.333333333333336,-0.007337341630021105,0.33701484072186544,-0.384115725837375,0.0035414654932346924,0.3546912808820062,-0.3700835925942901,0.004825766820486166,0.35444391055081553,-0.35752695472221,0.004009050055257305,0.3540140888080881,-0.3617420145968856,-0.01623214981003935,0.36202225306991603,-0.3886850473663331,-0.015751775054274643,0.3606155467219429,-0.4019207035694476,-0.010536821474371894,0.350141761461697,-0.3813213320938822,0.03625756282278957,0.3443592879948014,-0.2470536942501299,-0.08497768465970262,0.30025626728979,-0.281232919018984,0.014650734490450963,0.3296809280063923,-0.3261924194169077,-0.014851375364979305,0.29937289558381647,-0.3633045531250279,0.10813582239234064,0.21591129193905145,-0.0929972842935706,-0.15987440855831356,0.23257190489244975,-0.1126476341653245,0.15606850614368484,0.04860670734121157,-0.0102291756916292,-0.1781599911701977,-0.024887898034210338,-0.1290937146595477,0.20210406335216058,-0.14588945508387,0.0341786285145124,-0.19305244685883302,-0.21290077090715753,-0.1780234932398961,0.20451489632592157,-0.18759821262511067,0.0492241704035001,-0.17900781005377533,-0.2511594235792759,-0.2218992174690398,0.17934439059718163,-0.2028601147894692,0.0194747216590678,-0.14633161236357078,-0.23512399194536515,-0.2421091524899518,0.19882081653333747,-0.1772502941452857,0.0250665377890767,-0.17765345815019715,-0.21811760131654717,-0.201940194,0.07980838755595028,-0.17497240115471369,0.0508953047052503,-0.07808006830453906,-0.18466595490994003,-0.0490743931136818,0.09344290889069905,-0.5188432631054096,0.0974269290227586,-0.030352281221930604,-0.45419875439720575,-0.0015825947473563,0.09027915465855946,-0.7814420778154139,0.3193840869845014,-0.0543115799524908,-0.7797024060457685,0.215091568764924,0.07319959083939391,-0.8126073496493302,0.3456523499756027,-0.055927922258630317,-0.8087708628374339,0.196740901799036,0.10462787160530934,-0.8575199704962557,0.2948113340941787,-0.04116144463399775,-0.8432368496842437,0.1065618412354987,onweer_g_ch1_g19_compr.mp4,ch1g19,2.550962702791386e-05,4.753334158449081e-05,1.7818607504837395e-05,4.2045884948119594e-05,3.1141451957970966e-05,4.8281179488465276e-05,1.7976227189371735e-05,1.2540736944111934e-05,2.6472229631149375e-05,6.016769502848143e-06,3.04996451153399e-05,2.6212682590020245e-05,1.6801788334737513e-05,1.789173376428301e-05,2.5421258707516587e-05,2.8081655596002807e-05,2.796887429120105e-05,3.058541753512206e-05,2.3572914060170406e-05,1.788949061907667e-05,5.103901015617291e-05,1.5217549127779647e-05,1.6400238857569295e-05,1.9750733032602336e-05,2.88484316455426e-05,1.8864661531334951e-06,2.115183870849906e-05,3.0313009836132627e-05,3.2596606987883734e-05,2.9632024821987006e-05,1.858296039260779e-06,2.5461163088974507e-05,4.870762587054596e-05,7.47823104942496e-05,3.725472165639844e-05,0.0001291443574280206,9.575758041580889e-05,9.428117177059668e-05,9.688375384241907e-05,0.00010761299013521642,0.00010848758166467623,0.00010820302233366536,0.00015633981381572338,0.00013950214862609925,0.00015777489234266055,0.00016185606671411935,0.00011816927346573748,0.00032337815979285823,-3.817609080774095e-05,0.0005027322556915969,-4.019872035477614e-05,0.0004195785069527622,-2.8406776864857802e-05,0.0004325032120013611,-1.1171038494741485e-05,0.00048565023518967434,-2.3500662980620248e-05,0.00041736057768043634,-1.5763763242285087e-06,6.379752123140153e-06,5.3366449279637274e-05,2.173428086191718e-05,-0.00028492875490743576,-0.000244587985408191,-0.0003221259491665068,-0.0002654407907076867,-0.00016514478651712174,-0.00011699375176473344,4.154814638542835e-06,8.767211837804096e-06,2.9991844202405394e-06,7.316427210447688e-06,5.560974186612051e-06,8.947859270178452e-06,3.0095934269859002e-06,2.2585701838554184e-06,4.088262918320906e-06,1.037024613947135e-06,5.040442035130615e-06,4.82526911608956e-06,2.8257126377789564e-06,3.004283284867216e-06,3.901607816261876e-06,4.980942866391027e-06,5.038612698870368e-06,5.160200052828486e-06,4.3464366159231685e-06,2.9895032835156263e-06,9.522360665174665e-06,2.6073857887181513e-06,2.7583756014633796e-06,3.3840108781466832e-06,5.161336200940062e-06,3.228314143719636e-07,3.5763341529942674e-06,5.045287245984736e-06,5.69307407226534e-06,4.940442444789741e-06,3.215162418688563e-07,4.076905953066485e-06,9.037842709715852e-06,-1.0259325158880644e-06,-1.2349819642502642e-06,-5.018055124113751e-07,-1.2284528478451397e-06,-9.439968246943278e-07,-1.2511172466927091e-06,-5.225751615779219e-07,-2.9180155553068905e-07,-1.3089240035077357e-06,-2.9355343053086973e-07,-1.159708548592289e-06,-7.745882503229464e-07,-4.3486794580713615e-07,-5.108743706947012e-07,-1.1481413497520065e-06,-1.069250643134829e-06,-1.102947982358065e-06,-1.0926452350582236e-06,-6.623641379710238e-07,-5.040024942451745e-07,-1.3199302168073475e-06,-3.01277404259631e-07,-4.172420270044668e-07,-5.148240982303224e-07,-8.463573910652238e-07,-9.548602391823417e-08,-6.259468965929877e-07,-1.1313289287889205e-06,-8.602319836641191e-07,-1.0954031420506137e-06,-9.103040778681517e-08,-1.0540929311697285e-06,-1.3197734633314648e-06,2.37327001319431e-06
50.0,-0.0070925383073755875,0.33717029267860926,-0.383280675346385,0.0038520897500608723,0.3548132487527889,-0.3692346758054135,0.005135802833788238,0.35456481076441354,-0.3566856637230999,0.0043168680088515555,0.3541379715234769,-0.3608975926211347,-0.01595458948206535,0.3621540010662011,-0.3878261543903598,-0.01546688429267122,0.36074867651431564,-0.4010532469692252,-0.010231895282723074,0.3502742898576181,-0.3804634931343717,0.03667356040345809,0.34455254884121583,-0.2462643894407861,-0.0845551869575732,0.30042312797114845,-0.280431981052132,0.014970461941639432,0.32986865420615075,-0.3253726405995552,-0.014507919746980345,0.299562112477888,-0.3624775771230257,0.10857735745544778,0.21605142803470062,-0.0923566876964849,-0.1593898794609377,0.2329426226391263,-0.1120838324419652,0.15651927074766345,0.048582588617481284,-0.0097427166823255,-0.1776342793021793,-0.024315740697231615,-0.1291592905721172,0.20265681439826042,-0.14592564116029036,0.0347503854096181,-0.19229775488489478,-0.21243156205775646,-0.1787325241673711,0.20507639735465824,-0.1876232859869941,0.0498358534714868,-0.1782341010101069,-0.2506833753253993,-0.2227301624981832,0.17988624468656625,-0.20286776661703132,0.0200591713381824,-0.1455376361215366,-0.2345915457320424,-0.2428855866134223,0.19937640224360367,-0.17727026160395115,0.0256426168555506,-0.17687831022865091,-0.21765408723080656,-0.200517684,0.07984077156870205,-0.17497438678873314,0.0508481839072302,-0.07811200125263938,-0.18465860772783818,-0.0490276405685873,0.09321184463306358,-0.5187863218381676,0.0972964899641379,-0.030456691306534563,-0.4541823408213802,-0.0018439553076958,0.0898488316498802,-0.7817593914739389,0.3184783701004079,-0.05465754169591529,-0.7799707887031234,0.2143511860903968,0.07274837677270998,-0.8129648986343287,0.3446607883322211,-0.05631652423088748,-0.8090608004725127,0.1959382360684465,0.10415955141654729,-0.8577038571506678,0.2937198667133111,-0.04164991017472442,-0.8433743395318779,0.1056819419395921,onweer_g_ch1_g19_compr.mp4,ch1g19,2.9118422597666816e-05,5.494539525793209e-05,2.0517006728867704e-05,4.8340020520027085e-05,3.586157401094453e-05,5.5835362732416e-05,2.068281101316269e-05,1.4504785947172306e-05,2.999596445895027e-05,6.839869220643706e-06,3.49230329785959e-05,3.024378964702444e-05,1.9360815123431383e-05,2.059503764311806e-05,2.886574723240269e-05,3.219907364419605e-05,3.207300975352949e-05,3.510140480480047e-05,2.721861663438974e-05,2.0584364378020905e-05,5.907147457247255e-05,1.759964375176393e-05,1.8900253865315856e-05,2.2784219415445405e-05,3.323919032512006e-05,2.14382052269319e-06,2.4334730135221835e-05,3.4728253188050803e-05,3.757868453667708e-05,3.397436239588146e-05,2.1144566620950527e-06,2.901091275154439e-05,5.631230787987565e-05,8.599440084508613e-05,4.296157428399748e-05,0.00015108117592428505,0.00011355101913369583,0.00011199346848120244,0.00011502743883074943,0.00012642280442890126,0.0001274894337583293,0.0001270745766163607,0.00018453148609388545,0.00016316781724825407,0.0001841741078651736,0.00018819172729693843,0.00013766647886500453,0.0003747631364746476,-3.998057949995885e-05,0.0005822313339466127,-4.473087045805735e-05,0.00048662164990688895,-3.190189722850132e-05,0.0005005269879979108,-1.2409348580339397e-05,0.000561560034133898,-2.6009534953565574e-05,0.00048387345441731563,-1.9308652192914197e-06,7.473045117202629e-06,6.090085505296363e-05,2.3933866307589042e-05,-0.00032874095587647866,-0.0002816179526047951,-0.0003712569664355296,-0.0003054318910493239,-0.0001911312087026326,-0.00013784565789321884,3.276298732993315e-06,7.405048514513493e-06,2.5079689617152083e-06,6.080470309953058e-06,4.6051843838814515e-06,7.5604103656827576e-06,2.505399632793034e-06,1.9366967857704604e-06,3.052132228298036e-06,7.953128907391663e-07,4.053891630853184e-06,4.010596585028957e-06,2.385503242348024e-06,2.507464971788185e-06,2.981079634196908e-06,3.988301377607652e-06,4.010680331523947e-06,4.210019881971896e-06,3.6356306842831672e-06,2.4968737060911343e-06,8.048001160210842e-06,2.2611265978725135e-06,2.33317392395834e-06,2.8617003358112417e-06,4.291786810535752e-06,2.4283689049621717e-07,2.9724807091777708e-06,4.07500026126707e-06,4.8046870607330104e-06,3.9994640898606076e-06,2.443479749146824e-07,3.1819941709049412e-06,7.601216841503143e-06,-1.0688308198857694e-06,-1.632242986876312e-06,-5.766924403812002e-07,-1.4656445058559556e-06,-1.1441928839469796e-06,-1.664780913064746e-06,-5.925800811038695e-07,-3.8732131135358024e-07,-1.2762700719789138e-06,-3.1276336410616857e-07,-1.2379421137095566e-06,-9.769692301555099e-07,-5.091810197289996e-07,-5.837025605724351e-07,-1.125016011328917e-06,-1.2181055459386916e-06,-1.2671714898849918e-06,-1.2026319682133694e-06,-8.492598071594193e-07,-5.740308996392037e-07,-1.770465901763098e-06,-3.9031761947823846e-07,-4.908228341535668e-07,-6.16446981487895e-07,-1.0368543443481491e-06,-1.003108505925596e-07,-7.154418274964981e-07,-1.219795490993236e-06,-1.0535875382687187e-06,-1.1842703731749233e-06,-9.685100903112538e-08,-1.0770747558578316e-06,-1.7323365315575941e-06,2.750616849244276e-06
66.66666666666667,-0.0068477349847300695,0.337325744635353,-0.382445624855395,0.004162714006887137,0.35493521662357164,-0.368385759016537,0.005445838847090397,0.3546857109780116,-0.3558443727239898,0.004624685962445807,0.3542618542388657,-0.3600531706453839,-0.015677029154091356,0.36228574906248623,-0.3869672614143865,-0.015181993531067795,0.36088180630668826,-0.4001857903690027,-0.009926969091074168,0.35040681825353925,-0.3796056541748611,0.037089557984126685,0.34474580968763,-0.2454750846314425,-0.08413268925544369,0.3005899886525068,-0.27963104308528,0.015290189392827816,0.3300563804059093,-0.3245528617822025,-0.0141644641289813,0.2997513293719595,-0.3616506011210235,0.10901889251855491,0.2161915641303498,-0.0917160910993993,-0.1589053503635618,0.2333133403858029,-0.1115200307186059,0.15697003535164214,0.048558469893750913,-0.0092562576730218,-0.1771085674341609,-0.023743583360252896,-0.1292248664846867,0.20320956544436017,-0.14596182723671072,0.0353221423047237,-0.19154306291095652,-0.21196235320835538,-0.1794415550948461,0.20563789838339505,-0.18764835934887752,0.0504475365394734,-0.17746039196643845,-0.2502073270715228,-0.2235611075273267,0.18042809877595084,-0.20287541844459334,0.020643621017297,-0.14474365987950247,-0.23405909951871962,-0.2436620207368929,0.19993198795386982,-0.17729022906261654,0.0262186959220244,-0.1761031623071046,-0.21719057314506593,-0.198621333,0.07987315558145375,-0.17497637242275255,0.0508010631092102,-0.07814393420073977,-0.18465126054573633,-0.0489808880234927,0.09298078037542802,-0.5187293805709258,0.0971660509055172,-0.030561101391138518,-0.4541659272455546,-0.0021053158680353,0.08941850864120096,-0.7820767051324641,0.3175726532163145,-0.0550035034393397,-0.7802391713604784,0.2136108034158695,0.07229716270602606,-0.8133224476193274,0.3436692266888396,-0.05670512620314464,-0.8093507381075915,0.1951355703378569,0.10369123122778523,-0.8578877438050799,0.2926283993324435,-0.042138375715451086,-0.8435118293795119,0.1048020426436856,onweer_g_ch1_g19_compr.mp4,ch1g19,3.023631999868705e-05,5.8178374255648436e-05,2.164700186687771e-05,5.08324108953982e-05,3.775868429714381e-05,5.914770126221279e-05,2.17918400375143e-05,1.542958921542295e-05,3.074960174805647e-05,7.0342753171345985e-06,3.648404296336291e-05,3.189018828036052e-05,2.04669499971508e-05,2.1717588434844883e-05,2.9755904033376505e-05,3.3586160350777795e-05,3.3414812896242035e-05,3.681294472275491e-05,2.874899468780071e-05,2.1696350847960314e-05,6.263078622899154e-05,1.8745469840145804e-05,1.9986919018217668e-05,2.4124005720710067e-05,3.503569929978218e-05,2.1978078284020962e-06,2.5628821294100534e-05,3.631957572963513e-05,3.9735934492111946e-05,3.555939936354299e-05,2.172822650839147e-06,3.002282446109532e-05,5.959212689558419e-05,9.040565598729489e-05,4.5321131064702604e-05,0.00016448315857078605,0.0001267123856229407,0.00012534764531913376,0.0001285990495368582,0.00013867685363223414,0.00013996751642520892,0.00013937851846940907,0.00020360992947990536,0.00017732481352767846,0.00019958443335023313,0.00020239811727729265,0.00014887744538954434,0.0003999760217641223,-3.367198112605163e-05,0.0006197918594052445,-4.3414719414009886e-05,0.0005158581409456868,-3.105816831998728e-05,0.0005274942512014304,-1.1302519950080435e-05,0.0005908320231750195,-2.4770108258494632e-05,0.0005118246393090181,-2.1871621202981694e-06,8.039972241544389e-06,6.302529718519357e-05,2.203950979717444e-05,-0.0003469789622618909,-0.0002956065824288533,-0.0003911980609079685,-0.00032005351575055006,-0.00020212616665186563,-0.00014972524539092193,2.455064826538447e-06,5.623281346740724e-06,1.9704450112800512e-06,4.66624494480237e-06,3.473855607843048e-06,5.7299881398436444e-06,1.964949342390683e-06,1.5080571955284836e-06,2.214268588824337e-06,5.568665444170446e-07,3.0788082759666354e-06,2.995972514597055e-06,1.8940927680884068e-06,1.968561487221996e-06,2.2282970276944974e-06,2.9038626096526144e-06,2.8753542431159416e-06,3.2130375207917295e-06,2.7335095846601103e-06,1.967681311115147e-06,6.080020707412189e-06,1.8262707091969118e-06,1.8561739518814722e-06,2.2534063627661103e-06,3.249607210690274e-06,1.669069070179649e-07,2.316249313685721e-06,3.0966936812358087e-06,3.7409055760677884e-06,3.0468854898007695e-06,1.6917279930536736e-07,2.3848684008849084e-06,5.728449381882466e-06,-9.330263014574213e-07,-1.7175687095946364e-06,-5.630522602999627e-07,-1.454666892719487e-06,-1.132718095530614e-06,-1.756583558190532e-06,-5.722240631426921e-07,-4.0968075080750205e-07,-1.0317880868486635e-06,-2.687783648378209e-07,-1.097454399993829e-06,-9.905328991016292e-07,-5.095141642969368e-07,-5.671079956406739e-07,-9.224870484548763e-07,-1.1332374502320717e-06,-1.1813450390172499e-06,-1.0929410161225452e-06,-8.727136691840383e-07,-5.594109682408716e-07,-1.8722451556885133e-06,-4.2499971280482315e-07,-4.937836904769368e-07,-6.187823471738642e-07,-1.0365602781903474e-06,-8.583817098374605e-08,-6.911643675796095e-07,-1.0898180224517727e-06,-1.0671557645476131e-06,-1.0624872949941055e-06,-8.385967519089895e-08,-9.296836895613679e-07,-1.8065323715280918e-06,2.665480016353609e-06
83.33333333333334,-0.0066029316620844665,0.3374811965920968,-0.381610574364405,0.004473338263713315,0.35505718449435425,-0.3675368422276605,0.005755874860392468,0.35480661119160967,-0.3550030817248796,0.004932503916040058,0.35438573695425457,-0.359208748669633,-0.015399468826117273,0.3624174970587713,-0.3861083684384132,-0.014897102769464371,0.36101493609906093,-0.3993183337687802,-0.00962204289942526,0.3505393466494604,-0.3787478152153505,0.0375055555647952,0.34493907053404443,-0.2446857798220987,-0.08371019155331418,0.30075684933386515,-0.2788301051184279,0.015609916844016204,0.3302441066056678,-0.3237330829648499,-0.013821008510982337,0.29994054626603095,-0.3608236251190213,0.10946042758166205,0.21633170022599896,-0.0910754945023136,-0.15842082126618592,0.23368405813247947,-0.1109562289952466,0.1574207999556208,0.04853435117002062,-0.0087697986637182,-0.1765828555661424,-0.023171426023274173,-0.1292904423972562,0.20376231649046,-0.14599801331313106,0.0358938991998294,-0.19078837093701828,-0.21149314435895422,-0.1801505860223211,0.20619939941213172,-0.18767343271076095,0.0510592196074601,-0.17668668292277004,-0.24973127881764623,-0.2243920525564702,0.18096995286533546,-0.20288307027215538,0.0212280706964115,-0.1439496836374683,-0.23352665330539688,-0.2444384548603634,0.20048757366413603,-0.17731019652128202,0.0267947749884983,-0.1753280143855584,-0.2167270590593253,-0.202236876,0.07990553959420553,-0.174978358056772,0.0507539423111902,-0.0781758671488401,-0.18464391336363448,-0.0489341354783982,0.09274971611779255,-0.5186724393036838,0.0970356118468965,-0.030665511475742483,-0.45414951366972905,-0.0023666764283748,0.0889881856325217,-0.7823940187909892,0.3166669363322211,-0.0553494651827642,-0.7805075540178333,0.2128704207413422,0.07184594863934213,-0.8136799966043258,0.342677665045458,-0.05709372817540188,-0.8096406757426703,0.1943329046072674,0.10322291103902326,-0.8580716304594919,0.2915369319515759,-0.042626841256177765,-0.8436493192271458,0.103922143347779,onweer_g_ch1_g19_compr.mp4,ch1g19,2.9807743059541575e-05,5.854536608741029e-05,2.173590497138728e-05,5.082672988287676e-05,3.77815868976441e-05,5.9540349137157217e-05,2.184737096479526e-05,1.563405600338555e-05,2.9868856167530846e-05,6.847921895834347e-06,3.622752916256361e-05,3.1931866974082054e-05,2.0601881810589312e-05,2.1793509432534334e-05,2.9117204796696545e-05,3.322209000199894e-05,3.2984550604573445e-05,3.6712139654375565e-05,2.8846376143104837e-05,2.176393459812154e-05,6.309170972084853e-05,1.9034804988036808e-05,2.0127586862439086e-05,2.432076605191702e-05,3.510199917747276e-05,2.129257511463713e-06,2.5678974127937664e-05,3.6109780546687996e-05,3.999658679109648e-05,3.537712699313971e-05,2.1110916250111957e-06,2.9481639523222388e-05,5.990546237502061e-05,9.034735318313726e-05,4.5434169551613755e-05,0.0001711178607993777,0.00013529959739150155,0.00013424570982610007,0.00013755838306619023,0.00014542808074743523,0.00014693394742817798,0.00014617677854430517,0.0002146536518467848,0.0001840350934261038,0.00020655465957304962,0.0002077126829807558,0.0001538597739506392,0.0004067349568336099,-2.3774729040266626e-05,0.0006279898870252569,-3.895009438436879e-05,0.0005185208982317344,-2.7767373472180218e-05,0.0005262128363729215,-8.905191953795688e-06,0.0005882363324042437,-2.1546759047247545e-05,0.000512818093852961,-2.3303200614071926e-06,8.204457948723615e-06,6.179041970902627e-05,1.794275233279596e-05,-0.00034800120503794806,-0.0002943801219436579,-0.00039165564443948005,-0.00031801396810543823,-0.00020278888841662805,-0.0001543572388131693,1.722484806946059e-06,3.6963597512667985e-06,1.4247036352055506e-06,3.219738109737045e-06,2.31104002280924e-06,3.745418827202532e-06,1.42281210813569e-06,1.0370624079778812e-06,1.5631727698875316e-06,3.4359259409491365e-07,2.170554081754154e-06,1.9310732660392666e-06,1.3856613104738334e-06,1.4242359772571556e-06,1.6283187537275199e-06,1.8516421593504526e-06,1.7736801820465919e-06,2.2471922224448636e-06,1.7757727050018745e-06,1.4339492293859532e-06,3.940188784028587e-06,1.3451094066564176e-06,1.360604464778487e-06,1.616187244143e-06,2.1697183190432654e-06,1.0093012486009072e-07,1.6564310547818446e-06,2.1740872746699263e-06,2.621011876298205e-06,2.143571709179958e-06,1.024882705668122e-07,1.696414051851417e-06,3.7135365207784085e-06,-7.025121652258383e-07,-1.5840032779191323e-06,-4.967712528412479e-07,-1.2833277673105713e-06,-9.841311697354335e-07,-1.6215534786609204e-06,-4.989818468110968e-07,-3.8239949924557234e-07,-6.863159568763413e-07,-1.8929003897119292e-07,-8.395590023860593e-07,-8.769711849956923e-07,-4.6478176151740975e-07,-4.977014034025681e-07,-6.352829343746893e-07,-9.056132305747648e-07,-9.400358397308321e-07,-8.612955135120995e-07,-7.8488706350792e-07,-4.948732101453877e-07,-1.72766630792412e-06,-4.225910322046664e-07,-4.534260291952803e-07,-5.596308347341712e-07,-9.114315015946793e-07,-6.053338139837317e-08,-5.993933816534386e-07,-8.410332881327455e-07,-9.651666880160525e-07,-8.2598297714941e-07,-6.017422154678625e-08,-6.943857732802964e-07,-1.645191418239477e-06,2.2949766755381165e-06
100.0,-0.0063581283394389485,0.33763664854884057,-0.380775523873415,0.004783962520539494,0.355179152365137,-0.3666879254387839,0.006065910873694626,0.35492751140520773,-0.3541617907257695,0.005240321869634309,0.35450961966964334,-0.3583643266938822,-0.015121908498143273,0.36254924505505626,-0.3852494754624398,-0.014612212007860946,0.36114806589143367,-0.3984508771685578,-0.009317116707776355,0.3506718750453815,-0.37788997625584,0.0379215531454638,0.3451323313804587,-0.243896475012755,-0.08328769385118467,0.30092371001522356,-0.2780291671515758,0.015929644295204673,0.33043183280542626,-0.3229133041474973,-0.013477552892983377,0.30012976316010254,-0.359996649117019,0.10990196264476917,0.21647183632164813,-0.090434897905228,-0.15793629216881003,0.23405477587915602,-0.1103924272718873,0.1578715645595994,0.04851023244629033,-0.0082833396544145,-0.176057143698124,-0.022599268686295453,-0.1293560183098257,0.2043150675365598,-0.14603419938955142,0.0364656560949351,-0.19003367896308002,-0.21102393550955315,-0.180859616949796,0.20676090044086842,-0.1876985060726444,0.0516709026754467,-0.1759129738791016,-0.24925523056376966,-0.2252229975856137,0.18151180695472005,-0.2028907220997174,0.0218125203755261,-0.14315570739543412,-0.23299420709207408,-0.2452148889838339,0.20104315937440223,-0.17733016397994747,0.0273708540549721,-0.17455286646401216,-0.21626354497358463,-0.199790135,0.07993792360695723,-0.17498034369079143,0.0507068215131702,-0.0782078000969405,-0.18463656618153262,-0.0488873829333036,0.09251865186015698,-0.5186154980364419,0.0969051727882759,-0.03076992156034644,-0.45413310009390345,-0.0026280369887143,0.08855786262384246,-0.7827113324495143,0.3157612194481276,-0.0556954269261887,-0.7807759366751883,0.212130038066815,0.07139473457265827,-0.8140375455893244,0.3416861034020765,-0.05748233014765904,-0.809930613377749,0.1935302388766778,0.10275459085026122,-0.858255517113904,0.2904454645707082,-0.04311530679690444,-0.8437868090747798,0.1030422440518724,onweer_g_ch1_g19_compr.mp4,ch1g19,2.8617207731893604e-05,5.717520265180261e-05,2.122648610932824e-05,4.9421782170942015e-05,3.6733708200109256e-05,5.8152782249532736e-05,2.1305445214408512e-05,1.5390415536270862e-05,2.8288494620681514e-05,6.487650827984323e-06,3.502313178292148e-05,3.103480196807638e-05,2.017002015837479e-05,2.1271024404937364e-05,2.779379154384363e-05,3.193249665174564e-05,3.161960462415753e-05,3.562784017500089e-05,2.8093991417366873e-05,2.1238072843274102e-05,6.164379906393414e-05,1.8789132991822618e-05,1.9714684759666214e-05,2.3838698781439563e-05,3.417031943845456e-05,2.0055389073729574e-06,2.502567426017147e-05,3.4950970099063616e-05,3.914336237857726e-05,3.425327050808068e-05,1.9940714401815122e-06,2.8202003723594182e-05,5.8422719985962774e-05,8.778144172018942e-05,4.423667126135407e-05,0.00017258009559302837,0.0001395057826149097,0.00013875704172500476,0.0001420252988980606,0.000147674388541501,0.0001493536602903817,0.0001484731185558984,0.00021876065649646908,0.0001851388885092389,0.00020733791993566897,0.0002069403134336397,0.0001543869207923424,0.00040165565144291003,-1.3943030862655937e-05,0.0006176626812521989,-3.356548431317335e-05,0.0005045322608696188,-2.3615187590798804e-05,0.0005079420569317649,-6.113316242789304e-06,0.0005667257776968749,-1.7799117252330644e-05,0.0004971200896989431,-2.3572473601550777e-06,8.082091916984035e-06,5.891389670758367e-05,1.3249190701292551e-05,-0.0003389228770269744,-0.0002845869003055019,-0.0003808702454822458,-0.00030670959600787045,-0.00019716477753266762,-0.00015342521382321847,1.1002132177384654e-06,1.8510647994263835e-06,9.021203345204586e-07,1.8605581049963726e-06,1.2325502726784402e-06,1.8454300939172358e-06,9.073116435188672e-07,5.766109619785524e-07,1.0818280163423033e-06,1.717468942571239e-07,1.3699858599316685e-06,9.373486629040578e-07,8.889598869900433e-07,9.046239590050381e-07,1.1630423819581883e-06,9.288504650154159e-07,8.162100412652046e-07,1.3726180802643994e-06,8.729899433067415e-07,9.222033472566614e-07,1.8942340578415e-06,8.540722900423788e-07,8.745594488895095e-07,9.97091949689125e-07,1.1609975592393915e-06,4.9142256306447e-08,1.0325336907648274e-06,1.3550129920922464e-06,1.5425724043714694e-06,1.3355996345839798e-06,4.906124053903312e-08,1.1214941858160372e-06,1.7986717900857127e-06,-4.462162127833664e-07,-1.311950737390034e-06,-4.073862698969027e-07,-1.0257937784193375e-06,-7.619077687145495e-07,-1.3419196970067312e-06,-4.036467448251565e-07,-3.255863678064535e-07,-3.3023990161117216e-07,-9.737639697570055e-08,-5.475843290163542e-07,-6.892718550189601e-07,-3.987553223068772e-07,-4.055939244156635e-07,-3.4041743957916005e-07,-6.119039736896078e-07,-6.234752864514918e-07,-5.883534464682942e-07,-6.306536095840554e-07,-4.089288643172961e-07,-1.4253786586227355e-06,-3.9742082410900567e-07,-3.9219517585210434e-07,-4.7037189264648316e-07,-7.177139608239519e-07,-3.14637543830568e-08,-4.784116812833673e-07,-5.555404030009064e-07,-8.017248961548683e-07,-5.537300569783051e-07,-3.258471067183704e-08,-4.3866721068056576e-07,-1.3370279763661108e-06,1.7882887870022882e-06
116.66666666666669,-0.0061133250167934305,0.33779210050558445,-0.379940473382425,0.00509458677736576,0.3553011202359197,-0.3658390086499074,0.006375946886996699,0.3550484116188058,-0.3533204997266594,0.00554813982322856,0.35463350238503216,-0.3575199047181314,-0.014844348170169275,0.3626809930513414,-0.3843905824864665,-0.014327321246257524,0.3612811956838063,-0.3975834205683353,-0.009012190516127448,0.35080440344130265,-0.3770321372963294,0.03833755072613232,0.34532559222687303,-0.2431071702034113,-0.08286519614905524,0.30109057069658196,-0.2772282291847238,0.016249371746393057,0.3306195590051847,-0.3220935253301447,-0.013134097274984333,0.300318980054174,-0.3591696731150168,0.11034349770787631,0.21661197241729718,-0.0897943013081423,-0.15745176307143416,0.23442549362583262,-0.109828625548528,0.15832232916357808,0.048486113722559954,-0.0077968806451108,-0.17553143183010558,-0.022027111349316644,-0.1294215942223953,0.20486781858265954,-0.14607038546597179,0.0370374129900407,-0.1892789869891417,-0.2105547266601521,-0.181568647877271,0.2073224014696052,-0.18772357943452783,0.0522825857434334,-0.17513926483543327,-0.24877918230989307,-0.2260539426147572,0.18205366104410464,-0.20289837392727952,0.0223969700546407,-0.14236173115339987,-0.23246176087875126,-0.2459913231073044,0.20159874508466843,-0.17735013143861286,0.027946933121446,-0.17377771854246596,-0.21580003088784402,-0.200732499,0.079970307619709,-0.1749823293248109,0.0506597007151501,-0.07823973304504081,-0.1846292189994308,-0.0488406303882091,0.09228758760252151,-0.5185585567691999,0.0967747337296552,-0.030874331644950397,-0.4541166865180779,-0.0028893975490538,0.0881275396151632,-0.7830286461080397,0.3148555025640342,-0.05604138866961319,-0.7810443193325433,0.2113896553922877,0.07094352050597434,-0.8143950945743229,0.340694541758695,-0.057870932119916285,-0.8102205510128277,0.1927275731460883,0.10228627066149916,-0.8584394037683162,0.2893539971898406,-0.04360377233763111,-0.8439242989224138,0.1021623447559659,onweer_g_ch1_g19_compr.mp4,ch1g19,2.7289322090502506e-05,5.5012460236224715e-05,2.047697336204434e-05,4.751150332790861e-05,3.527309689879169e-05,5.594179832460476e-05,2.0534088922791243e-05,1.4924217009978744e-05,2.6742336245061775e-05,6.1192117525537275e-06,3.356527714496073e-05,2.975095725806457e-05,1.949849537506948e-05,2.051245759648503e-05,2.64484726315209e-05,3.038947412153934e-05,3.0004471561027212e-05,3.422564506991776e-05,2.6975973422014833e-05,2.048219544373036e-05,5.9291397694910897e-05,1.827164384916308e-05,1.9065714887106907e-05,2.3055526550503566e-05,3.284107843530939e-05,1.8805612459161627e-06,2.4105030994875934e-05,3.3524546220668014e-05,3.7813473207539246e-05,3.284928908701592e-05,1.8736801879725916e-06,2.6828467327952806e-05,5.612633160661725e-05,8.430379963893735e-05,4.249987735111001e-05,0.00017029193348582064,0.00013965928013626953,0.0001391183929199453,0.00014227971888565439,0.00014635863954620413,0.00014814440429524774,0.00014721313128239293,0.00021704844215984727,0.00018225470594676987,0.00020389169046697184,0.00020245334036299355,0.0001519481974914782,0.0003902513839392945,-6.960868479076221e-06,0.000597908716019406,-2.9018039926766997e-05,0.00048250398890593545,-1.9881177154415945e-05,0.0004823927049557231,-3.6641567698385247e-06,0.000537435860712316,-1.4682066586916539e-05,0.0004736592086491462,-2.276707617456569e-06,7.780129050254935e-06,5.5780432314410125e-05,9.278477474219452e-06,-0.0003256159328993418,-0.0002716973287636793,-0.0003656165090849721,-0.000292224791951538,-0.0001886854130196726,-0.00014857159719225773,6.00187258192467e-07,2.6650921710781013e-07,4.2735504501179897e-07,6.819345363175087e-07,3.259594809350815e-07,2.1865103776197164e-07,4.4052582316499824e-07,1.6808894040190002e-07,7.477000479102939e-07,5.193413475823534e-08,7.03455122647858e-07,1.0802199104294659e-07,4.273104371347936e-07,4.33333320599886e-07,8.11204294738055e-07,2.0589280645146047e-07,8.300185827015063e-08,6.316440277596655e-07,1.1060170762339825e-07,4.5347230663519604e-07,1.5184438716396201e-07,3.837272749724195e-07,4.2099809714907786e-07,4.3316013376720396e-07,3.0627886092835225e-07,1.4126065001854103e-08,4.747816499683161e-07,6.714149657694422e-07,5.814377881534675e-07,6.542579746147181e-07,1.192785737616001e-08,6.589495179568776e-07,1.7424606366928295e-07,-2.1800084269188105e-07,-9.69175033573913e-07,-3.180847345770382e-07,-7.425904647512047e-07,-5.184405064839721e-07,-9.871119616987523e-07,-3.103306435003104e-07,-2.559393534143523e-07,-3.349445139225208e-08,-1.150185354480888e-08,-2.868736012039736e-07,-4.717185156995676e-07,-3.3006348649179556e-07,-3.143971122919026e-07,-9.71896318050956e-08,-3.1448497846247586e-07,-2.9755895805474676e-07,-3.3770765243729524e-07,-4.475992068553895e-07,-3.2386989859047456e-07,-1.040282478749474e-06,-3.608802334150331e-07,-3.2768034831372065e-07,-3.759637784201949e-07,-5.019432394009196e-07,-4.298438724450101e-09,-3.5850602478904203e-07,-2.9790083201753516e-07,-6.208095384104725e-07,-3.077447395144798e-07,-6.5534524315007825e-09,-2.1503436809411638e-07,-9.566402202602056e-07,1.2605282917449952e-06
133.33333333333334,-0.005868521694147828,0.33794755246232816,-0.379105422891435,0.005405211034191939,0.3554230881067023,-0.3649900918610309,0.0066859829002988555,0.35516931183240386,-0.3524792087275493,0.00585595777682281,0.35475738510042104,-0.3566754827423805,-0.014566787842195193,0.36281274104762645,-0.3835316895104932,-0.0140424304846541,0.36141432547617897,-0.3967159639681129,-0.008707264324478627,0.35093693183722374,-0.3761742983368188,0.03875354830680092,0.3455188530732873,-0.2423178653940676,-0.08244269844692574,0.3012574313779403,-0.2764272912178717,0.016569099197581528,0.33080728520494324,-0.321273746512792,-0.012790641656985373,0.3005081969482455,-0.3583426971130146,0.11078503277098335,0.21675210851294635,-0.0891537047110567,-0.15696723397405826,0.23479621137250917,-0.1092648238251687,0.1587730937675567,0.048461994998829666,-0.0073104216358072,-0.17500571996208708,-0.021454954012337924,-0.1294871701349648,0.20542056962875938,-0.14610657154239215,0.0376091698851464,-0.18852429501520343,-0.2100855178107509,-0.182277678804746,0.2078839024983419,-0.18774865279641126,0.05289426881142,-0.17436555579176483,-0.24830313405601653,-0.2268848876439007,0.18259551513348918,-0.20290602575484157,0.0229814197337552,-0.14156775491136572,-0.23192931466542854,-0.246767757230775,0.20215433079493464,-0.17737009889727834,0.0285230121879199,-0.17300257062091964,-0.2153365168021034,-0.191317692,0.08000269163246068,-0.17498431495883032,0.0506125799171301,-0.07827166599314123,-0.18462187181732895,-0.0487938778431145,0.09205652334488605,-0.5185016155019581,0.0966442946710345,-0.030978741729554362,-0.4541002729422523,-0.0031507581093933,0.08769721660648405,-0.783345959766565,0.3139497856799407,-0.05638735041303759,-0.7813127019898982,0.2106492727177605,0.0704923064392904,-0.8147526435593215,0.3397029801153134,-0.05825953409217344,-0.8105104886479064,0.1919249074154987,0.1018179504727371,-0.8586232904227281,0.288262529808973,-0.04409223787835778,-0.8440617887700478,0.1012824454600593,onweer_g_ch1_g19_compr.mp4,ch1g19,2.628878633322385e-05,5.281745951689041e-05,1.9761052825291338e-05,4.578495980192657e-05,3.3912423994532365e-05,5.368151692062054e-05,1.9813312943414853e-05,1.4414329591098115e-05,2.5763252412470066e-05,5.867262076239616e-06,3.237317768300632e-05,2.851828459560146e-05,1.8837158535169926e-05,1.9794233727288517e-05,2.5562722751653726e-05,2.911157600053677e-05,2.8670762881614442e-05,3.300790133436143e-05,2.587735756283991e-05,1.9772204905345505e-05,5.6853638471213486e-05,1.7687233758992186e-05,1.8423254237490763e-05,2.2262496269187567e-05,3.1582883392937946e-05,1.7947736511710776e-06,2.3248777316760785e-05,3.23412101194591e-05,3.649862223900579e-05,3.166237586383635e-05,1.7889461960591102e-06,2.5835485082113806e-05,5.381075532561954e-05,8.115018940428487e-05,4.0830333795439186e-05,0.0001655027025629512,0.0001362236394662587,0.0001357338874962132,0.00013876162725602685,0.00014236865605809343,0.00014417674448648611,0.00014328424056534779,0.0002106540029967519,0.00017677932851236044,0.00019787778982267423,0.00019619153819660492,0.00014774877095764208,0.0003769330012575073,-4.741998041188772e-06,0.0005760876747479984,-2.6593573733797302e-05,0.00045973726332928816,-1.75388002144587e-05,0.0004577270511809378,-2.1362897891936875e-06,0.00050968476889407,-1.3045744544844135e-05,0.0004500263426581333,-2.109319717604567e-06,7.397489478151142e-06,5.344176071347288e-05,7.064321007848283e-06,-0.00031270908917347133,-0.00026000390066048496,-0.0003512031968928907,-0.00027933199302994025,-0.00018016854938127197,-0.00014139766679940635,2.2462678333935422e-07,-9.258626152469384e-07,1.8352137224865673e-08,-2.492816850645175e-07,-3.4939874935039043e-07,-9.963878118726424e-07,3.8286682832834864e-08,-1.5863002986916596e-07,5.327370591800994e-07,-1.0892159176985427e-08,1.8280808248414165e-07,-4.919100013894984e-07,1.86058224178518e-08,2.7444321198808894e-08,5.48379687108013e-07,-2.736306950477433e-07,-3.7638018489112823e-07,4.8793838616214935e-08,-4.5108108394906473e-07,4.328750498430402e-08,-1.1333331791593946e-06,-4.121940710956235e-08,1.774480918614277e-08,-4.857786464454211e-08,-3.3764734023512634e-07,-3.1886340478989046e-09,4.116030760919778e-09,1.3934950971203835e-07,-2.082571595712351e-07,1.1604725989013236e-07,-7.606434453561614e-09,3.01598416618589e-07,-1.0211524426358318e-06,-5.666305048278322e-08,-6.108000120636853e-07,-2.457046412100263e-07,-4.806022549268809e-07,-2.9503894892261954e-07,-6.13760747147738e-07,-2.3646400275136415e-07,-1.8674563877901978e-07,1.5443755265145755e-07,5.4482772403967554e-08,-1.0478485345733259e-07,-2.598906129125249e-07,-2.7219202280861765e-07,-2.41222933697623e-07,5.281612396469372e-08,-6.143575594228774e-08,-1.3846617865876193e-08,-1.5588582022519004e-07,-2.6602203475482003e-07,-2.5576900966813723e-07,-6.335290100817378e-07,-3.2142230348589687e-07,-2.726146567692436e-07,-2.949435585964272e-07,-3.0094455810828137e-07,1.6691540550757753e-08,-2.6196711724437354e-07,-1.1513839014045457e-07,-4.562743261948526e-07,-1.3308679748783606e-07,1.378499601637353e-08,-6.10137745188794e-08,-5.645101939518133e-07,7.874652843221663e-07
150.0,-0.00562371837150231,0.338103004419072,-0.3782703724004451,0.005715835291018203,0.35554505597748504,-0.3641411750721543,0.006996018913601013,0.3552902120460019,-0.3516379177284391,0.006163775730417062,0.35488126781580986,-0.3558310607666297,-0.014289227514221192,0.3629444890439115,-0.3826727965345199,-0.013757539723050674,0.3615474552685517,-0.3958485073678904,-0.00840233813282972,0.35106946023314484,-0.3753164593773083,0.039169545887469515,0.3457121139197016,-0.2415285605847238,-0.08202020074479624,0.30142429205929866,-0.2756263532510197,0.016888826648769915,0.3309950114047017,-0.3204539676954395,-0.012447186038986412,0.30069741384231696,-0.3575157211110124,0.11122656783409049,0.21689224460859552,-0.088513108113971,-0.15648270487668228,0.23516692911918577,-0.1087010221018094,0.15922385837153538,0.04843787627509937,-0.0068239626265035,-0.1744800080940687,-0.0208827966753592,-0.1295527460475343,0.20597332067485918,-0.14614275761881249,0.0381809267802521,-0.1877696030412652,-0.20961630896134986,-0.182986709732221,0.2084454035270786,-0.18777372615829468,0.0535059518794067,-0.17359184674809638,-0.24782708580213997,-0.2277158326730442,0.18313736922287377,-0.20291367758240358,0.0235658694128698,-0.14077377866933155,-0.2313968684521057,-0.2475441913542455,0.20270991650520084,-0.1773900663559438,0.0290990912543937,-0.1722274226993734,-0.21487300271636267,-0.187534526,0.08003507564521246,-0.17498630059284975,0.0505654591191101,-0.07830359894124153,-0.18461452463522712,-0.04874712529802,0.0918254590872505,-0.5184446742347161,0.0965138556124138,-0.03108315181415832,-0.45408385936642676,-0.0034121186697328,0.0872668935978048,-0.7836632734250899,0.3130440687958473,-0.056733312156462094,-0.7815810846472532,0.2099088900432332,0.07004109237260646,-0.8151101925443202,0.3387114184719319,-0.05864813606443068,-0.8108004262829851,0.1911222416849092,0.10134963028397505,-0.8588071770771404,0.2871710624281053,-0.044580703419084454,-0.844199278617682,0.1004025461641528,onweer_g_ch1_g19_compr.mp4,ch1g19,2.5920392781009377e-05,5.116626555882803e-05,1.9267868609236882e-05,4.4726348920981346e-05,3.301898279476079e-05,5.196337942880929e-05,1.9335112846785007e-05,1.3992942416906978e-05,2.5683166728950143e-05,5.815366973466864e-06,3.179083194518401e-05,2.7660723488075625e-05,1.8358581453107067e-05,1.9306877993139084e-05,2.5436682931389867e-05,2.8463815645529906e-05,2.799720491275031e-05,3.231370417351544e-05,2.5084081739996593e-05,1.9296476379517647e-05,5.496444367104841e-05,1.718250512151809e-05,1.795495461906911e-05,2.166437911642263e-05,3.0732530408559965e-05,1.7751651415068686e-06,2.2684269891171503e-05,3.174096237744655e-05,3.554500344203866e-05,3.1025457927673816e-05,1.7660080281679235e-06,2.5527416211966247e-05,5.2082475442033806e-05,7.920193526825224e-05,3.9669882556567937e-05,0.0001592889884607309,0.00012979762078312796,0.00012917502172029398,0.00013207107061010326,0.0001365372201384939,0.00013827406166808933,0.00013751570130967665,0.00020073382859595935,0.00016988781458365164,0.00019066237928532724,0.00018966212406299875,0.0001427096634332004,0.0003650089189197655,-8.329949966459814e-06,0.0005578204503468826,-2.710656002521607e-05,0.00044222268607028894,-1.7255406395208362e-05,0.0004405588450019313,-1.9496038565781914e-06,0.0004909733754697388,-1.3435542400618522e-05,0.00043247469383284965,-1.8875578282701254e-06,7.024758555973036e-06,5.261664613916165e-05,7.354485443166976e-06,-0.00030358782421583194,-0.0002526211914312144,-0.00034147318714775694,-0.0002714916809363868,-0.00017381811660503475,-0.00013346355163171443,-3.3965696035098594e-08,-1.6422746626422146e-06,-3.136595835367759e-07,-8.926183424168177e-07,-7.624303355215107e-07,-1.7112544939795953e-06,-2.8981958058489663e-07,-3.8518477794023397e-07,4.033697196072796e-07,-1.7429626953563577e-08,-1.9461434754531416e-07,-8.256771039356513e-07,-3.246901736389973e-07,-3.0249040901821407e-07,3.4698256679829286e-07,-4.929250766988165e-07,-5.428657616221314e-07,-3.692138733041725e-07,-7.768770032611519e-07,-2.983169046784523e-07,-1.8636924017523638e-06,-4.0192320893338947e-07,-3.2251080867592987e-07,-4.311010219523871e-07,-7.400341025912865e-07,-3.5249744760550803e-09,-3.678053984537941e-07,-2.4101488032559743e-07,-7.940934410993984e-07,-2.773201569557434e-07,-9.966894167772595e-09,3.623690331235727e-08,-1.7007381710244354e-06,1.4065571342994357e-08,-2.7930941847859986e-07,-2.0073455534250296e-07,-2.7307246748236313e-07,-1.2192961377231676e-07,-2.6569725370440884e-07,-1.9279585609248732e-07,-1.2788159239575294e-07,2.045249586011258e-07,9.134025772906384e-08,-3.069093347399645e-08,-8.066343187971554e-08,-2.3348382890379322e-07,-1.9668376835355771e-07,8.573016550140063e-08,1.1345997065899614e-07,1.9043778634007845e-07,-7.235048999796904e-08,-1.0893255270519596e-07,-2.144796231228326e-07,-2.5252046520922405e-07,-2.845619761507015e-07,-2.3487510373059204e-07,-2.3942710874802725e-07,-1.4183277498868343e-07,2.8633282175840555e-08,-2.0308961047753639e-07,-3.6739242324011013e-08,-3.3184753288557955e-07,-5.7859571324498026e-08,2.5623830221537362e-08,8.47878381224095e-10,-2.0700381114882797e-07,4.0159900018700224e-07
166.66666666666666,-0.0053789150488567925,0.33825845637581575,-0.3774353219094551,0.006026459547844383,0.35566702384826776,-0.3632922582832778,0.007306054926903086,0.3554111122596,-0.350796626729329,0.006471593684011312,0.35500515053119874,-0.3549866387908789,-0.014011667186247193,0.36307623704019654,-0.3818139035585466,-0.013472648961447248,0.3616805850609243,-0.3949810507676679,-0.008097411941180814,0.351201988629066,-0.3744586204177977,0.03958554346813803,0.345905374766116,-0.2407392557753802,-0.08159770304266671,0.30159115274065706,-0.2748254152841676,0.017208554099958386,0.33118273760446015,-0.3196341888780868,-0.012103730420987367,0.30088663073638855,-0.3566887451090101,0.11166810289719763,0.2170323807042447,-0.0878725115168854,-0.15599817577930641,0.23553764686586232,-0.1081372203784501,0.15967462297551396,0.048413757551369,-0.0063375036171998,-0.17395429622605027,-0.020310639338380482,-0.1296183219601038,0.20652607172095902,-0.14617894369523285,0.0387526836753578,-0.18701491106732693,-0.20914710011194879,-0.1836957406596959,0.20900690455581536,-0.18779879952017814,0.0541176349473934,-0.17281813770442803,-0.24735103754826337,-0.2285467777021877,0.18367922331225836,-0.2029213294099657,0.0241503190919844,-0.13997980242729738,-0.23086442223878295,-0.248320625477716,0.20326550221546705,-0.17741003381460918,0.0296751703208676,-0.17145227477782718,-0.21440948863062204,-0.191220582,0.08006745965796425,-0.1749882862268692,0.0505183383210901,-0.07833553188934195,-0.18460717745312527,-0.0487003727529254,0.09159439482961503,-0.5183877329674742,0.0963834165537931,-0.031187561898762275,-0.45406744579060115,-0.0036734792300722,0.08683657058912556,-0.7839805870836152,0.3121383519117539,-0.05707927389988659,-0.7818494673046081,0.209168507368706,0.06958987830592255,-0.8154677415293188,0.3377198568285504,-0.059036738036687846,-0.8110903639180639,0.1903195759543196,0.10088131009521299,-0.8589910637315523,0.2860795950472377,-0.045069168959811126,-0.8443367684653159,0.0995226468682462,onweer_g_ch1_g19_compr.mp4,ch1g19,2.9079088777646568e-05,5.430954838588165e-05,2.0693775241111923e-05,4.882810607681727e-05,3.524452406405975e-05,5.501194703053257e-05,2.083878660373503e-05,1.4714829259773178e-05,2.9840290136674857e-05,6.684061045998735e-06,3.493423315297964e-05,2.9386157947761715e-05,1.968650598133094e-05,2.0763794059930545e-05,2.9273948381918607e-05,3.114759685516914e-05,3.05057433109775e-05,3.5115948610213816e-05,2.657147195391116e-05,2.082096832204699e-05,5.791501247698685e-05,1.8139012077323035e-05,1.925558641942435e-05,2.3014650015005316e-05,3.273456285020998e-05,2.0382025410656015e-06,2.4401528820943587e-05,3.4802108606386786e-05,3.7958339845903926e-05,3.383782390825316e-05,2.0134312477838375e-06,2.893336986262375e-05,5.5158892544098386e-05,8.603407351884087e-05,4.2161531362034686e-05,0.00016083086361696116,0.00012493890262337858,0.0001236871111339064,0.00012658074183849493,0.0001358842656515122,0.0001375314500189105,0.00013711381319021697,0.00019500489571227102,0.00017208949858080902,0.00019380003737832856,0.00019587664037277243,0.00014611343486481103,0.0003820975793654127,-2.7650473329445667e-05,0.0005898985198544233,-3.6531312557629226e-05,0.000466239013017209,-2.2353599888041064e-05,0.0004675624386247364,-4.349894368969118e-06,0.000522273941059933,-1.9496581227017898e-05,0.00045611877591645466,-1.5330172158142166e-06,6.987430293414746e-06,5.9270846659319544e-05,1.266408767508577e-05,-0.0003210900131617068,-0.0002693199035928755,-0.0003628608782592521,-0.00029012616253246116,-0.0001804240589570068,-0.00012656600248936033,1.086171534595805e-06,1.9321192947497545e-07,1.3573032218538517e-07,5.059575005007165e-07,5.133151088034638e-07,2.0672470028862678e-07,1.735142285501955e-07,-6.269812239145204e-09,1.8256965150427556e-06,3.886605010415919e-07,9.95577033946212e-07,3.63331550173213e-07,1.8705478766365703e-08,1.541187549352194e-07,1.5013089695465588e-06,1.0448373152250737e-06,1.129517800725735e-06,7.714737972167115e-07,2.3425575923794238e-07,1.2109885457393692e-07,2.875711506255408e-07,-2.0190344256132367e-07,-2.720605475458862e-09,4.8801033525314014e-08,3.9654204764525026e-07,1.2971991666294065e-07,2.1880346511937508e-07,9.418124314940725e-07,1.1689277226193346e-07,8.315142536785546e-07,1.1761169360585099e-07,1.1037638017116496e-06,3.5804179107810706e-07,-1.497175687586077e-07,2.351413079028621e-07,-2.1654560292561113e-07,-1.0180824142062803e-07,4.9015585189097634e-08,2.860700281798247e-07,-2.2112427757615214e-07,-3.8694319112165494e-08,-1.4634600132626956e-07,8.111609818522925e-08,-1.9511712019970758e-07,1.546287570772202e-07,-2.4019745377256384e-07,-2.1758690465840874e-07,-2.371510585785531e-07,2.0577027466713129e-07,3.411946378625391e-07,-1.7232116602589617e-07,1.0949785510428187e-07,-2.413486997128265e-07,3.634938139871643e-07,-2.4221568013157053e-07,-2.3825333480168913e-07,-2.2024770021865155e-07,2.6918796166975663e-08,2.351387342825993e-08,-2.2164545076758297e-07,-1.7724227860039415e-07,-2.296414469469583e-07,-1.8875082236520163e-07,2.2396269263993942e-08,-2.0210322986575283e-07,3.3936250195767796e-07,3.915505109329032e-07
183.33333333333331,-0.0051341117262112745,0.3384139083325596,-0.3766002714184651,0.006337083804670562,0.3557889917190504,-0.3624433414944012,0.007616090940205244,0.35553201247319804,-0.3499553357302189,0.006779411637605564,0.35512903324658757,-0.354142216815128,-0.013734106858273112,0.3632079850364816,-0.3809550105825733,-0.013187758199843826,0.36181371485329705,-0.3941135941674454,-0.007792485749531907,0.35133451702498714,-0.3736007814582871,0.04000154104880663,0.3460986356125302,-0.2399499509660364,-0.0811752053405373,0.30175801342201547,-0.2740244773173155,0.017528281551146767,0.3313704638042187,-0.3188144100607342,-0.011760274802988408,0.30107584763046,-0.3558617691070079,0.11210963796030475,0.21717251679989386,-0.0872319149197997,-0.15551364668193052,0.23590836461253886,-0.1075734186550908,0.16012538757949266,0.04838963882763871,-0.0058510446078961,-0.17342858435803188,-0.01973848200140176,-0.1296838978726733,0.20707882276705877,-0.1462151297716532,0.0393244405704634,-0.1862602190933887,-0.2086778912625477,-0.1844047715871709,0.2095684055845521,-0.18782387288206157,0.05472931801538,-0.17204442866075959,-0.2468749892943868,-0.2293777227313312,0.18422107740164298,-0.20292898123752776,0.024734768771099,-0.1391858261852632,-0.23033197602546016,-0.2490970596011865,0.20382108792573325,-0.17743000127327466,0.0302512493873414,-0.17067712685628095,-0.2139459745448814,-0.191558987,0.08009984367071595,-0.17499027186088856,0.05047121752307,-0.07836746483744225,-0.18459983027102342,-0.0486536202078309,0.09136333057197947,-0.5183307917002322,0.0962529774951724,-0.03129197198336624,-0.4540510322147756,-0.0039348397904117,0.08640624758044631,-0.7842979007421402,0.3112326350276604,-0.05742523564331101,-0.7821178499619631,0.2084281246941787,0.06913866423923869,-0.8158252905143172,0.3367282951851688,-0.059425340008945,-0.8113803015531428,0.1895169102237301,0.10041298990645094,-0.8591749503859643,0.2849881276663701,-0.045557634500537805,-0.8444742583129501,0.0986427475723396,onweer_g_ch1_g19_compr.mp4,ch1g19,3.077123545237827e-05,5.525713480506172e-05,2.1221529066520692e-05,5.0291169959941e-05,3.636955285328637e-05,5.596014313578061e-05,2.1434401395163813e-05,1.4757337243191334e-05,3.2492120496681026e-05,7.2208479984964556e-06,3.6495295394250675e-05,3.0126068849523992e-05,2.0109821623553142e-05,2.1318692468397515e-05,3.1440843139656634e-05,3.262662419232362e-05,3.217724088039699e-05,3.63930504648137e-05,2.7150638044379706e-05,2.140241510791609e-05,5.8822863009300646e-05,1.8273683538506954e-05,1.9658042846488233e-05,2.3416520023675655e-05,3.368613016226618e-05,2.218475794387379e-06,2.5132960327194325e-05,3.629219348200703e-05,3.8652814974979105e-05,3.5177557077830655e-05,2.1799609373430237e-06,3.085507854117079e-05,5.6224891907621275e-05,8.881555408751534e-05,4.3265604254720147e-05,0.00015513018432230431,0.0001143656182776722,0.00011254379425559571,0.00011537641842242739,0.00012893440069522923,0.00013027961419932428,0.00013027780754801748,0.00018078005208050827,0.00016567493015134547,0.00018817974574873389,0.0001934513216143667,0.0001415988180844085,0.0003818993188242269,-4.604577066346665e-05,0.0005913053217369615,-4.5270591142104876e-05,0.0004737433464953249,-2.8616274497416874e-05,0.00048193084638388,-8.326923032984918e-06,0.0005407549248257771,-2.5548955569258164e-05,0.0004663973701508966,-1.2326154472653878e-06,6.825394499901266e-06,6.325759829274274e-05,1.9494523655793146e-05,-0.0003312200733826282,-0.00028186050264109296,-0.00037576553837501126,-0.0003047055738736223,-0.00018678307656831575,-0.00012399343479294202,1.1255672431881285e-06,8.221826722395496e-07,4.401733855880044e-08,6.406875125977036e-07,7.995904629776531e-07,9.059651251762855e-07,7.500695011045394e-08,4.950186256164482e-08,1.852030478639647e-06,5.263374727646581e-07,9.90281988609966e-07,7.350541410984221e-07,-1.1389104579645894e-07,6.074902870007951e-08,1.4106003569927932e-06,1.4850036971615533e-06,1.6911435289355146e-06,7.939626305586235e-07,5.413951973410383e-07,-7.1873565614279704e-09,1.1071165525088496e-06,-3.4072044631000937e-07,-1.379312788402881e-07,-2.7150504029720368e-08,6.434098467642137e-07,1.6715813190563084e-07,1.3458356678688995e-07,9.554180738397305e-07,1.092984172236077e-07,8.27394053884191e-07,1.540413261695161e-07,1.0469320955525217e-06,1.1191863054069593e-06,-3.3118912516531854e-07,4.212565347622413e-07,-2.573538439615749e-07,-7.689093713878624e-08,4.469707804341515e-08,4.890037465885137e-07,-2.701333111795268e-07,-2.3108624931596582e-08,-4.6574976983281286e-07,3.448247180702428e-08,-4.17708959610794e-07,2.0227659717972705e-07,-2.640293153522099e-07,-2.618461340139171e-07,-5.137175695334211e-07,1.3593169733147302e-07,2.8710713756547784e-07,-3.623715214934859e-07,1.613505597675537e-07,-2.831036928805042e-07,5.901469012071765e-07,-2.2539502573507512e-07,-2.577642704443353e-07,-2.4888392628769145e-07,3.442726519121731e-08,9.180835898218065e-09,-2.796055672311698e-07,-3.8753336537110663e-07,-2.439846526465479e-07,-3.8816785537044167e-07,9.36425656797134e-09,-3.946128653144571e-07,5.245503777156479e-07,7.729535140078951e-07
199.99999999999997,-0.004889308403565671,0.33856936028930334,-0.3757652209274751,0.006647708061496827,0.3559109595898331,-0.3615944247055247,0.007926126953507315,0.3556529126867961,-0.3491140447311088,0.007087229591199814,0.35525291596197645,-0.3532977948393772,-0.013456546530299112,0.3633397330327667,-0.3800961176066,-0.0129028674382404,0.36194684464566973,-0.393246137567223,-0.007487559557883088,0.35146704542090823,-0.3727429424987765,0.04041753862947514,0.3462918964589446,-0.2391606461566927,-0.08075270763840779,0.3019248741033738,-0.2732235393504635,0.01784800900233524,0.3315581900039771,-0.3179946312433816,-0.011416819184989447,0.3012650645245315,-0.3550347931050057,0.11255117302341189,0.21731265289554297,-0.0865913183227141,-0.15502911758455465,0.23627908235921546,-0.1070096169317316,0.16057615218347135,0.04836552010390842,-0.0053645855985925,-0.17290287249001338,-0.01916632466442304,-0.1297494737852429,0.20763157381315858,-0.14625131584807366,0.0398961974655691,-0.18550552711945043,-0.20820868241314655,-0.1851138025146459,0.21012990661328876,-0.18784894624394496,0.0553410010833666,-0.17127071961709117,-0.24639894104051033,-0.2302086677604747,0.18476293149102757,-0.2029366330650898,0.0253192184502135,-0.13839184994322903,-0.22979952981213742,-0.2498734937246571,0.20437667363599946,-0.1774499687319401,0.0308273284538153,-0.16990197893473463,-0.21348246045914077,-0.193160117,0.08013222768346773,-0.17499225749490807,0.05042409672505,-0.07839939778554265,-0.18459248308892157,-0.0486068676627363,0.091132266314344,-0.5182738504329902,0.0961225384365517,-0.0313963820679702,-0.45403461863895006,-0.0041962003507512,0.08597592457176706,-0.7846152144006654,0.310326918143567,-0.057771197386735494,-0.7823862326193181,0.2076877420196514,0.06868745017255476,-0.8161828394993159,0.3357367335417873,-0.05981394198120224,-0.8116702391882215,0.1887142444931406,0.09994466971768888,-0.8593588370403764,0.2838966602855025,-0.04604610004126447,-0.8446117481605842,0.0977628482764331,onweer_g_ch1_g19_compr.mp4,ch1g19,3.2007032130911125e-05,5.605659805155297e-05,2.1403566983879417e-05,5.0952655121056934e-05,3.749133746719033e-05,5.687187863469266e-05,2.1666557102488387e-05,1.4789121819304791e-05,3.442407157934111e-05,7.780264286764707e-06,3.738767245183329e-05,3.1073101384801195e-05,2.0102511252419186e-05,2.152454091600202e-05,3.284337556386613e-05,3.4484201995766675e-05,3.4200901750281154e-05,3.697117575880012e-05,2.7846091287069894e-05,2.1522161175350425e-05,5.991730426880281e-05,1.799655147452373e-05,1.9627512945299185e-05,2.3515442826021655e-05,3.462615094485341e-05,2.3861950074696297e-06,2.5424347898632834e-05,3.699247895903112e-05,3.880494440546334e-05,3.614594390071683e-05,2.3259687283461475e-06,3.203596978858447e-05,5.736056185645512e-05,9.047456033030645e-05,4.4433941184905063e-05,0.00014758021669540293,0.00010308687227843669,0.00010077719801737165,0.00010361947909864129,0.00012042973286377323,0.00012132546348645452,0.00012168431913768258,0.00016637649715165975,0.00015550621593231212,0.0001803914378054012,0.00018792666108467573,0.00013411623015252807,0.0003762706213947329,-6.268924658153004e-05,0.0005873674231544532,-5.3967330832585746e-05,0.0004896511313808297,-3.515218324160933e-05,0.0005094316720446239,-1.330279246324511e-05,0.0005748550823472722,-3.165736855686394e-05,0.00048821952929658954,-1.2988817622213912e-06,7.048579524710875e-06,6.612408790715387e-05,3.0380269551041607e-05,-0.00034052812879772405,-0.00029433102164116905,-0.00038733088507871574,-0.0003204683723275244,-0.0001957025189759209,-0.00012900822349607886,7.383778997834501e-07,1.2990849168582637e-06,-2.3708609652207377e-07,5.493109944887882e-07,7.936028380468342e-07,1.4769252602164537e-06,-2.2050550790203894e-07,1.6705916080833255e-08,1.2928279041430598e-06,5.569780032471445e-07,5.643141934801386e-07,9.043353204797943e-07,-3.972665585017906e-07,-2.252121697301548e-07,8.229437791100883e-07,1.5619516224561083e-06,1.926216623033852e-06,4.544922925104531e-07,6.744722371889614e-07,-3.157833952448374e-07,1.81605014447228e-06,-5.733439518014211e-07,-4.1213062175339404e-07,-2.9735038700658375e-07,6.323158545470747e-07,1.7271734797263897e-07,-1.7798939400749152e-07,5.650748367868696e-07,-1.617507755052868e-07,4.4518965071377326e-07,1.6031050222633451e-07,5.79914296733606e-07,1.7331323094292866e-06,-5.264587603525384e-07,5.081497986692922e-07,-2.9414041726927626e-07,-9.64586405675168e-08,-3.998288885902622e-08,5.86638482562046e-07,-3.139168936104149e-07,-3.911490562738409e-08,-7.929208092917243e-07,-3.854360289120305e-08,-6.8599676671444e-07,1.7117446381162766e-07,-2.765037892793628e-07,-3.017165885340147e-07,-7.86683117055394e-07,-2.6276058756417265e-08,1.2015908689749526e-07,-6.092339525692251e-07,1.4746756803052307e-07,-3.1416861245253705e-07,7.007533835587618e-07,-1.950722813904146e-07,-2.6530108850036275e-07,-2.845572538611618e-07,-3.014401583336664e-08,-1.1573328192771908e-08,-3.4236433038809836e-07,-6.461178513734479e-07,-2.930930979223456e-07,-6.399322458239047e-07,-1.008425094341903e-08,-5.839253896875567e-07,5.961992518673831e-07,1.1418664947143372e-06
216.66666666666663,-0.0046445050809201536,0.33872481224604717,-0.3749301704364851,0.006958332318323005,0.3560329274606159,-0.3607455079166482,0.008236162966809474,0.35577381290039417,-0.3482727537319987,0.007395047544794065,0.3553767986773652,-0.3524533728636264,-0.013178986202325115,0.36347148102905175,-0.3792372246306267,-0.012617976676636977,0.3620799744380424,-0.3923786809670005,-0.007182633366234181,0.35159957381682944,-0.3718851035392659,0.04083353621014374,0.3464851573053588,-0.238371341347349,-0.08033020993627828,0.3020917347847322,-0.2724226013836114,0.018167736453523625,0.33174591620373567,-0.317174852426029,-0.011073363566990402,0.3014542814186031,-0.3542078171030035,0.11299270808651903,0.21745278899119214,-0.0859507217256285,-0.15454458848717875,0.236649800105892,-0.1064458152083723,0.16102691678744993,0.04834140138017813,-0.0048781265892888,-0.17237716062199498,-0.01859416732744423,-0.1298150496978124,0.20818432485925842,-0.14628750192449402,0.0404679543606748,-0.18475083514551216,-0.20773947356374547,-0.1858228334421209,0.21069140764202554,-0.18787401960582842,0.0559526841513533,-0.17049701057342273,-0.24592289278663373,-0.2310396127896181,0.1853047855804122,-0.20294428489265184,0.0259036681293281,-0.1375978737011948,-0.22926708359881462,-0.2506499278481276,0.20493225934626566,-0.17746993619060558,0.0314034075202892,-0.16912683101318843,-0.21301894637340016,-0.215747371,0.08016461169621941,-0.17499424312892745,0.05037697592703,-0.07843133073364299,-0.18458513590681974,-0.0485601151176418,0.09090120205670843,-0.5182169091657484,0.095992099377931,-0.031500792152574154,-0.45401820506312446,-0.0044575609110907,0.08554560156308791,-0.7849325280591907,0.3094212012594736,-0.058117159130159995,-0.7826546152766729,0.2069473593451242,0.06823623610587082,-0.8165403884843143,0.3347451718984057,-0.06020254395345939,-0.8119601768233002,0.187911578762551,0.09947634952892692,-0.8595427236947883,0.2828051929046348,-0.04653456558199114,-0.8447492380082181,0.0968829489805265,onweer_g_ch1_g19_compr.mp4,ch1g19,3.247820722340885e-05,5.695720301746734e-05,2.0981554075417252e-05,5.072965428809929e-05,3.8008673189567214e-05,5.8019550761877546e-05,2.1241582187994207e-05,1.4801693423708293e-05,3.5401112843447127e-05,8.281767208506917e-06,3.792914140231681e-05,3.174844122929695e-05,1.947888422466266e-05,2.111677860973525e-05,3.3542268524243665e-05,3.5759607368291784e-05,3.606571305956985e-05,3.735359915043228e-05,2.827951449082558e-05,2.095702191029121e-05,6.15906474514812e-05,1.7186184863880132e-05,1.897873164910867e-05,2.3054304145238423e-05,3.499154131022812e-05,2.5411217971231813e-06,2.4999336015189505e-05,3.7512851049514806e-05,3.825090466102709e-05,3.653333550979375e-05,2.4656324231483876e-06,3.222383688763338e-05,5.884289023716833e-05,9.137788885380649e-05,4.4990431239344826e-05,0.0001389635597743516,9.287676747406596e-05,9.045573743336451e-05,9.323081077980033e-05,0.00011190326071763307,0.00011239372550700729,0.0001129692266957834,0.00015340362174455223,0.0001447915882358885,0.00017099887325545873,0.00017990929634318978,0.00012448646218733977,0.0003670125043363888,-7.392600795410681e-05,0.0005810774286687787,-5.933848404391647e-05,0.0005199480589717156,-3.892862480281132e-05,0.0005541875344078439,-1.6262850218792743e-05,0.0006288450269408491,-3.541085038258557e-05,0.0005266577309153044,-1.7428293681219775e-06,7.609829830235079e-06,6.964936879006629e-05,4.462481720086265e-05,-0.00034220368427986114,-0.00029870063318157314,-0.000390227459783799,-0.00032760565081609846,-0.00020414796832194426,-0.00013220442762861288,-1.1635400124377754e-08,1.623239808172772e-06,-6.44854391793854e-07,3.081921179009066e-07,5.251377429005642e-07,1.8767484083430272e-06,-6.507185509794618e-07,-9.066120975862281e-08,2.0743133472186116e-07,4.6903599328074197e-07,-3.1938446602945096e-07,8.953927502686674e-07,-7.707979743196618e-07,-6.418474498125987e-07,-2.1334440327423826e-07,1.2999155580531066e-06,1.8178099092826458e-06,-3.231617210695398e-07,6.656825735189216e-07,-7.423435921457618e-07,2.280546951774566e-06,-8.376112235114769e-07,-7.670236894780238e-07,-7.002478920542938e-07,3.950879250149714e-07,1.4252184382132642e-07,-6.580652685228705e-07,-2.764273080000255e-07,-6.384581004860835e-07,-3.603443990065857e-07,1.320080509437373e-07,-2.2798521434456643e-07,2.112567460960217e-06,-6.789919727509228e-07,5.074881411239951e-07,-2.986420500568066e-07,-1.3809443295021246e-07,-1.7241339693943832e-07,5.914580708895819e-07,-3.224610538630608e-07,-7.400040128191123e-08,-1.055290036864775e-06,-1.198793206822105e-07,-9.399081055337136e-07,8.775671746653389e-08,-2.558780940798758e-07,-3.0829528598016823e-07,-9.951003800610587e-07,-2.2554575261218385e-07,-1.198315423389608e-07,-8.602654393825699e-07,8.985131604007233e-08,-3.086046981670301e-07,7.072695780617956e-07,-1.37881248202069e-07,-2.401461418953513e-07,-2.993863638449868e-07,-1.3873612089303948e-07,-3.5042532852783554e-08,-3.7825480883842176e-07,-9.011144639705309e-07,-3.5060407821196745e-07,-8.758721855379168e-07,-3.2866108914158183e-08,-7.19353044402562e-07,5.721117692631502e-07,1.4418204913816038e-06
233.3333333333333,-0.004399701758274636,0.3388802642027909,-0.3740951199454951,0.00726895657514927,0.3561548953313985,-0.3598965911277716,0.008546198980111545,0.35589471311399223,-0.3474314627328885,0.007702865498388317,0.3555006813927541,-0.3516089508878755,-0.012901425874351117,0.3636032290253368,-0.3783783316546534,-0.012333085915033553,0.3622131042304151,-0.391511224366778,-0.0068777071745852745,0.35173210221275053,-0.3710272645797554,0.041249533790812254,0.34667841815177314,-0.2375820365380053,-0.07990771223414878,0.3022585954660906,-0.2716216634167593,0.01848746390471201,0.3319336424034941,-0.3163550736086764,-0.010729907948991441,0.30164349831267456,-0.3533808411010012,0.11343424314962616,0.2175929250868413,-0.0853101251285428,-0.15406005938980288,0.23702051785256859,-0.105882013485013,0.16147768139142862,0.04831728265644775,-0.0043916675799851,-0.17185144875397657,-0.01802200999046551,-0.1298806256103819,0.20873707590535823,-0.1463236880009144,0.0410397112557805,-0.1839961431715738,-0.20727026471434443,-0.1865318643695958,0.2112529086707622,-0.18789909296771184,0.05656436721934,-0.16972330152975437,-0.24544684453275717,-0.2318705578187616,0.1858466396697967,-0.20295193672021394,0.0264881178084427,-0.13680389745916063,-0.22873463738549188,-0.2514263619715982,0.20548784505653186,-0.17748990364927097,0.031979486586763,-0.1683516830916422,-0.2125554322876595,-0.202319711,0.0801969957089712,-0.17499622876294688,0.05032985512901,-0.07846326368174338,-0.1845777887247179,-0.0485133625725472,0.09067013779907297,-0.5181599678985064,0.0958616603193103,-0.0316052022371782,-0.4540017914872989,-0.0047189214714302,0.08511527855440865,-0.7852498417177156,0.3085154843753801,-0.05846312087358448,-0.782922997934028,0.2062069766705969,0.06778502203918688,-0.8168979374693129,0.3337536102550242,-0.060591145925716634,-0.8122501144583791,0.1871089130319614,0.09900802934016485,-0.8597266103492005,0.2817137255237673,-0.047023031122717815,-0.8448867278558521,0.0960030496846199,onweer_g_ch1_g19_compr.mp4,ch1g19,3.1737865897907404e-05,5.825609996512768e-05,1.9970402659837365e-05,5.0065989775560234e-05,3.788064367714916e-05,5.9703743355467595e-05,2.0186831568197246e-05,1.4523690091664214e-05,3.461040613564801e-05,8.486429025707485e-06,3.6844073515193114e-05,3.23001770599942e-05,1.831756356593098e-05,2.0098363359834547e-05,3.237391960173438e-05,3.6491874497465775e-05,3.732439849268176e-05,3.642518650369715e-05,2.8629791819312093e-05,1.978009525370871e-05,6.409514544576499e-05,1.6055466661799025e-05,1.7813871961909724e-05,2.2006856012041363e-05,3.4778878475226676e-05,2.6440908400356224e-06,2.386183063656039e-05,3.65881755437455e-05,3.6934659413124686e-05,3.5360562634176127e-05,2.5634681523799648e-06,3.1106412070135924e-05,6.0914876542170966e-05,9.103373976363351e-05,4.504703505905505e-05,0.00013224879998026374,8.619566272854713e-05,8.383982454416735e-05,8.66298234047538e-05,0.00010538535050388866,0.00010552974058815466,0.00010633808912211934,0.00014211836485278028,0.0001350330117540589,0.00016215170407727145,0.00017190645871853965,0.00011176239727045521,0.00035562380878252376,-8.199012398124993e-05,0.0005817283613863958,-6.805639777350252e-05,0.0005713754431164149,-4.905298207270745e-05,0.000621116528744991,-2.606511912578732e-05,0.0007068866865113732,-4.346811697342411e-05,0.0005881380649738621,-2.5656278844087196e-06,8.56257141702752e-06,7.297735722804118e-05,5.853885690996295e-05,-0.00034231794343218797,-0.00030394817583456236,-0.00039043511822677143,-0.00033540694367326747,-0.00021421366694157043,-0.00014513367530083864,-1.0123712990233574e-06,1.8511844642909394e-06,-1.0895061904778267e-06,-1.2838305396448476e-07,3.932595486132447e-08,2.1759144174572537e-06,-1.1241727024202383e-06,-2.4778968409253273e-07,-1.2653944160752416e-06,2.8806273961140133e-07,-1.5840044139584375e-06,7.449580458133558e-07,-1.1470702346654007e-06,-1.0977942888603908e-06,-1.563269200362611e-06,7.588755472896398e-07,1.386486824090814e-06,-1.484476589840886e-06,5.493678234927196e-07,-1.1912073926841282e-06,2.6480018511509785e-06,-1.0598842684747665e-06,-1.1192373933732366e-06,-1.1622195732470111e-06,-2.7029841825282458e-08,7.905404547867875e-08,-1.220638163992863e-06,-1.4991467026280722e-06,-1.2732414699777017e-06,-1.5291263601630363e-06,7.117933948328159e-08,-1.252900899363095e-06,2.374268438178604e-06,-7.294877531237959e-07,4.4160044895580465e-07,-2.453609293046422e-07,-1.7213473645225645e-07,-3.164962402688948e-07,5.262851524159119e-07,-2.7019256483064534e-07,-1.0430588557248737e-07,-1.176032659053449e-06,-1.8776880762937913e-07,-1.0781472501993896e-06,-2.236564625240476e-08,-1.8386344355589438e-07,-2.55540433563655e-07,-1.0613763937325977e-06,-4.1464493493684186e-07,-3.709695007036084e-07,-1.0143734207006247e-06,8.53259957735903e-09,-2.4450016843585496e-07,6.375241600514195e-07,-4.5561699745751505e-08,-1.6532308946211405e-07,-2.671315115634646e-07,-2.6028322323051323e-07,-5.626050822037955e-08,-3.586916818797889e-07,-1.052701298803953e-06,-3.851394402364558e-07,-1.000294431861605e-06,-5.440505739098946e-08,-7.505060545484474e-07,4.803819443267292e-07,1.568228681566499e-06
249.99999999999991,-0.004089295060411619,0.33903312577795397,-0.3736225676999999,0.0077307557384573315,0.3562150256834881,-0.3594201644333333,0.009004038579404707,0.35594871452500354,-0.3469743987666667,0.00815494896933299,0.35555675671630493,-0.3511233243,-0.01251152003377906,0.363709696680637,-0.3777772228,-0.01193223562033301,0.3623196511376708,-0.3908953154666667,-0.0064348589504288215,0.3518443967663617,-0.3704249342999999,0.04214542443048827,0.34675164409376674,-0.2371802211333332,-0.07902711111322833,0.30239284368368596,-0.2707682398666666,0.018936103599473737,0.3321193358540883,-0.3158802439666666,-0.010224716141088162,0.30185923689606875,-0.3527794057666666,0.11454487484621277,0.21770762780644173,-0.0849157402433333,-0.15334004279221725,0.23747236359186422,-0.1050672344366666,0.16251498214263266,0.048080747608035726,-0.0042623266873333,-0.17084460307414454,-0.01722091302437966,-0.1294244846333333,0.2096681282110917,-0.1464723342411976,0.04104393193,-0.18292315320559682,-0.20648854228338379,-0.1870087531333333,0.21213968097642763,-0.18798492302934017,0.0564845075933333,-0.16865676977020783,-0.24458764255726387,-0.2325028933666666,0.18671723436674498,-0.20299644223260185,0.0263811395446666,-0.13577647544173072,-0.22775025677011945,-0.2520049185333333,0.20643456703722188,-0.17758687490893543,0.0320076235433333,-0.1672669598759168,-0.21175493608097432,-0.190430924,0.0802696537742944,-0.17499615501615878,0.0501885743133333,-0.0785395873763531,-0.18456903655312967,-0.0483674193433333,0.0903662945376911,-0.5180410866659958,0.0955783558533333,-0.0318571161073234,-0.4539041009452673,-0.0045120785215999,0.08446019048671001,-0.7857424004570974,0.3073848734333333,-0.058941668488648916,-0.7833592105139539,0.2058160255333333,0.06708780712455796,-0.8174762271641585,0.3325364739999998,-0.06114818102049503,-0.8127346518449369,0.1866659845666666,0.09812833802705943,-0.8600112313126065,0.2801203816,-0.04796255562819948,-0.8450155591042967,0.0952533431433333,onweer_g_ch1_g19_compr.mp4,ch1g19,3.0101428069783923e-05,5.999796107724577e-05,1.8474855335054628e-05,4.884746872015685e-05,3.7386850190390803e-05,6.183902877475271e-05,1.8605890438396546e-05,1.423539658421445e-05,3.248980135395355e-05,8.545262129135716e-06,3.4558797202760847e-05,3.305534338996368e-05,1.6733457530348627e-05,1.8576324659278583e-05,2.998684101655992e-05,3.6944739625009714e-05,3.840147421209315e-05,3.440177466298769e-05,2.9211671171345533e-05,1.808514721928753e-05,6.688740490587052e-05,1.4681035819542494e-05,1.6253208879355288e-05,2.0448255262184025e-05,3.425926208583852e-05,2.673107650810105e-06,2.2050707618183403e-05,3.450593414980589e-05,3.49314037861063e-05,3.311887152258303e-05,2.5865153101525756e-06,2.8864561524699463e-05,6.331820050967832e-05,8.986490226721765e-05,4.5022425204435535e-05,0.0001275625264256206,8.417825361900635e-05,8.23070810850375e-05,8.521931068786915e-05,0.00010216979174976119,0.00010205080692187176,0.00010280978404773777,0.00013720466208142935,0.00012906001112487003,0.00015497574173610503,0.00016435893668893944,0.00010045568488335004,0.00034426484297733783,-7.862290398520568e-05,0.0005917233694573368,-7.087025827816324e-05,0.0006434952875692055,-5.5818087550997166e-05,0.0007048886339086693,-3.499337650724332e-05,0.0007984542068107925,-4.729544344263584e-05,0.0006698705171851679,-3.869260259736092e-06,9.982686415382916e-06,7.353047872759471e-05,7.235636024990568e-05,-0.000340427742303913,-0.00030786555569828935,-0.0003871831072732424,-0.0003418068342709524,-0.00022784543207066179,-0.00017013627196090138,-2.2896494277904574e-06,1.6738669785712187e-06,-1.5417814839619623e-06,-9.627822288195393e-07,-7.83644555799849e-07,2.0638154600313824e-06,-1.6116534890900185e-06,-4.811027773311077e-07,-3.201888646056015e-06,-6.372132453282853e-08,-3.2463383784126438e-06,3.4737900706148303e-07,-1.5064367177021795e-06,-1.56467761179076e-06,-3.3130361140536377e-06,-2.1520789232531103e-07,4.582278393023197e-07,-3.042936784853726e-06,2.4001220730233624e-07,-1.6432768133897652e-06,2.583908614672257e-06,-1.2217108560792417e-06,-1.4519183594293464e-06,-1.6490195756993707e-06,-7.374189174935667e-07,-3.024082342163559e-08,-1.8509191832734658e-06,-3.1293608914136546e-06,-2.078313917394146e-06,-3.05938159096505e-06,-3.373042940260662e-08,-2.547396734966782e-06,2.1801602894741925e-06,-6.471479521561931e-07,3.703482586516795e-07,-1.246922010604384e-07,-1.5726090639103675e-07,-4.4024707612229655e-07,4.5569788034751625e-07,-1.4731210730055612e-07,-1.1572947585091023e-07,-1.1164865892067779e-06,-2.2409939992091054e-07,-1.043957555651039e-06,-1.276094004079687e-07,-5.5980409886000324e-08,-1.3348684519743237e-07,-9.60585137696406e-07,-5.447612312329434e-07,-5.845854549392776e-07,-1.0041780028730897e-06,-7.11411688536181e-08,-1.1459019273076294e-07,5.727720606842685e-07,8.128854137620335e-08,-3.7497036321301136e-08,-1.7316861127364688e-07,-3.6639183874282623e-07,-7.025382769818668e-08,-2.667936264735916e-07,-1.04032798161067e-06,-3.664809324144711e-07,-9.573533851512453e-07,-6.949080382008634e-08,-6.512392467401497e-07,3.985672819948864e-07,1.4720376834342984e-06
266.66666666666663,-0.003887998316371598,0.3391168977100353,-0.3731890034999999,0.008032450299005468,0.3562518063427044,-0.3590032547666666,0.009302401146292083,0.35598276918868277,-0.3465613763333333,0.00844975140039817,0.35559315403195224,-0.3507022075333333,-0.012260794339663301,0.3637726095316599,-0.3773305207666667,-0.011674463090406317,0.36238087045678435,-0.3904440497000001,-0.006146623628896324,0.3519059312841582,-0.3699798346333333,0.04263377573040929,0.3468377723125102,-0.2368450681666666,-0.07853604145262709,0.3024860714619161,-0.2703002738666666,0.019223676053917095,0.33222614255850824,-0.3154606858666666,-0.009898901682068334,0.3019826500862044,-0.3523361181,0.11506097991753944,0.21777814961712597,-0.0847567421233333,-0.15290322175196516,0.2377661693253623,-0.1045510974533333,0.1629418404805607,0.048001141375133526,-0.0042412782383333,-0.1702416561207465,-0.016701223915068907,-0.1291523566666666,0.21019516862150509,-0.14653172777758613,0.0411067847799999,-0.18222914524695835,-0.2058690108341446,-0.1870660982666666,0.21266324825580252,-0.18803444193409571,0.0565116279533333,-0.16796540093952722,-0.24388964948911157,-0.2325690286999999,0.187238595712688,-0.2030275929408309,0.0264212041746666,-0.13513046823783667,-0.2269556613598173,-0.2520616919666666,0.2069762230965083,-0.17762471909258465,0.0320748176,-0.16657065311357172,-0.21109511998476704,-0.188541323,0.0803116170464779,-0.17500053264136053,0.0501044568866666,-0.07858284976047449,-0.18455937675511064,-0.0482831098166666,0.09018127634096315,-0.5179596028756903,0.0953711321233333,-0.03193906033010029,-0.45379230565786655,-0.0041848382196,0.08401069137908462,-0.7860242355866229,0.3067182789333333,-0.059280735097976975,-0.7836340364102683,0.2057764048333333,0.06660485025271974,-0.8177949707531464,0.3318253001666665,-0.06154280111612237,-0.8130454627288854,0.1865955502666666,0.0974869051915718,-0.8602238758006381,0.2791948506,-0.04853930840195524,-0.8451403676638802,0.0949682769766666,onweer_g_ch1_g19_compr.mp4,ch1g19,2.708111550794e-05,6.155329332210272e-05,1.642422360526963e-05,4.7411169363185054e-05,3.628855628693881e-05,6.384853042281112e-05,1.6470127003978396e-05,1.360956285802398e-05,2.836538360941713e-05,8.410190108000621e-06,3.0198741226568203e-05,3.333953340526342e-05,1.4750603424846684e-05,1.6488023144051442e-05,2.560565055211926e-05,3.660861047868802e-05,3.867327086203816e-05,3.0319378564219196e-05,2.942282547641221e-05,1.5917871731716363e-05,6.945480372789605e-05,1.3093440856599158e-05,1.4333723194554495e-05,1.826985913540064e-05,3.323844933095376e-05,2.6170174177538543e-06,1.9598141282745835e-05,3.0313669031262298e-05,3.230256552254769e-05,2.8984987385147943e-05,2.5334436604752365e-06,2.5517014066322447e-05,6.533422713642022e-05,8.72421616508646e-05,4.4390282415657056e-05,0.00012219062077077741,8.29421230260929e-05,8.178857861507401e-05,8.47604694997811e-05,9.880406574511151e-05,9.840438856092188e-05,9.899944578672883e-05,0.0001326953626865788,0.0001244276296088579,0.00014603165659124792,0.00015498050562928818,8.640967931659414e-05,0.0003328210562370969,-7.0926402926819e-05,0.0006081675090243054,-7.15740156265653e-05,0.0007233073496003753,-6.127935264635161e-05,0.0007901602577460553,-4.247705160459058e-05,0.0008911932035932185,-4.972511041833634e-05,0.0007592159183234002,-5.627983297612031e-06,1.1845959546887679e-05,7.242588450264077e-05,8.630251477416798e-05,-0.0003362389047046786,-0.000308958596885154,-0.00037992158807287736,-0.0003447097470175477,-0.00024376508999345803,-0.00020077200285570842,-3.1066938025873517e-06,1.8248284210020508e-06,-1.7297600458415733e-06,-1.3114481211780849e-06,-1.3576101076268616e-06,2.287651090325882e-06,-1.8285490361745762e-06,-6.374830413499544e-07,-4.545752932993364e-06,-3.60916950600076e-07,-4.5327017912144925e-06,1.1756384104425478e-07,-1.6094123292801415e-06,-1.7638034994069536e-06,-4.442784284139853e-06,-9.603371610701002e-07,-3.799937587639698e-07,-4.2779154772306685e-06,8.968881981237501e-08,-1.8211012731515574e-06,2.9201911242857453e-06,-1.1583984160442881e-06,-1.535024984420031e-06,-1.8820046408716728e-06,-1.218293589473177e-06,-1.2234932108809228e-07,-2.210994332131715e-06,-4.400077327017195e-06,-2.5650762444957976e-06,-4.2557655486764455e-06,-1.2439785290885872e-07,-3.381309608252876e-06,2.324299674610601e-06,-4.044101653245995e-07,3.587917137119458e-07,6.373927083666264e-08,-6.760289178477343e-08,-4.992028725071624e-07,4.447588208499796e-07,4.5861738413509646e-08,-8.943344800411911e-08,-8.436509167479624e-07,-2.1385355166545118e-07,-7.792683100067419e-07,-1.7965561482296893e-07,1.2268715163736456e-07,5.800652816962827e-08,-6.686369072725212e-07,-5.592304363798232e-07,-6.923659096443277e-07,-7.598096993069087e-07,-1.0720122980489895e-07,7.643405680007085e-08,5.770816659264332e-07,2.344284372676572e-07,1.3765453832071538e-07,-1.055568100597354e-08,-4.1778138133533733e-07,-7.213606170554352e-08,-9.834720705314719e-08,-8.009913067964823e-07,-2.684726548907569e-07,-6.895834230416764e-07,-7.344700887496116e-08,-4.1154658461849885e-07,3.946304616617121e-07,1.1054248197577785e-06
283.3333333333333,-0.003732744600815809,0.3392137936783237,-0.3727224997999999,0.008260014575341082,0.35631069149937644,-0.3585447053333333,0.00953068018359116,0.3560410410127948,-0.3461074571333333,0.008675842020416873,0.35565397468633114,-0.3502413980666666,-0.012074353529824965,0.3638472237800538,-0.3768491332666667,-0.011480185833038956,0.36245422562550267,-0.3899569456333334,-0.005933723837935279,0.3519795198719791,-0.3694986641999999,0.04298234716216457,0.3469491348341489,-0.2364471276999999,-0.0782190859665872,0.30258595239917657,-0.2697803793,0.01946108626299847,0.3323434818497302,-0.3150077283333333,-0.009645890934134614,0.30211266807079523,-0.3518629804333333,0.11542862189292454,0.21784207961061103,-0.0845731046033333,-0.1525585602388164,0.2380602944880143,-0.10393631082,0.16323897490880943,0.047922636608273304,-0.004234961512,-0.1698668382087206,-0.016148692372145293,-0.1287254198,0.2105966959559717,-0.14659237559721075,0.0411180850766666,-0.18159711266122536,-0.2051136818898821,-0.1869884706666666,0.2130818310204406,-0.18809481724506447,0.0564561786199999,-0.1673026717980738,-0.24304687391207147,-0.2324931782999999,0.187650571739141,-0.20307080069756472,0.0263811269446666,-0.13450018966831623,-0.22600124830624135,-0.2520126045666666,0.20738265637684758,-0.17766645680205073,0.032106267,-0.16592628107251917,-0.21028523646362265,-0.188799948,0.0803543159118369,-0.1750075151745821,0.0500295945699999,-0.07862557780465045,-0.18454690384500605,-0.0482100485533333,0.09000035352612396,-0.5178964208180659,0.0949649155299999,-0.03201138185180212,-0.453695670292316,-0.0042891418289666,0.08364057682481625,-0.7863164534070682,0.3056655715,-0.05963623527537201,-0.7839242557332881,0.2051484972666667,0.06620911866940725,-0.8181220985070441,0.3307023595999999,-0.06194863230323454,-0.8133715222316565,0.1859017755333333,0.0969595870850304,-0.8604610129156579,0.2778557895333333,-0.049040183365628896,-0.8453710083759753,0.0941022604666666,onweer_g_ch1_g19_compr.mp4,ch1g19,2.3591562258268564e-05,6.36193597959049e-05,1.4467230509601164e-05,4.618218972273886e-05,3.463828909495832e-05,6.640995000143432e-05,1.4417336579499792e-05,1.284327792473642e-05,2.311350322517271e-05,8.387161738640333e-06,2.5046432945194473e-05,3.327531986474683e-05,1.2976865227326169e-05,1.4494333985161212e-05,2.0447689743733512e-05,3.531937585734936e-05,3.7956286653713604e-05,2.5547975312673175e-05,2.9403884510275078e-05,1.3910543412689427e-05,7.26495967160789e-05,1.1842037459476237e-05,1.2668552519863322e-05,1.6123456894865516e-05,3.177496210723635e-05,2.4718343679703606e-06,1.711494259425564e-05,2.5284230593181333e-05,2.9445852643236055e-05,2.4231873358686422e-05,2.3891806394802415e-06,2.1780867555601565e-05,6.791856792165787e-05,8.507419068655898e-05,4.329245478382926e-05,0.00012236318736879667,8.86284329019483e-05,8.883782828183504e-05,9.168192634414736e-05,0.00010129924326941411,0.00010059079081030665,0.00010095304415378665,0.00013602226443435518,0.00012604267278719063,0.00014262698793620723,0.0001498901486643401,7.316211670539822e-05,0.00032506317106879054,-5.7559731055720486e-05,0.0006340691096878776,-6.8740975690491e-05,0.0008184341286790452,-6.448345638501063e-05,0.0008891489617348443,-4.8400971160360197e-05,0.0009955937284863569,-4.942913179671636e-05,0.0008634087408058542,-7.601882859854077e-06,1.3869425721369988e-05,7.01497205418299e-05,9.867039882727603e-05,-0.0003303774439645045,-0.00030593737349634686,-0.00036938061044992964,-0.0003426398927804874,-0.00025736735053929615,-0.00023559816920282648,-3.3844297966230984e-06,2.2278856830644835e-06,-1.5861056748283406e-06,-1.2035906144035602e-06,-1.7542268958170983e-06,2.786314584016526e-06,-1.7010838504811924e-06,-7.19075076070663e-07,-5.239726655008122e-06,-5.976432673559651e-07,-5.245267132313179e-06,-1.8234498336765615e-08,-1.4029096233060504e-06,-1.6256497497738295e-06,-4.944257112457416e-06,-1.480826721280744e-06,-1.057880499937303e-06,-4.98441315356143e-06,2.7128747896214052e-08,-1.6555699885313716e-06,3.5958692596892304e-06,-8.500352868427479e-07,-1.3157779946194976e-06,-1.8277676613099738e-06,-1.536087691633607e-06,-1.9529955010631478e-07,-2.2398287532462314e-06,-5.13678819136001e-06,-2.7333314154407844e-06,-4.898368681630026e-06,-1.9889814961348995e-07,-3.652158723787016e-06,2.756390980888424e-06,-2.5628698635352486e-08,4.4854994812869935e-07,2.9407691139466056e-07,1.2106045876489555e-07,-4.583630284871403e-07,5.348422014033519e-07,2.8334537636225435e-07,-2.376960541601869e-08,-3.806236693079973e-07,-1.5194005763638932e-07,-2.9402282960858907e-07,-1.506742152325238e-07,3.2589895747080797e-07,2.926483009822929e-07,-2.1630639436524516e-07,-4.2658866184180614e-07,-6.486053050588201e-07,-2.834207357515881e-07,-7.524044262282796e-08,3.0122050709645035e-07,6.851438675149233e-07,3.894174908654641e-07,3.3385666638218834e-07,2.0122969646244255e-07,-3.8413616584344805e-07,-5.99510772018998e-08,1.2707550483381399e-07,-3.3879499412519813e-07,-8.729918602873207e-08,-2.0866678812694932e-07,-6.361371833722105e-08,-5.908720054723062e-08,5.036463561521828e-07,6.143477801133588e-07
300.0,-0.0036184266254588376,0.3393341282002687,-0.3719444048666666,0.008435239325749484,0.35641676047251797,-0.3577666124,0.009709189879962063,0.35614907781244637,-0.3453356375666667,0.008853959440350227,0.35576618953356387,-0.3494682900666666,-0.01193552715839861,0.3639562146652803,-0.3760821069333333,-0.011331017723368095,0.3625612299615261,-0.3891785338333334,-0.005771396286158244,0.3520853588275456,-0.3687305083666666,0.04320698842020417,0.3471237799156855,-0.2357460702666666,-0.07799922028730753,0.3027184414934194,-0.2690991925666667,0.01965482428107751,0.33248861453586526,-0.3142526924666666,-0.009440527155506535,0.30225325711660794,-0.3511196995666666,0.11563704860124732,0.21790375127570782,-0.0840702952166666,-0.15225302332314394,0.2383560297165237,-0.10330894686,0.16343442327492053,0.04787053664134875,-0.003992730172,-0.16964262704095587,-0.015579377549831104,-0.1284006400333333,0.21090739950600756,-0.1466952744096484,0.0411586264166666,-0.18102067018109272,-0.2042935339483557,-0.1869664954333333,0.21340725715308242,-0.18821044988048394,0.0564381140666666,-0.166688227081604,-0.24213360994792738,-0.2324752393,0.18796215785692258,-0.20316577358229224,0.0263645017213333,-0.13388695758209246,-0.22497966083084078,-0.2520038913333333,0.20769204762330773,-0.17774733366209958,0.0321448330666666,-0.1653350546679493,-0.20940687583568282,-0.189052284,0.08038102865862738,-0.17501687684215428,0.0499960221299999,-0.07864979838376145,-0.18453136825560496,-0.04818067737,0.08981655779262898,-0.5178464897393664,0.0943145652733333,-0.03204955245803141,-0.4536026461483851,-0.0049386211409666,0.0832762586562727,-0.7866967996587387,0.3038334787,-0.060014201712672216,-0.7842644257438128,0.203747953,0.06581415697181203,-0.818539992105069,0.3287287117333332,-0.06237901872259076,-0.8137533132463837,0.1844029849333333,0.09642955084362446,-0.8607514179506434,0.2755236996666666,-0.04949783472545265,-0.845678931420282,0.0923244297566666,onweer_g_ch1_g19_compr.mp4,ch1g19,2.0093260517329337e-05,6.659568532497847e-05,1.299675906672469e-05,4.5741773215627316e-05,3.262582911934922e-05,6.995901248831295e-05,1.2846122047576549e-05,1.2060897273069665e-05,1.7443872658253035e-05,7.73499009843922e-06,1.9987561911108298e-05,3.303597369920142e-05,1.1785644130791651e-05,1.2994666065901614e-05,1.5293784543541e-05,3.347088938342731e-05,3.658489356685428e-05,2.0859545006713243e-05,2.923912142151943e-05,1.244076741763374e-05,7.667273935191117e-05,1.1248369549686159e-05,1.1611362475111876e-05,1.4395887536266066e-05,3.0037560518389523e-05,2.2566468333742955e-06,1.4997963083898485e-05,2.025809872244009e-05,2.6869204960009993e-05,1.9737857712593072e-05,2.1660785768619684e-06,1.8152873822412705e-05,7.129654336858648e-05,8.468521435484364e-05,4.1918745966432126e-05,0.00013137043831257817,0.00010415651590760106,0.00010635299995577369,0.00010890645658161146,0.00011330383771940023,0.00011226049625391016,0.00011211267578449335,0.00015026256641518094,0.0001372109640253724,0.00014804513669645417,0.00015237517178792775,6.385228665679407e-05,0.00032660576614674484,-3.6963779757448225e-05,0.0006751398526403986,-6.232043858668724e-05,0.0009303931944884874,-6.603378275575486e-05,0.0010014159599500835,-5.413821702286545e-05,0.001112412394419011,-4.6243759005579833e-05,0.0009846513733170236,-9.830879499070278e-06,1.602824918797317e-05,6.595852157712133e-05,0.00010724818943019588,-0.00032331625234640764,-0.00029961513922802016,-0.000356419818937964,-0.0003364719669879688,-0.00027133504390309404,-0.0002732733773905633,-2.9998820125146062e-06,3.16937233215212e-06,-1.1016385760401086e-06,-5.736440503827621e-07,-1.961322942818932e-06,3.831018106995391e-06,-1.2163571485772113e-06,-7.014795069677039e-07,-5.071976008643658e-06,-6.800372074329483e-07,-5.1579510169488156e-06,-2.2807272737876087e-08,-8.941022761350171e-07,-1.1381774566876384e-06,-4.664072353666327e-06,-1.6413035052286483e-06,-1.5117145311188884e-06,-4.9235032856370665e-06,8.548518442240666e-08,-1.1489599714368755e-06,4.8333838164514905e-06,-3.154500603819918e-07,-8.031349386858924e-07,-1.4365913509872312e-06,-1.689342735308923e-06,-2.2972743054291368e-07,-1.8883636345385529e-06,-5.105870868060175e-06,-2.5126618915330764e-06,-4.775299231340464e-06,-2.3807261391755325e-07,-3.287841283530513e-06,3.7736716776530667e-06,4.487737900413249e-07,7.085825649493972e-07,5.372547844044669e-07,4.2576775392424406e-07,-2.8469610531004647e-07,7.97425010127726e-07,5.349233675664175e-07,7.851509582085403e-08,2.2001618729197315e-07,-2.227381728903063e-08,3.635152046987624e-07,-1.626617315881451e-08,5.289972039087035e-07,5.407240488395229e-07,3.3958501782709767e-07,-1.3405326868451754e-07,-4.288774382791439e-07,3.8870731117797505e-07,4.532234878253698e-08,5.336257808606463e-07,9.818498323501945e-07,5.245105479252218e-07,5.276321185714405e-07,4.392993451289921e-07,-2.342356754602432e-07,-3.321184034559843e-08,3.860741302433563e-07,3.03233977999996e-07,1.7174192421499358e-07,4.390656257616585e-07,-3.901257994361452e-08,3.720888498827509e-07,8.014640567879657e-07,9.43735270813958e-07
316.6666666666667,-0.003589230615272888,0.33949756942213943,-0.3712417048333332,0.008505261643279072,0.3565694475795379,-0.3570456286333333,0.009785104354222529,0.35630660189150903,-0.3446132918666666,0.008927693148194344,0.35592600524168305,-0.3487499726333333,-0.011903526114040261,0.36410158754498845,-0.3753865793333333,-0.011291394001759946,0.3627072877487922,-0.3884800389333333,-0.00572835339488594,0.3522315137441418,-0.368035401,0.04336819611339429,0.3473174610882381,-0.2350357214999999,-0.07790770756207924,0.30286353836347124,-0.2683910258,0.019776130725178566,0.33266155545214615,-0.3135596086333333,-0.009340818518474571,0.3024175825641116,-0.3504568244,0.11579565882518635,0.2179739845568279,-0.08356141855,-0.15202703001225062,0.23867133850597136,-0.1026203735933333,0.16357788566815307,0.04791265261067239,-0.0035752333206333,-0.16954316183323592,-0.014930861104876325,-0.1277979580666666,0.21117866923399548,-0.14671199101338409,0.0412962557766666,-0.18051776475135226,-0.20331294145089754,-0.1867120934,0.21369557976724218,-0.18823743751757116,0.0564793869299999,-0.1661243451274913,-0.2410733167259927,-0.2322703404,0.1882236199236362,-0.20319229955664114,0.0264007823879999,-0.13329639993497097,-0.22379131860562948,-0.2517924642333333,0.2079537682346923,-0.17776037343503967,0.0322725200633333,-0.16479675117127437,-0.20836032411579974,-0.192711666,0.08040880540320627,-0.17502859753133107,0.0499792800566666,-0.07867613396118402,-0.18451355344814935,-0.0481650711333333,0.08961300464420736,-0.5177859928017811,0.0942089311899999,-0.03209065341442052,-0.4534970184591163,-0.0049986931209666,0.08291210467002663,-0.7869824988948704,0.3031380444666666,-0.060393696936474145,-0.7845277155169725,0.203317377,0.06542152558635808,-0.8188532904774531,0.3279947222333332,-0.06280807231201097,-0.8140506593696941,0.1839396616333333,0.0959231184300916,-0.8610310658694302,0.2746486513333332,-0.04990224353098706,-0.8459884525822235,0.0917257544066666,onweer_g_ch1_g19_compr.mp4,ch1g19,1.7056860449150577e-05,7.067754231159568e-05,1.230199599438659e-05,4.6387547769851e-05,3.057283691547554e-05,7.466601921645742e-05,1.2044724450993657e-05,1.1395772581015318e-05,1.2054097989542042e-05,6.9214923299401305e-06,1.5002321992685036e-05,3.289751781730367e-05,1.1381143097987329e-05,1.2267974517881676e-05,1.0615498944401194e-05,3.1460511489243836e-05,3.470810550012731e-05,1.609758995674179e-05,2.9241524309607297e-05,1.1770915565182008e-05,8.216547471814271e-05,1.1435312233660306e-05,1.1316985735154577e-05,1.3287998965737773e-05,2.8292976694075595e-05,1.978888249480027e-06,1.3478575322382883e-05,1.5294414174769394e-05,2.471336591916775e-05,1.5192981434643103e-05,1.8777500193920535e-06,1.5063911047380192e-05,7.577952537337094e-05,8.656631849683558e-05,4.068856441508916e-05,0.00014979283549011456,0.00013021075625713552,0.00013486246972590314,0.00013700011488461018,0.00013400777933178802,0.00013322106784447753,0.0001327758148417224,0.00017568572057789685,0.00015526158513330364,0.00016302020339442836,0.000162457683990306,6.024281159148763e-05,0.0003344640499999806,-1.4879386552766293e-05,0.0007242137224748109,-5.5177372502433315e-05,0.0010569715849121108,-6.750464694318135e-05,0.0011275530811345855,-5.881868042087143e-05,0.0012478876872208864,-4.2496384256712476e-05,0.001120504931976218,-1.1798824280325278e-05,1.7819799928487558e-05,6.173381248160664e-05,0.00011030488570049494,-0.00031932215707601325,-0.00029514335752275613,-0.00034662160335981125,-0.0003310714477478358,-0.00028569596855850416,-0.00031027189890405805,-1.9359378928700326e-06,4.521093431223071e-06,-2.127581547444815e-07,5.948653519146982e-07,-1.8615248894761702e-06,5.2717115729901755e-06,-3.153463405263349e-07,-5.138572963084184e-07,-4.0646796154296436e-06,-5.592403203014507e-07,-4.131828875903232e-06,2.568382780199657e-07,-3.057581793876284e-08,-2.4099733495674184e-07,-3.602818589255029e-06,-1.3313605441725763e-06,-1.5834198419672015e-06,-3.923433909789944e-06,3.983260168917332e-07,-2.408569505205609e-07,6.481531360715928e-06,4.6725462262759444e-07,5.1581787722386616e-08,-6.574102366627154e-07,-1.5802855299746576e-06,-2.205672295848956e-07,-1.088262380965589e-06,-4.167479279987009e-06,-1.8316293104566668e-06,-3.713553789791041e-06,-2.3649723120453053e-07,-2.2335574880751844e-06,5.233591758933597e-06,9.674043512463312e-07,1.1441558511443582e-06,7.693949362789666e-07,8.564602934977831e-07,2.926748459108789e-08,1.24348305170225e-06,7.754753682346709e-07,2.0942995794343455e-07,8.882833296404254e-07,1.5749968183569148e-07,1.1448574418144234e-06,2.247431595971215e-07,7.156296810162393e-07,7.778097865253318e-07,9.360661814211681e-07,2.994814607136056e-07,-3.7178580461272124e-08,1.2130884226371388e-06,2.553242475294733e-07,7.534181191791438e-07,1.4708805759831636e-06,6.307182057681199e-07,7.049841192027513e-07,6.839078386856644e-07,4.0395315759834264e-08,6.070638282466992e-09,6.587138689904116e-07,1.0782625713143695e-06,5.065639675415153e-07,1.2115821483539164e-06,-1.2876761180747112e-09,8.392040405039426e-07,1.286640441393027e-06,2.020269020389132e-06
333.33333333333337,-0.0036269389067568364,0.33967189593204994,-0.3703264670999999,0.008506656712306436,0.35673778877317003,-0.3561139822,0.009794170486513064,0.356481597473295,-0.3436874857,0.008935275030553823,0.35610323834251284,-0.3478214127333333,-0.011935806358058906,0.3642638105912658,-0.3744504536333334,-0.011317311680096321,0.36287048360333773,-0.3875328664666666,-0.005753892197373814,0.3523935442468146,-0.3671004445333333,0.043478701550158975,0.34753507149192875,-0.2341242820333333,-0.07787037062449469,0.30304471120487053,-0.2673880807333334,0.019833773415349455,0.33284705174927953,-0.3126710642999999,-0.009314002373824654,0.30259271152007494,-0.3495558575,0.11588645319640914,0.21804802208910445,-0.0828973669266666,-0.1518551360518196,0.2390176878627609,-0.1016921069966666,0.16369329503559976,0.04793946630850931,-0.0030675322139666,-0.16956835568939702,-0.014139916731215398,-0.1270393488666666,0.21138865704333085,-0.1467537362019229,0.0415547779466666,-0.18008258313299708,-0.20213883914469494,-0.1862672902333333,0.2139206960557372,-0.1882959185582034,0.0566585655699999,-0.1656026817602112,-0.23983854855034598,-0.2318483330666667,0.18841149125870915,-0.20324781289634122,0.0265924443513333,-0.13274039823377248,-0.2224300398661139,-0.2513617744666666,0.2081486215621726,-0.17779556519190218,0.0325274388833333,-0.1643210824007303,-0.20712538891343538,-0.202257991,0.08043376285606765,-0.17504230628953626,0.0499634372666666,-0.07869838244615443,-0.1844938054111483,-0.04815078477,0.08941897317149533,-0.5177257352574096,0.0937843968599999,-0.03213391441220515,-0.45339389529450475,-0.0050802662059666,0.08259532870460044,-0.7872607765697777,0.301936084,-0.06081494437768551,-0.7847782952684098,0.2027736624666666,0.06508150082677254,-0.819150703030594,0.3267225574666667,-0.06327796834745054,-0.8143310667723843,0.1833359077999999,0.09546106585961808,-0.8612951581172268,0.2732710310333333,-0.050306060599373176,-0.846287725656546,0.09106567849,onweer_g_ch1_g19_compr.mp4,ch1g19,1.4949859254423297e-05,7.514005472654864e-05,1.2348702065861094e-05,4.705303243947741e-05,2.848627954824507e-05,7.987067364646852e-05,1.197783226932526e-05,1.0950786453762038e-05,7.63418790185477e-06,6.039369320759062e-06,1.0684130580318383e-05,3.3137393956913774e-05,1.1660367941418133e-05,1.2283752497439802e-05,6.872905447774925e-06,2.974432287761881e-05,3.261988046827515e-05,1.2016093076111327e-05,2.9670890966265415e-05,1.1827731039634266e-05,8.881410998137455e-05,1.2220505813014643e-05,1.1670776208480757e-05,1.283991271736241e-05,2.653742301078294e-05,1.6916786832615444e-06,1.2579095561974498e-05,1.0926909109432891e-05,2.288093018030827e-05,1.1332219671667215e-05,1.5719141882525576e-06,1.2811315175580526e-05,8.09611923706658e-05,8.95915724721868e-05,3.980699173242362e-05,0.0001762919040851452,0.00016524245753011572,0.00017252404877767587,0.00017420975452190853,0.00016250829899565897,0.00016257270170542924,0.00016224445436591468,0.00020941528257938745,0.00017874224536045718,0.00018611771482770852,0.000178983019852694,6.207308287001632e-05,0.000343162769871194,6.7742280152020664e-06,0.0007564434808032844,-4.8583615793701186e-05,0.0011802983322716375,-7.040519206581037e-05,0.0012554818184829725,-6.367262750152502e-05,0.00139182035585597,-3.899846576334277e-05,0.0012540915247576036,-1.352429414360913e-05,1.938961768166105e-05,5.58613594799419e-05,0.0001067610209199694,-0.00031582817780132817,-0.00029289515921164907,-0.00033757964814928794,-0.0003271248261317723,-0.0002989741467064393,-0.0003431196264744856,-7.414524296719016e-07,5.6276647613926784e-06,7.185835083488815e-07,1.4902518329601691e-06,-1.8078737585015398e-06,6.49088869367867e-06,6.30447619519077e-07,-2.9738231549610186e-07,-2.848693727595184e-06,-3.359393358428557e-07,-2.657292108198715e-06,4.4410131821974886e-07,8.26766524600867e-07,7.023841722816384e-07,-2.3796411189417443e-06,-9.767679621559283e-07,-1.5730868814584752e-06,-2.4027126973627623e-06,6.177122535659853e-07,6.755864857832357e-07,7.947425339166801e-06,1.197800991486115e-06,8.945380688847718e-07,1.688553338744384e-07,-1.5322819372994358e-06,-2.0442894186200416e-07,-2.5216457652436054e-07,-2.7887002469585473e-06,-1.2440636989518055e-06,-2.1555080576937304e-06,-2.301521226647918e-07,-1.147202436548186e-06,6.529766333451571e-06,1.2266569807624282e-06,1.413915102949219e-06,8.421509035435188e-07,1.12345282792119e-06,2.1800779051646945e-07,1.5244115668152095e-06,8.530317671363412e-07,2.5973605607471726e-07,1.2598712639386455e-06,2.991439776593902e-07,1.6902529497911472e-06,3.2520156007729665e-07,7.612543292753724e-07,8.533012670096077e-07,1.2541886316809575e-06,5.482196993965672e-07,2.0801543577889859e-07,1.8287060526348032e-06,3.386818588660038e-07,8.182462467240229e-07,1.7706009722067527e-06,6.188705114809214e-07,7.474296549591476e-07,7.761616611241444e-07,1.996530478010458e-07,3.131407430945754e-08,7.671667557688217e-07,1.6321089681520652e-06,6.661015197563576e-07,1.758321038066418e-06,2.4092859725178977e-08,1.059380412688464e-06,1.5861124930749684e-06,2.7382605761088868e-06
350.00000000000006,-0.003723867919026586,0.33986484446132326,-0.3693736749333333,0.008453330261486232,0.3569214246062904,-0.3551487843333333,0.009750368797645416,0.356673302529901,-0.3427325676333333,0.008889695553370125,0.3562966060028541,-0.3468588384333333,-0.012018597112399412,0.3644443353416398,-0.3734651074,-0.01139226763336134,0.3630519999418417,-0.3865349893333333,-0.0058307620243497555,0.3525749958705441,-0.3661152940000001,0.043553098989766205,0.34775522558071886,-0.2331989224,-0.07785580501237628,0.30324972177917797,-0.2663891853666666,0.019825698946651253,0.33304676251513593,-0.3117517580333333,-0.00934877883305471,0.30278742175472795,-0.3486092642,0.11596039359935552,0.21811694409568222,-0.0822567360199999,-0.15176266561367305,0.2393835598433296,-0.1007102007033333,0.1637775849145509,0.047955703113934316,-0.0027107528019666,-0.16971531436692214,-0.013308363379231053,-0.1262579173,0.2115583391248031,-0.1468045055427583,0.0415852729866666,-0.17967728198961544,-0.20085755123221216,-0.1858759375666666,0.21409894035350222,-0.18837696096144665,0.0565534353433333,-0.1650831736750465,-0.2385008746563032,-0.2314792819666667,0.1885328833698504,-0.20332050322651374,0.0264989617913333,-0.13218346374227574,-0.22095947881279146,-0.2509913206666666,0.2082956275180709,-0.17783954205143024,0.0325500394133333,-0.16386498976370842,-0.20577480347088886,-0.210413232,0.08045660701423948,-0.1750562298804978,0.0499283919699999,-0.0787177170826609,-0.18447383024243935,-0.0481177919633333,0.0892565550661982,-0.5176661890324563,0.0930208705499999,-0.03216679528307824,-0.4532981791988953,-0.0052748665533,0.08232458542158418,-0.7875748501474105,0.3004688620333333,-0.06121427790988215,-0.785073659901932,0.2019439300333333,0.06479002541684947,-0.8194850155250862,0.3251888544666667,-0.06371674827877148,-0.8146546575379974,0.1824190671666666,0.0950566299905022,-0.8615999803119537,0.2716407039333333,-0.050598494479697546,-0.8466340530320362,0.0900456497999999,onweer_g_ch1_g19_compr.mp4,ch1g19,1.4561732830104344e-05,8.106703054602559e-05,1.3547787715667114e-05,4.831046614528687e-05,2.692264310208092e-05,8.663345753695224e-05,1.3060722445508741e-05,1.0795606086179958e-05,4.931330659399519e-06,5.602121271230776e-06,7.821992783782804e-06,3.3875361139254416e-05,1.2915841445896287e-05,1.3457387315776533e-05,4.60026172020285e-06,2.8937704977257287e-05,3.086475443098498e-05,9.297612576573677e-06,3.0625601609150476e-05,1.293150268439154e-05,9.716223190074161e-05,1.3862549098768425e-05,1.2961701921622343e-05,1.3488897234002365e-05,2.526684994823754e-05,1.4426208424027292e-06,1.2689541428784752e-05,7.907201016377447e-06,2.1893208315555407e-05,8.928368286061627e-06,1.2968175861859331e-06,1.1837742297637483e-05,8.772626053393743e-05,9.481271442445322e-05,3.970316335292632e-05,0.0002132653162875896,0.00021092490791463288,0.00022096866230526498,0.00022232655869442152,0.00020086202491634294,0.0002022099663588034,0.0002023057173590651,0.00025534804311926995,0.00020862606633812995,0.00022084135043863186,0.0002050667097259034,7.335338135091375e-05,0.00035737717250121424,2.8268069412545255e-05,0.0007906236495498684,-4.167165405064537e-05,0.0013144465750632092,-7.311008029726429e-05,0.001397177017939082,-6.605091116184212e-05,0.001551958123580231,-3.418179099397992e-05,0.0013996080748526795,-1.4928744173283783e-05,2.0717721724361456e-05,4.789262081819186e-05,9.733462576597024e-05,-0.00031884720567184173,-0.00029745222346886074,-0.00033631919549499266,-0.00032970568266762503,-0.0003146239547195537,-0.0003753471081627757,6.986879571943949e-07,7.0201291580688714e-06,1.6954763264604014e-06,2.6430016951378553e-06,-1.5315880984996875e-06,8.011562316355671e-06,1.6199057689456156e-06,4.53264306015659e-08,-1.329190295171439e-06,4.4382792005444974e-08,-5.807733733440637e-07,7.982124582903699e-07,1.6864743216769187e-06,1.692793164821983e-06,-8.680756328921734e-07,-2.6942621911993885e-07,-1.2270967125420903e-06,-1.9549669457266486e-07,9.684813471165798e-07,1.6084906140775327e-06,9.769766944472568e-06,1.8736030502521183e-06,1.735678832394623e-06,1.0794031375231452e-06,-1.2879098747318767e-06,-1.6109582171489744e-07,6.528633374834375e-07,-8.043000653326249e-07,-5.055392517755022e-07,3.0162098055524837e-08,-1.9730242383197498e-07,8.103818317912866e-08,8.167138387166223e-06,1.3241058804450772e-06,1.7207547103374212e-06,8.226239665948219e-07,1.4242693230446974e-06,4.088248234588552e-07,1.8493127109324333e-06,8.360263032285922e-07,2.724147174128262e-07,1.454117515194661e-06,4.1330717452815554e-07,2.0758097830545075e-06,4.0374946314051404e-07,7.316188943371843e-07,8.345424979709674e-07,1.4053425754540542e-06,7.347788229115566e-07,4.3627684569789694e-07,2.2996445656586623e-06,3.9958921247069403e-07,8.000946737090374e-07,2.1328008298082944e-06,5.471385883873257e-07,7.18613676300484e-07,7.857932283932831e-07,3.607741123696293e-07,5.24106515027882e-08,7.962555462024683e-07,2.040079629431898e-06,7.809027347686849e-07,2.1442592682856657e-06,4.6485402077908725e-08,1.152484331549112e-06,1.9269647985366017e-06,3.3356337518560767e-06
366.66666666666674,-0.003865759010380144,0.3400865695984499,-0.3681744463666666,0.008336314889434369,0.3571354520010306,-0.3539505173666666,0.009644892478921073,0.35689684199603794,-0.3415502330333332,0.008785115429367841,0.35652200424653246,-0.3456709506333333,-0.012156027839968962,0.36465198387195025,-0.3722556765000001,-0.011520999894883753,0.36326007440627506,-0.3853094578666666,-0.005962240419595258,0.35278353548671104,-0.3649073085,0.043527691531972994,0.34800872898788116,-0.2321124683,-0.07790621422292375,0.30346928637468445,-0.2652124098666666,0.019761756544736976,0.33327486665961364,-0.3106096913,-0.009434280893479034,0.3030033539476752,-0.3474399412666666,0.11594825777833515,0.21819028308570682,-0.0815309205733333,-0.1517064144397914,0.23976215462278697,-0.0996240948033333,0.16373526279551284,0.04797302946576315,-0.0023364545683,-0.16997132398521314,-0.012435953966542205,-0.1253397773,0.21152566025035074,-0.14686036133623728,0.0414232920266666,-0.1793564564085661,-0.1994591542618937,-0.1852578145666666,0.21405760939382998,-0.18846948608672176,0.0562648161199999,-0.16464299495559964,-0.2370356485106217,-0.2308552114,0.1884323813822786,-0.20340490948343876,0.026223355098,-0.13171358943087708,-0.21934856654102414,-0.2503707409333333,0.20823275045454698,-0.17788524641526568,0.0323709328599999,-0.16350163591390654,-0.20429111682123013,-0.210210279,0.08046864595747111,-0.17507187636712582,0.0499031320166666,-0.07872437514389262,-0.18445194076525281,-0.04809731727,0.08909303846762245,-0.5176254241555551,0.0922905085099999,-0.03221243749300348,-0.4532023702615955,-0.0057888278693,0.08205085248177643,-0.787931238212083,0.2988653778666666,-0.06163802859517556,-0.7854141740669995,0.2007543583999999,0.06449568450588707,-0.8198590255028806,0.3234930665666667,-0.06417970896560624,-0.8150319200048939,0.1811322530666666,0.09465957223452891,-0.8619397942482974,0.2698960784333332,-0.05089168780676582,-0.8470670596737179,0.08871167823,onweer_g_ch1_g19_compr.mp4,ch1g19,1.5955023653439317e-05,8.858372736528682e-05,1.568649974914061e-05,5.0803758620455084e-05,2.5613994085377678e-05,9.538986099622088e-05,1.5117370240835194e-05,1.0853741283856785e-05,4.427536784820393e-06,5.651168595944375e-06,7.857209063025544e-06,3.480863611118792e-05,1.4988332281775167e-05,1.5595166375128205e-05,4.4997377722109846e-06,2.88532488358189e-05,2.9536121830590907e-05,9.751747408917961e-06,3.174234248177186e-05,1.4957392308729066e-05,0.00010843400420179664,1.605375836877854e-05,1.505297770970981e-05,1.4982477519053135e-05,2.418640936970936e-05,1.291458956845494e-06,1.3700838693157791e-05,7.732361934872167e-06,2.1690225223448335e-05,9.472685443993616e-06,1.1106260803987341e-06,1.2428490945725781e-05,9.686536904981164e-05,0.00010250919814828058,3.990687540298367e-05,0.00025166278061520506,0.00025712065628114326,0.0002696899744263472,0.00027073238765779495,0.00024063867997701002,0.00024327226543094943,0.00024426704311541645,0.0003008646864072616,0.000237837884238774,0.0002574957746152941,0.00023302990753491416,8.765697854097396e-05,0.0003713445000383911,4.068682106825644e-05,0.0008166387105248174,-4.032634718980178e-05,0.001460020727407793,-8.01895575366098e-05,0.0015644763771887223,-6.892765802231085e-05,0.0017486894643983135,-3.260997859879312e-05,0.0015632413598606443,-1.6094877237979762e-05,2.1918370616326832e-05,4.2556769884467474e-05,9.16579627903632e-05,-0.00032066758061845464,-0.0002982555230236136,-0.0003354742807924195,-0.0003291807531345094,-0.00032854561533949026,-0.00039305741993132115,2.1053454388578964e-06,8.749805428152433e-06,2.543257597858818e-06,3.989814153884893e-06,-1.1503084273354977e-06,9.882110445973232e-06,2.4740251622852866e-06,3.8801371902261613e-07,2.3264019093312564e-07,5.052388671165594e-07,1.8135956555745224e-06,1.1828962043552843e-06,2.4139733612588337e-06,2.5528869194145733e-06,6.533528141869411e-07,5.105343959210884e-07,-6.839459916405008e-07,2.470472286605186e-06,1.3376941533679606e-06,2.4100356533535052e-06,1.201312762958259e-05,2.3920995040645768e-06,2.4440763093005556e-06,1.901767907352629e-06,-9.576738891354086e-07,-9.712614525846982e-08,1.471419296276879e-06,1.5730122218779596e-06,2.791324497352443e-07,2.473308077191364e-06,-1.3952802972794321e-07,1.2545789359004381e-06,1.0184588565514969e-05,1.2173567210008845e-06,1.967397727106462e-06,7.125139842431474e-07,1.6395139305300987e-06,5.47357395400577e-07,2.1139660599960703e-06,7.242367034071928e-07,2.314449028298766e-07,1.4010211580670216e-06,4.692072748101804e-07,2.173099723498608e-06,4.162356442959947e-07,6.316987806580412e-07,7.220701610759614e-07,1.321492167397533e-06,7.935485277859037e-07,5.663041894076334e-07,2.470998692985344e-06,4.026790594416827e-07,7.002877315927766e-07,2.44575463726263e-06,4.3326285163341084e-07,6.233053545657435e-07,7.097708643389477e-07,4.774118446213699e-07,6.220199541256554e-08,7.356585066548198e-07,2.167613002543489e-06,8.109994390466079e-07,2.2416325457335297e-06,5.8673142434615296e-08,1.0764846640932632e-06,2.2006560059517067e-06,3.606043180872153e-06
383.3333333333334,-0.0040264938843935895,0.3403355563488356,-0.3667134958,0.008187192901331517,0.35738581368311517,-0.3524787534999999,0.009507194553366237,0.35716102622799734,-0.3400879194999999,0.008648418566483167,0.35678632556862366,-0.3442094069999999,-0.012322473516704706,0.36489295785277226,-0.3708144978000001,-0.011679982749009641,0.3635022682777463,-0.3838533322666666,-0.006124703567976161,0.3530260190025327,-0.3634692183,0.04341669754153755,0.34831024181082004,-0.2306512584666667,-0.07803866732671935,0.30371564934686235,-0.2638426574,0.019663057489629345,0.3335336125066086,-0.3091821849,-0.009554969168562678,0.3032391485169676,-0.3460349525333333,0.11584900126432908,0.21828133685912846,-0.0802826899133333,-0.1517182061348534,0.24015867630946686,-0.0984412155533333,0.16358511385682917,0.048011292390591,-0.0013157679016333,-0.1703555714172805,-0.011569898292714915,-0.1244356403,0.2113495861271029,-0.14687634330151209,0.0418993253899999,-0.17907126231355383,-0.19793654501403785,-0.1847357856666666,0.21385191465515568,-0.1885156748306397,0.0565882493233333,-0.164219783083689,-0.2354178594736993,-0.2303906473333333,0.18819759969639308,-0.20343966400710434,0.0265752223013333,-0.1312553709249478,-0.21755026293658616,-0.2498302787999999,0.20803375017916492,-0.17789047680311476,0.0328379060699999,-0.16316661635905158,-0.2026634150701453,-0.218342409,0.08047658481670251,-0.17508865827332845,0.0498898959366666,-0.07872783078421965,-0.18442938771523174,-0.04808732666,0.08890645236682691,-0.5175846260351544,0.0917059344666666,-0.032278539884861436,-0.4530947559945395,-0.0062283563499666,0.08177087337141078,-0.7882570728424465,0.2974667071999999,-0.06208747317831668,-0.7857034018018895,0.1996748631333333,0.06419457350910261,-0.820199134171574,0.3220134617333334,-0.06466999617770598,-0.815353646876382,0.1799584245333333,0.09425744008561317,-0.8622786915444528,0.2683412788666666,-0.05121532340108052,-0.8474496412434438,0.0874607268666666,onweer_g_ch1_g19_compr.mp4,ch1g19,1.9586811802055817e-05,9.858684459630687e-05,1.8824732002765007e-05,5.63754785642644e-05,2.5126453365192494e-05,0.00010672703002848024,1.8213568227734424e-05,1.1266880890433556e-05,6.7563057842428204e-06,6.398415957743154e-06,1.1412870867719953e-05,3.6325918405637925e-05,1.789551492072415e-05,1.8752761757575807e-05,7.0422112082668926e-06,3.0175503854210526e-05,2.9389196771194586e-05,1.3977183343142062e-05,3.3379885392127026e-05,1.794141938535339e-05,0.00012230425205323633,1.876751131428684e-05,1.796946234323109e-05,1.7484481671077268e-05,2.380142347032255e-05,1.2938716311625737e-06,1.582126421547753e-05,1.1015336162985473e-05,2.284787596205408e-05,1.3604128404289543e-05,1.0649651734864518e-06,1.503628569820706e-05,0.00010855399043311699,0.00011431750032384198,4.0996640203864956e-05,0.0002918502027194074,0.000302780251230572,0.0003173622336201282,0.00031828573800172285,0.0002821277527645858,0.00028569573844671874,0.00028768324727077656,0.00034538243093829675,0.0002672674477838389,0.00029765153112848404,0.0002648816651455931,0.00010577387443381712,0.00039313601806826687,4.540360408839685e-05,0.0008597132388830029,-4.291026618049968e-05,0.0016316007430940418,-8.947939858645799e-05,0.0017625208770738032,-7.14702677781486e-05,0.001980578384704914,-3.3032181100327055e-05,0.0017558358062982349,-1.6985238693325096e-05,2.2990805185688142e-05,4.0027027361187577e-05,8.901366259169124e-05,-0.0003258180382973547,-0.00030414908211400703,-0.0003402455190094904,-0.0003346048135385529,-0.00034277408862069147,-0.00040234715891834707,3.231691453733539e-06,1.0839907581249074e-05,3.144445385576997e-06,5.4766383744385105e-06,-6.45925972961147e-07,1.2132022927275995e-05,3.0805350988996087e-06,6.201760275902656e-07,1.539759581922284e-06,9.8499002792422e-07,3.996065415011277e-06,1.6090862899788e-06,2.920948978877647e-06,3.162133682001927e-06,1.8228867397115585e-06,1.3440964946128393e-06,-7.786983255932683e-08,5.03092754014688e-06,1.7436882322077361e-06,2.981186806472324e-06,1.467321627085068e-05,2.70416348609879e-06,2.938539864572526e-06,2.5266825818268965e-06,-5.221700245100709e-07,-2.7183459525742753e-08,2.0991145027613283e-06,3.7915356177667024e-06,1.0170806911546213e-06,4.722010708975299e-06,-7.101804006246218e-08,2.174218318179205e-06,1.2589552760063573e-05,9.198193611007719e-07,2.1521497929958074e-06,5.36264700043522e-07,1.6954916021319874e-06,6.053583991942162e-07,2.328722709584698e-06,5.416088154176814e-07,1.3870614459675826e-07,1.1132920040894268e-06,4.5126646532397065e-07,1.953875384017665e-06,3.4553677981044824e-07,4.869184609280525e-07,5.409136903456512e-07,1.0203377117120721e-06,7.009107576907364e-07,5.625148896474136e-07,2.297439828372949e-06,3.3269054894996124e-07,5.453289204730911e-07,2.764147735517284e-06,3.0223831900811646e-07,4.850272245095391e-07,5.61563983399069e-07,5.252122992253377e-07,5.917436557483799e-08,5.99572686105381e-07,1.981580991476974e-06,7.430806566826829e-07,2.017549007160761e-06,5.872157588602316e-08,8.467816523630009e-07,2.443954601273429e-06,3.531882327614651e-06
400.0000000000001,-0.004210686908291909,0.34064211126449817,-0.3652878863333333,0.008011833546764874,0.3576959158202294,-0.3510366459333332,0.009343675989336473,0.35748690682185785,-0.3386572192666666,0.008485269693891956,0.35711175261596195,-0.3427764248,-0.012520139169917378,0.3651857958374169,-0.3693972861,-0.011869678183194496,0.36379779138243,-0.3824225664666666,-0.0063195320168562205,0.35332455946216007,-0.3620543013666666,0.04329737730076984,0.34865280218045014,-0.2291961864,-0.07819751074108691,0.3039887118513253,-0.2624522539,0.01954306879154792,0.3338449975912591,-0.3077815691333333,-0.009702156874647398,0.3035189647113186,-0.3446532433666666,0.11575165680893311,0.21837375192955488,-0.0790413593599999,-0.15175028059503626,0.24057377999753943,-0.0971771187566666,0.16343422844457473,0.04801463857891159,-0.0003144716482999,-0.17091068203262252,-0.010674666231513214,-0.1234847636666666,0.21113988581829823,-0.14694367441941533,0.0423483419566666,-0.17883674085881088,-0.19621282888196998,-0.1843447215999999,0.21359829839731764,-0.1886260788161333,0.0568786605199999,-0.1637998922459463,-0.233535613753902,-0.2300767797,0.18793561116469878,-0.2035225989633416,0.026899339818,-0.1307899361499806,-0.2154181596410732,-0.2494394461666666,0.20780526557812892,-0.17794216655354594,0.0332796480133333,-0.1628663248559752,-0.2007983614618962,-0.222550943,0.08048427151984597,-0.1751054055319726,0.0498759254799999,-0.07873071673158324,-0.18440688055353108,-0.048076138,0.08873805597698038,-0.5175341795535847,0.0910795825366666,-0.03234680859807775,-0.45300538894997233,-0.0067526819809666,0.0815654808027116,-0.7885912643683319,0.2959319551333333,-0.06252401522757355,-0.7860101492611568,0.1982706308333333,0.06397386632623131,-0.8205480788080598,0.3203724346,-0.06514459329559573,-0.8156896886902826,0.1784261287,0.0939371835600983,-0.8626165120713701,0.2665197514666665,-0.05151534112121474,-0.8478300590701119,0.0857262727966666,onweer_g_ch1_g19_compr.mp4,ch1g19,2.5494144441045194e-05,0.000112874680743159,2.299208902976282e-05,6.525373239595444e-05,2.600986192887329e-05,0.00012250289332896592,2.2376132009516197e-05,1.2244038122684849e-05,1.2111746809312722e-05,8.375346930778848e-06,1.869148494083269e-05,3.89448723652838e-05,2.1725859075964082e-05,2.2967060809881604e-05,1.2405390471298182e-05,3.371335725201362e-05,3.131782256695805e-05,2.2202997978820336e-05,3.596162710636583e-05,2.199809685620295e-05,0.00014109444327706488,2.2043898580888966e-05,2.1803473679487325e-05,2.0944324071536883e-05,2.458075653127986e-05,1.4997816761360674e-06,1.9151125954079232e-05,1.8007895104292494e-05,2.5337771017122602e-05,2.143582320170517e-05,1.2086997997368835e-06,1.9938490810943013e-05,0.00012507388628078508,0.00013220030689565544,4.355975454232224e-05,0.00032873374753287734,0.0003407792322881403,0.0003568136950364175,0.0003577018962320069,0.00031962427618184493,0.00032370203643124884,0.00032695867382192444,0.00037892596032164296,0.00029224425936288137,0.00033509686561728906,0.0002965223080494417,0.00012093584773207058,0.0004200862743422386,3.2023084325026266e-05,0.0009252783961517079,-5.6929021286405496e-05,0.0018621574604099174,-0.00010744048753443147,0.002034611021239832,-8.146277784827849e-05,0.002293874636511434,-4.259861106255897e-05,0.002012753973711383,-1.7556738647001788e-05,2.3945894211381308e-05,4.317749797031951e-05,9.052218728576632e-05,-0.0003390502374012329,-0.00032016078821863337,-0.00035620244342998475,-0.00035168257130134214,-0.00035965175509891287,-0.00040564897659912426,3.9802380217308406e-06,1.3096958500133658e-05,3.4827798444144016e-06,7.006963126115666e-06,-1.5297988756444076e-08,1.4557383667190328e-05,3.418616471832786e-06,7.270629665293615e-07,2.491610595763876e-06,1.4385779317988088e-06,5.832387290907086e-06,1.982482914769192e-06,3.2128530356614258e-06,3.502258592051058e-06,2.643950726537148e-06,2.0762095323220123e-06,5.586187888518938e-07,7.267713876154554e-06,2.102560153293057e-06,3.3191693604339783e-06,1.7509552820774378e-05,2.822381627625671e-06,3.2294850241194694e-06,2.9169654526790153e-06,2.09775508494868e-08,3.457076404290021e-08,2.503708238389752e-06,5.691128419460348e-06,1.6345641938459672e-06,6.617707211277378e-06,-7.631935035442372e-09,2.785581185639773e-06,1.5125044581271925e-05,4.919125395537538e-07,2.23976646053087e-06,3.2847731181653254e-07,1.5870207572740245e-06,5.638653949790706e-07,2.4562717765723234e-06,3.2333338490084364e-07,3.399583564828513e-09,6.612666847193756e-07,3.4679287888981707e-07,1.4573371975838962e-06,1.8570490540837153e-07,3.25787170155601e-07,3.264546084765072e-07,5.689616991723198e-07,4.5939549364527447e-07,4.0764491639808093e-07,1.8019489551987255e-06,1.8407629808428598e-07,3.664740100941037e-07,3.0395273770909247e-06,1.796126466853725e-07,3.303596681612729e-07,3.730175934652939e-07,4.883783940240924e-07,4.426492841735635e-08,4.179412600416062e-07,1.5139139751625592e-06,5.956132782319807e-07,1.5092908349112803e-06,4.6992013079024484e-08,5.091615579396351e-07,2.615856064246152e-06,3.1860385466995145e-06
416.6666666666668,-0.00439624869940673,0.34101935157858987,-0.3633334788333333,0.007826311087540614,0.3580917935034338,-0.3490559885666666,0.009167857718979383,0.35790193639093304,-0.3366940886333332,0.008310783916176496,0.3575274739242341,-0.3408114752333332,-0.012722954715689804,0.3655544428641205,-0.3674651548666667,-0.012064176288304989,0.3641718422643068,-0.3804739266999999,-0.006519484349188011,0.35370212006293367,-0.3601295183666667,0.04307166523331177,0.3490933727329925,-0.2272895267,-0.07838788980797137,0.3043122623417098,-0.2607136301,0.019402454268580484,0.3342320072351265,-0.3058885494666666,-0.009859699630668411,0.3038551768874346,-0.3428067997333333,0.11553395950907877,0.21852183891374627,-0.0774649444066666,-0.15179568269714105,0.24101594357971773,-0.0958133342233333,0.16314714232852168,0.04806518387628309,0.0009508177983666,-0.17152371688742238,-0.009731555013027665,-0.1226074861999999,0.21073421668109743,-0.14699376790247098,0.0429390668266666,-0.1786205364864986,-0.1942044135085325,-0.1844182573333333,0.2131265346088777,-0.18873928803217324,0.0573017459099999,-0.16339648355236946,-0.23131232643419267,-0.2303304208,0.18748307126589153,-0.20361435979426745,0.0273464680346666,-0.1303421970069532,-0.21290972031182154,-0.2495050365999999,0.20738859527228068,-0.17797990811254022,0.0338605269399999,-0.1625865848958571,-0.19862275172123772,-0.221432686,0.08048595419259318,-0.17512258172437234,0.0498726411399999,-0.0787267976688706,-0.18438391458923364,-0.04807409058,0.08851854525709522,-0.5174959396390896,0.0904564912266666,-0.03244742586884611,-0.4529384356274324,-0.0074092121166333,0.08134780225985148,-0.7889356375520065,0.2943864990666667,-0.06306297488461166,-0.7863392874607026,0.1967979892999999,0.06373891852289355,-0.8209096910186355,0.3187277427666666,-0.06572655742951336,-0.8160494774534676,0.1768319478333333,0.09355754219638643,-0.8629778052243873,0.2647288509333332,-0.05189790445989686,-0.8482539388991118,0.0838930375833333,onweer_g_ch1_g19_compr.mp4,ch1g19,2.8844790729106633e-05,0.0001258059260889576,2.650716028446151e-05,7.122258270429816e-05,2.4508771831319516e-05,0.00013697150575232785,2.583038838082055e-05,1.2770805760372146e-05,1.351280555229005e-05,9.875487663899821e-06,2.4845248390907344e-05,3.985950406557513e-05,2.4960530173323353e-05,2.6503996149902065e-05,1.3790676662743826e-05,3.4843716259490614e-05,3.1079055467797054e-05,3.0016322360319277e-05,3.713143775846575e-05,2.5356741356220763e-05,0.0001584876953247682,2.482804124334662e-05,2.5078068084531776e-05,2.3780001216079306e-05,2.3225636063122445e-05,1.4765551197643643e-06,2.1620553469892787e-05,2.392911023378892e-05,2.627570330412666e-05,2.8676701367018396e-05,1.1467954723803858e-06,2.218181401351378e-05,0.00014027885016165226,0.00014718210626828257,4.379696154469428e-05,0.00035888639422318767,0.0003785113250627708,0.00039618346466560876,0.0003974102399378827,0.00035364786963304283,0.00035785037234668587,0.0003615959879492923,0.00041875295366472623,0.00031305026011953853,0.0003662477801625015,0.0003191873848940956,0.00013739132120904772,0.00043618882873564706,3.934036813039595e-05,0.0009738459369381862,-5.5138586925131875e-05,0.0020888425549075605,-0.00011605246003927864,0.0023019268910857275,-8.403808839018697e-05,0.0025975254362006444,-3.98490467712991e-05,0.002267375645843002,-1.8402134755343837e-05,2.4811659801607596e-05,4.0581544126622696e-05,8.370260076208791e-05,-0.00032517876298628024,-0.00031654972299635637,-0.00034008990591804367,-0.00034620419564140067,-0.00036375396931517297,-0.00040921493662766044,4.181456858595999e-06,1.547589978408347e-05,3.574681341135541e-06,8.595374649110231e-06,5.962617303943077e-07,1.715744896976744e-05,3.5046533459714944e-06,6.366248553940681e-07,2.8666272704832237e-06,1.7975810209101114e-06,6.974163617598727e-06,2.123789387708869e-06,3.3369421050303894e-06,3.5906106119320916e-06,2.904367651319852e-06,2.482577719091977e-06,9.560598532968823e-07,8.782510594908366e-06,2.24424038334553e-06,3.4735524287647093e-06,2.0676499305133e-05,2.817518081819359e-06,3.365545412684831e-06,3.07283990683817e-06,5.51032226388577e-07,7.34257519619158e-08,2.7151129329530048e-06,6.910866118915875e-06,2.093349857742005e-06,7.812369487828433e-06,3.852697270102583e-08,3.0522300775590493e-06,1.7861868820321064e-05,9.886129544903198e-08,2.3476013509665194e-06,1.5974750659975808e-07,1.4375483601595891e-06,4.952822488995579e-07,2.6131610754871348e-06,1.432482010488574e-07,-1.321499399679766e-07,2.6078874848883415e-07,2.0545778101680245e-07,8.587763490795758e-07,2.036458463016238e-09,2.0859268359141136e-07,1.5167689342446954e-07,1.7799265534770458e-07,1.926024910981152e-07,2.0687062804511295e-07,1.14496022757581e-06,1.111187082389584e-08,2.3272555013688912e-07,3.392796044316674e-06,1.0960731887671319e-07,2.1713903634179783e-07,2.0779323740085784e-07,4.3012778236154543e-07,2.887181482373266e-08,2.6574873420692233e-07,9.329552360364844e-07,4.4245161375276413e-07,8.840607573248897e-07,3.361848807664223e-08,2.1884049179388065e-07,2.85261485375496e-06,2.912020647018659e-06
433.3333333333335,-0.004576704123792677,0.34140734086236457,-0.3615237457333332,0.00764229332517202,0.3585069593908656,-0.3472298602333332,0.008993406026284092,0.35833537677024174,-0.3348793635999998,0.008137800624009515,0.3579629527331857,-0.3389964628999999,-0.012923673336980938,0.3659357523769148,-0.365679811,-0.01225660608749962,0.36456070388266065,-0.3786700894666666,-0.00671751615024793,0.35409622746547903,-0.3583495687,0.04284384732594026,0.34954621545349623,-0.2255276506333333,-0.07857955840248984,0.30463427374096524,-0.2590993878,0.01926200810692989,0.3346259017420711,-0.3041335999666666,-0.010016496277363318,0.3041928474898855,-0.3410890991666666,0.11532903357277804,0.2186817882818853,-0.0759997847533333,-0.15185780030534582,0.24145434953167458,-0.0945116976866666,0.16290354499825574,0.048106790445431986,0.0021493198383666,-0.17225350499885672,-0.008785368327789077,-0.1218888267766666,0.21032567371054436,-0.14705902395142148,0.0429860298199999,-0.17841747490167084,-0.19201205042478336,-0.1848052454333333,0.2126346656779355,-0.18887258041970648,0.0570499347866666,-0.1629899425093536,-0.2288750833750628,-0.230949497,0.18701335199554267,-0.20370760449152361,0.0271445933746666,-0.1298705776262167,-0.21011947097289593,-0.2499169860999999,0.20696723540344078,-0.17802841154186774,0.0338881823133333,-0.16230913522133497,-0.19622941754282427,-0.222323984,0.08049147052398813,-0.17514104491727112,0.0498728759566666,-0.07872750855952462,-0.1843590661624733,-0.0480747874566666,0.08829848188046804,-0.5174654969402208,0.0901499465233333,-0.032562553381154255,-0.4528822168395221,-0.0080699339192999,0.08114517213448491,-0.7892859074121555,0.2931949575,-0.06362551323252073,-0.7866926172663492,0.1951518649666666,0.06351990636403013,-0.821279237163374,0.3174435646666667,-0.06632940874853811,-0.8164327694850837,0.1750546510666666,0.09318072018441917,-0.8633780564429565,0.2631753825333332,-0.052367682722450515,-0.8486867897565527,0.0817630909933333,onweer_g_ch1_g19_compr.mp4,ch1g19,3.275735939388885e-05,0.00014197773969463876,3.0200635151574295e-05,7.947944792147823e-05,2.467886179769714e-05,0.0001547819507985535,2.9421380908467804e-05,1.3641835221342267e-05,1.590166829635067e-05,1.1972402415194956e-05,3.243646575070043e-05,4.1893429056672996e-05,2.838877105328941e-05,3.0208434720822965e-05,1.6287181536836187e-05,3.7189521660661986e-05,3.1702719359482845e-05,3.9688247552570006e-05,3.931740896715649e-05,2.8899957512765808e-05,0.00017984117087706155,2.772903298979109e-05,2.8538066738303066e-05,2.708275477608134e-05,2.3361016999528486e-05,1.5461908573650116e-06,2.4487113889649184e-05,3.149663563618111e-05,2.8319999657456024e-05,3.73114243014267e-05,1.1804111817238737e-06,2.4815103540710093e-05,0.0001590244612179639,0.0001665291912834317,4.573396727972434e-05,0.0003916766922077636,0.00041719805708022556,0.0004364433343405583,0.0004382740279919851,0.00038869267025272073,0.0003930940470795465,0.00039763761886280025,0.00045811340269000375,0.0003335830455832619,0.00040195744542468524,0.0003459684917542086,0.00015712915926932924,0.00046393850754185647,3.760065450768163e-05,0.001049822746079985,-6.348283659901614e-05,0.002360702356078302,-0.00013403340310771218,0.002619912957301843,-9.393732434431728e-05,0.0029585771631334477,-4.603820586251555e-05,0.002568428218809119,-1.9074997986100034e-05,2.5745002621315716e-05,3.547384556183269e-05,6.692545476349861e-05,-0.00033541054795110557,-0.00032989861131981727,-0.00035174703361769014,-0.00035886465562368373,-0.0003808460307940268,-0.0004264014218445537,4.010634571343159e-06,1.7999458571453232e-05,3.5823301384377312e-06,1.0113202212171772e-05,1.1044208818349805e-06,1.9966956700278377e-05,3.4938146350698236e-06,4.181208242335051e-07,2.8128186347169075e-06,1.9967977201892342e-06,7.5245575591673574e-06,2.041161833946105e-06,3.442792790433953e-06,3.5889194163423726e-06,2.7834060654420654e-06,2.5217703559850217e-06,1.0596825724857229e-06,9.630521894141782e-06,2.1738030315273097e-06,3.5928218510201457e-06,2.427839317272342e-05,2.8453062700346354e-06,3.493519229646984e-06,3.1395381090382243e-06,9.998325229308148e-07,9.082728377479933e-08,2.8608466671132925e-06,7.536058975246408e-06,2.462110837236055e-06,8.409885467894713e-06,6.300186271750602e-08,3.102206021720217e-06,2.0904756906278592e-05,-2.459723639376116e-07,2.4270285572886146e-06,4.2434637092775e-08,1.1406459184779327e-06,3.150462278783125e-07,2.7439335625816568e-06,1.4900452707439732e-08,-2.512138525898882e-07,-1.0252319181863456e-07,2.9270652057378686e-08,2.126783069494786e-07,-2.39086478384088e-07,1.3814869783049538e-07,3.0061203808776395e-08,-1.80924179745846e-07,-1.223693763461956e-07,-6.994599468871057e-08,3.8679582845855384e-07,-2.1323300662555997e-07,1.4828421972454995e-07,3.7325716250586028e-06,9.062551212257862e-08,1.4785752505990556e-07,7.189923467271113e-08,2.7372609618663463e-07,1.0238065788953881e-08,1.4484563671282214e-07,2.813825481923825e-07,2.5092308411702225e-07,2.1403295142926465e-07,1.602306738247646e-08,-3.1862563479582486e-08,3.0993876666752037e-06,2.702489671854227e-06
450.00000000000017,-0.004783968573060037,0.3418135194569087,-0.3597831966999999,0.0074186791628927445,0.35894753505999133,-0.3454694668333333,0.008775744104030304,0.35879525427828907,-0.3331340382666665,0.007922427753826221,0.3584256410462824,-0.3372505564,-0.01316853544948322,0.3663357412205219,-0.3639588123333333,-0.012489553363929122,0.3649687838453,-0.3769330312999999,-0.006958696024383568,0.3545121106178559,-0.3566322863333334,0.04253529933528712,0.3500245054296643,-0.2238071173666666,-0.0788166346158761,0.3049598630040037,-0.2575007738333333,0.019082198817833924,0.3350420813704376,-0.3024421632,-0.010206982681018788,0.3045434990071321,-0.3394352461333333,0.11510826355026013,0.21885329163834416,-0.0745462984199999,-0.15196392593249936,0.24188581182272256,-0.0932317895333333,0.16265284725097523,0.04813734982526783,0.0031839898807,-0.17310528406177034,-0.007824988068924668,-0.1214838785099999,0.20982182354228326,-0.14713005956425726,0.0427887292566666,-0.17822969383570472,-0.18956197332595515,-0.1861049307,0.21199520770068672,-0.18901412056403868,0.0565369856566666,-0.16255945519897794,-0.22610560579226802,-0.2326300887,0.18642464838097483,-0.20379065562278645,0.0266788547246666,-0.12931046267796412,-0.20694946690792448,-0.2513407562666666,0.20645145953708652,-0.17807812717039076,0.0336658067566666,-0.1620329833867508,-0.19354570325204554,-0.222017452,0.08050027041558044,-0.17515964997415978,0.0498748750733333,-0.07873136415659522,-0.18433318773576288,-0.0480753121,0.08807340775662147,-0.517436217763832,0.0896563102899999,-0.03280285917621315,-0.45283070296435357,-0.0090677227829666,0.08096689526780917,-0.789639014031866,0.2918320148333333,-0.06421907376237267,-0.7870520311754916,0.1931710943333333,0.06332741443122016,-0.82165205111838,0.3159863820999999,-0.06694942944318721,-0.8168209410792965,0.1729512597666666,0.09281984041703283,-0.8637723377235819,0.2614094339999999,-0.05285743239888405,-0.8491246138758091,0.0792999793399999,onweer_g_ch1_g19_compr.mp4,ch1g19,3.6356164012413746e-05,0.00015987633667922097,3.3912436914845174e-05,8.950417704045965e-05,2.6094255483318147e-05,0.00017469877283856153,3.2994788671059215e-05,1.4429517531287045e-05,1.7833658944223124e-05,1.3932944150722009e-05,4.030007380905529e-05,4.416334694256258e-05,3.194843337800556e-05,3.391127240603843e-05,1.847270281891671e-05,3.964859771198627e-05,3.304086974396131e-05,4.996236782125321e-05,4.168159341533296e-05,3.258807370110851e-05,0.00020445356818613288,3.067117274329639e-05,3.214330772594201e-05,3.0332236069392486e-05,2.466628525004417e-05,1.5933968418202952e-06,2.737516622875818e-05,3.942772590740529e-05,3.08231880272291e-05,4.627476561276951e-05,1.2005087611800558e-06,2.744852904211462e-05,0.00018003148655816383,0.00018832744637286157,4.843326189384393e-05,0.00042062163594554355,0.0004513917278952903,0.00047237426529651546,0.0004748137921245372,0.00041872738290019173,0.00042390066637613044,0.0004295338438058352,0.0004919555063551996,0.0003471255920438659,0.00043470732825732177,0.0003695701633508494,0.00017732383831439244,0.0004905765075490116,3.5312068926939294e-05,0.0011279846082274335,-7.181043385464789e-05,0.0026590339556560546,-0.00014788626545164896,0.002975114161740112,-9.580623399794728e-05,0.0033724478518412965,-5.034629975378871e-05,0.0029026073934808683,-1.967535539835681e-05,2.6587270557801147e-05,2.8725220986060905e-05,4.1300746635111e-05,-0.00036094688065147504,-0.00035595698413348433,-0.0003797204346684369,-0.00038469896710828446,-0.00040290284396502846,-0.000447394900845744,3.516043319607014e-06,2.0398566542008108e-05,3.5612289397722674e-06,1.1365748017519387e-05,1.355253357837043e-06,2.269773431319095e-05,3.444761119131921e-06,9.215931029865868e-08,2.4194820941798187e-06,1.89141987995544e-06,7.4581139405376575e-06,1.6596034018156162e-06,3.559933119291212e-06,3.553292208808418e-06,2.37108599636231e-06,2.159566659395919e-06,8.185212670452293e-07,9.685818404113255e-06,1.8314247080185341e-06,3.7044978233931433e-06,2.7964138666920776e-05,2.9536397927432904e-06,3.6316841814324052e-06,3.148840337847712e-06,1.2173507684179488e-06,8.327912874445534e-08,2.9657909921748386e-06,7.529386664993341e-06,2.7093975627736736e-06,8.351262156852015e-06,6.22148746040314e-08,2.9315220504933e-06,2.3954722893411585e-05,-4.848012887752652e-07,2.4785559770959097e-06,-1.4531077946651939e-08,6.94704890440314e-07,4.328920574452212e-08,2.8320872121218962e-06,-5.1125131932639975e-08,-3.2238732103788613e-07,-3.5840386803231095e-07,-1.409445348058808e-07,-3.7344320360072404e-07,-4.931140236934653e-07,1.121626444129395e-07,-2.8423096487220187e-08,-4.372630557982642e-07,-4.186434569870728e-07,-3.7520514704877185e-07,-3.5590549005855e-07,-4.4956269301164515e-07,1.12144070550651e-07,3.9983209742728085e-06,1.1381410118173157e-07,1.1931941000859642e-07,-1.4550460406480827e-08,3.406209333890737e-08,-6.796946151273201e-09,6.908817695096465e-08,-3.317305205275227e-07,4.9632914772925026e-08,-3.9143070181940465e-07,-1.3388689233425836e-09,-2.119789269524956e-07,3.336681775905273e-06,2.63193820873801e-06
466.66666666666686,-0.005056277327337155,0.3422451742915612,-0.3577363135999999,0.007124887218158051,0.3594140316832101,-0.3434230476666667,0.008483496070589068,0.359282640653482,-0.3311050425333332,0.0076363801869909894,0.35891658484750927,-0.3352259600333333,-0.01348321717449046,0.36677114259470145,-0.3619460449666666,-0.012789102496501182,0.3654082452712175,-0.3748987058999999,-0.007267193518075292,0.3549573443786982,-0.3546279242,0.04215951982288297,0.3505329876779615,-0.2218799427333333,-0.07908736362676921,0.3053180161469989,-0.2556834943,0.018830702789227945,0.33548898991191184,-0.3004784822333333,-0.01045481867179862,0.3049225725730171,-0.3374917333666665,0.11486823599443033,0.21904166051112217,-0.0729528760266666,-0.15207846553795074,0.24237668833659118,-0.0918034248233333,0.1623579353636158,0.04819320487841439,0.0044535688140333,-0.17408244374114978,-0.0067094571682183345,-0.1207966953099999,0.20910334027872074,-0.1471894539524569,0.0430978984233333,-0.1780644087572786,-0.18675417158226293,-0.1866962515,0.21107060419309082,-0.1891539641956945,0.0565928493633333,-0.16212875064819338,-0.2229280631420941,-0.2334539237333333,0.18556419805279997,-0.20387117524012976,0.0268320872613333,-0.1287498135755638,-0.20334818145599723,-0.2519164844999999,0.20571321954461974,-0.1781129305239835,0.03398267759,-0.16177489643563323,-0.19046275094624787,-0.220992178,0.08050671955442414,-0.17518143547579895,0.0498773403466666,-0.07873276016918913,-0.18430380325437243,-0.04807655883,0.08784472592987831,-0.517417477319862,0.0891200183833333,-0.033055677770145814,-0.45278472265974967,-0.0101319315552999,0.08077769221758645,-0.7899788773618186,0.2903360077666667,-0.06482077568526097,-0.7873924490115881,0.1913132463666666,0.06312286246856659,-0.8220080512660011,0.3143995316333333,-0.06757741646940413,-0.8171911363440935,0.1709945649333333,0.09245385001185699,-0.8641743608521135,0.2596191152999999,-0.05335263015034777,-0.8495788093752068,0.07714894396,onweer_g_ch1_g19_compr.mp4,ch1g19,3.944330824681729e-05,0.00018197943360949523,3.692798161596563e-05,0.00010118992144469977,2.7806768286189182e-05,0.00019928576941327523,3.586953217746738e-05,1.4497972731779911e-05,1.9806750585264277e-05,1.5695588198068812e-05,4.754588833019902e-05,4.5662546733990455e-05,3.500232693313951e-05,3.6920593857721826e-05,2.0378418944097133e-05,4.179017700312732e-05,3.4003690384009936e-05,5.967501778116524e-05,4.334276562770563e-05,3.573231068937053e-05,0.00023483369433949494,3.321770561661272e-05,3.5276719750782865e-05,3.30992362961689e-05,2.6275128759219244e-05,1.6665984782939387e-06,2.979653853259285e-05,4.688739367340816e-05,3.340374826350211e-05,5.432622350914819e-05,1.2592440447139419e-06,2.9634796461166274e-05,0.00020604754381064867,0.0002144052753617865,5.0685083837079436e-05,0.0004478931702790437,0.0004814847874905783,0.0005040288100536501,0.000507298168780337,0.0004461100049389155,0.0004521178009766629,0.0004588350682879206,0.0005208213966760243,0.0003601127887796539,0.000465960963300925,0.00039353606442739527,0.00019938045555649526,0.0005300832659534893,3.769623784047161e-05,0.001231075150443474,-7.051057358866047e-05,0.003028848295264797,-0.0001496490662478974,0.003414688913922558,-8.621169159987023e-05,0.0038834360969652575,-4.57978831453193e-05,0.003315436130257858,-2.0398227799101627e-05,2.7487908506111043e-05,2.074247363713798e-05,9.565290840809616e-06,-0.0003864422589163387,-0.0003839465541602218,-0.00040745926768680685,-0.00041199132177006936,-0.00042524538833191766,-0.0004785333129244951,2.8067083273116675e-06,2.282348913756522e-05,3.5306116768662256e-06,1.203541630722216e-05,1.3060938876591376e-06,2.547152699641918e-05,3.3759874555779914e-06,-2.8569038716200107e-07,1.8039560196613568e-06,1.6233258218543167e-06,6.6611205197439965e-06,1.0367464238154254e-06,3.6796992486920335e-06,3.504098728576714e-06,1.7250670948167474e-06,1.4985814133244828e-06,2.5360646212847926e-07,8.814478024810784e-06,1.265800860050328e-06,3.813610301807217e-06,3.198721021188501e-05,3.1183888485630383e-06,3.759360749035687e-06,3.1059081533792467e-06,1.1676789879875506e-06,5.820919738955897e-08,3.0186648529959384e-06,6.773748825316878e-06,2.7251337786688552e-06,7.502399628623783e-06,4.259913169949917e-08,2.5977742288276342e-06,2.7277533544182424e-05,-5.96129228845066e-07,2.4114113527003027e-06,-7.086360041446808e-09,1.0753985016020975e-07,-2.8130503784012303e-07,2.777119994491066e-06,-5.039141001022813e-08,-3.164648498667072e-07,-5.03447560920215e-07,-2.8050283391789616e-07,-8.105045228228642e-07,-7.08363042159228e-07,1.27252157750478e-07,-1.971768398993342e-08,-5.830310169763226e-07,-6.545713852962511e-07,-6.461691918045398e-07,-9.64341411018133e-07,-6.521201424709455e-07,1.223105797003621e-07,4.05687896936884e-06,1.6622214378704992e-07,1.2807625981863262e-07,-4.895164865411133e-08,-2.5531740596121007e-07,-2.062291057671274e-08,3.791108800998548e-08,-8.135709546040672e-07,-1.459171982933661e-07,-8.309669436399463e-07,-1.6729261906252406e-08,-3.128148513309974e-07,3.4444271869451348e-06,2.6131001504412728e-06
483.33333333333354,-0.00543287636546372,0.34270037161225547,-0.3558524769999999,0.0067209290558421465,0.3599021472429863,-0.3415424078666667,0.008079414985074572,0.3597935848358823,-0.3292400658666666,0.007237947275218041,0.3594314255224872,-0.3333633079333333,-0.01391846586010507,0.36722846278295534,-0.3600713874999999,-0.013208138839104145,0.36586884178785,-0.3730067441999999,-0.007698009833905171,0.35542329409918744,-0.3527632663999999,0.04173549579198655,0.35106740788798907,-0.2200821454333333,-0.0794395634164105,0.3056915865845607,-0.2538704004,0.018497291501136815,0.3359661009015131,-0.2986718823333333,-0.010792794825743251,0.30532787202992706,-0.3356687928666665,0.11461167095529888,0.21924940194029174,-0.0714830006533333,-0.15224879119413456,0.24294614882431648,-0.09026433081,0.16200849822025543,0.04824276796329469,0.0057030373273666,-0.17532756446275133,-0.005324927559325796,-0.1199166625099999,0.20820557856729363,-0.14724741218146337,0.0433306029033333,-0.17807806477522933,-0.18345185550542473,-0.1871766738666666,0.20993697336460987,-0.18929043431247308,0.0565500860099999,-0.16177941529339823,-0.21921019879182785,-0.2342181551,0.18452450203432755,-0.20393566588823409,0.0268941415949999,-0.12826865273880683,-0.1991487822124324,-0.2523614500666666,0.20480285643167465,-0.17814207347834476,0.03422552082,-0.16168133090573564,-0.18684712722429025,-0.218231097,0.08051126772821067,-0.17520312936058324,0.0498693648733333,-0.07873227161837676,-0.18427495107658448,-0.0480676758766666,0.08761365765435722,-0.5173850974368148,0.0885013164566666,-0.03335087822708733,-0.4527538361330085,-0.0111066115496333,0.08058420158202319,-0.7903463721854108,0.2887216894666666,-0.06541504646547955,-0.7877453784374441,0.1895607411666666,0.06291421340039312,-0.8223954510564924,0.3126908214333332,-0.06819460978298894,-0.8175711810317751,0.1691441158666666,0.09210143490266923,-0.8645891365929212,0.2577226499666666,-0.05384360205848184,-0.8500466724120139,0.0751048303466666,onweer_g_ch1_g19_compr.mp4,ch1g19,4.160196556315458e-05,0.00020684412027531326,3.976898099792344e-05,0.00011381449340599705,2.933312960550877e-05,0.00022687125534074675,3.8537991175454586e-05,1.3750992406050469e-05,2.1091677418123205e-05,1.7082074956330327e-05,5.3255308892428635e-05,4.6743487174024276e-05,3.8143928578671485e-05,3.972355231936789e-05,2.1454893900830755e-05,4.324389657539418e-05,3.4057300529877544e-05,6.762169764429781e-05,4.4662534836411785e-05,3.8977468359474044e-05,0.00026935235795038596,3.581272673546065e-05,3.850351108977884e-05,3.5609069846770306e-05,2.7667399065883225e-05,1.7368686815030356e-06,3.225869792429406e-05,5.28453347362128e-05,3.6130950621747466e-05,6.068571888256561e-05,1.3345806903751339e-06,3.1807094815085554e-05,0.00023554862220308897,0.00024288098088860372,5.253786243353009e-05,0.0004713857242921391,0.0005053276964818019,0.0005291406074989167,0.0005334572873014025,0.0004688939034373181,0.0004758190725137668,0.00048365536149544706,0.000544043846130397,0.0003739384581448455,0.0004945546408179008,0.00041728978845668676,0.00022097620384332732,0.000578838490373939,3.612949234670182e-05,0.001341950217140576,-6.55744857602032e-05,0.0034432521524344587,-0.00014558925484948335,0.003911773577538712,-6.597133159301677e-05,0.004463834842178008,-3.497984148225232e-05,0.003777576975985974,-2.109531779113297e-05,2.8316862473902865e-05,1.2992769383220303e-05,-2.957669764729027e-05,-0.000417019528733239,-0.00041801567636548504,-0.00044047768514037384,-0.0004442597602842107,-0.0004446608049896864,-0.0005141205299628306,2.083848495306145e-06,2.491624715340007e-05,3.518839824017309e-06,1.1679942309025959e-05,8.579129045349459e-07,2.7929214243754946e-05,3.3160476844006524e-06,-6.223240348931225e-07,1.1444060009725035e-06,1.2078961258336553e-06,5.41900878184397e-06,2.1676821519754983e-07,3.8091214045172227e-06,3.4760874003849516e-06,9.95891719987784e-07,6.684244757352163e-07,-5.767833504862756e-07,7.3299144642017114e-06,5.145606353638173e-07,3.931552967169172e-06,3.587321290864762e-05,3.322153229148298e-06,3.8841234442951644e-06,3.038355972836916e-06,7.679635394041598e-07,2.6521982943166533e-08,3.0303803931636948e-06,5.5203883139768975e-06,2.4933170996115428e-06,6.219626359366758e-06,1.3493169340002256e-08,2.1867799527287178e-06,3.0501631842627875e-05,-6.034031080358251e-07,2.2200471104176647e-06,8.719265844082874e-09,-5.956146694797416e-07,-6.21410897238182e-07,2.571862683475332e-06,-3.685100203322748e-08,-2.383514725550964e-07,-5.553909111142935e-07,-3.741348743170335e-07,-1.0694143666752698e-06,-8.821730083532159e-07,1.2479954087277076e-07,6.493480754725997e-10,-6.355917381142898e-07,-8.147047426984665e-07,-8.446018686616585e-07,-1.3751631183147138e-06,-8.201271922887886e-07,1.168287690166775e-07,3.868031177383351e-06,1.9269373509074704e-07,1.1774118327157594e-07,-7.083543378156723e-08,-5.598955816737959e-07,-3.0646056512188905e-08,1.8966616659455975e-09,-1.1221855891113994e-06,-3.44974551898368e-07,-1.0784980361710397e-06,-2.912199486578904e-08,-3.835199064381701e-07,3.390983090208798e-06,2.6356485655226736e-06
500.0000000000002,-0.00586782805313994,0.34315851811442294,-0.3540812624,0.006259380610603262,0.3603906069573051,-0.3397791455,0.007614143748687242,0.36030546606763614,-0.3274950444999999,0.0067771633624353995,0.3599472918580381,-0.3316167746333333,-0.014430462237851006,0.36768781894260527,-0.3582959806999998,-0.01370205992013601,0.36633248290022985,-0.3712150871666666,-0.008205293649760373,0.35589383030781113,-0.3509973536333333,0.04127180110697837,0.3515846184557389,-0.2183449213666666,-0.07986375431938372,0.3060626627020477,-0.2520385778,0.018114497756419354,0.3364469774677613,-0.2969575364999999,-0.011190033911714248,0.3057375654599512,-0.3339278017666665,0.11433145097962982,0.219454379842785,-0.0699436246466666,-0.1524534206830298,0.24354422387570057,-0.0886377097633333,0.16162401353879413,0.04827335289746286,0.0069474774440333,-0.17686662592133137,-0.00390348397420801,-0.1192620053433333,0.20719173961708348,-0.14730783840729544,0.0435202586766666,-0.17821612897297304,-0.17978201777008682,-0.1888429629333333,0.20864457684237603,-0.18943021620897812,0.0564944409766666,-0.16148966538116727,-0.21502896165824625,-0.2363725972666666,0.1833599902244527,-0.20399511708480064,0.0269211448286666,-0.12781762792034657,-0.19438873215998675,-0.2541717389999999,0.20378183016828644,-0.17817070394171475,0.0344168453966666,-0.16169043030610813,-0.1828220723443675,-0.21580033,0.08051270016001576,-0.17522482268625925,0.0498619439733333,-0.07872929537046372,-0.18424619070859508,-0.0480584760833333,0.08737743778265408,-0.517350092946616,0.0877459646633333,-0.03364690841090359,-0.4527692099509088,-0.0121005577286333,0.08038684968398808,-0.7907159370814266,0.2869855641333333,-0.06602871938108629,-0.7881172723507338,0.1877989440999999,0.0627017502623683,-0.8227854967779967,0.3108754496999998,-0.06882944311782728,-0.8179658967360499,0.1672913253666666,0.09175382546575496,-0.8649978878284242,0.2556811615999999,-0.05434413352219251,-0.8505143065174477,0.0730293089566666,onweer_g_ch1_g19_compr.mp4,ch1g19,4.317012010985057e-05,0.00023366318053177177,4.293934942967743e-05,0.0001258805876804712,3.0441021569255834e-05,0.0002568616899843136,4.1518332117128976e-05,1.2531827198628265e-05,2.2083177676765836e-05,1.81042169771371e-05,5.757927472637732e-05,4.670785215597482e-05,4.177410641392319e-05,4.284780332956087e-05,2.202156808099762e-05,4.349189035176686e-05,3.315546230777286e-05,7.375696817207684e-05,4.498099537400189e-05,4.27234985892162e-05,0.00030769014518256416,3.8988830500033815e-05,4.22189187607065e-05,3.8298809210341365e-05,2.861966557896347e-05,1.7621516367102593e-06,3.510403131922191e-05,5.7348549694615686e-05,3.867716691920049e-05,6.564313586856771e-05,1.3607785581099545e-06,3.388950663436786e-05,0.0002682418586258846,0.00027243019271700776,5.331393066251715e-05,0.0004951477934319307,0.0005265856807030281,0.0005514897776487215,0.0005569130880587304,0.0004899429652882545,0.0004977330849267448,0.0005068661254662296,0.0005612183051085476,0.0003855458401879237,0.0005227507883189722,0.00044269177254821176,0.00024075262781998196,0.0006276584403395258,3.72571087518406e-05,0.001432681461988141,-4.834428711345564e-05,0.003887783959926281,-0.00012616867315416144,0.004460696837064037,-2.7299908726455884e-05,0.005107610810628636,-1.0350607712628175e-05,0.004277736808079224,-2.179519141813265e-05,2.8976826558509e-05,8.380981703977715e-06,-7.163872684681905e-05,-0.00044397587654688265,-0.0004513618889016992,-0.00046996351600564137,-0.00047517099172366783,-0.0004580629547716836,-0.0005450680017256341,1.5216113791442917e-06,2.6966733626953883e-05,3.587426732970764e-06,1.0521423053876005e-05,1.6273061511623874e-07,3.0344098658821116e-05,3.333347476161888e-06,-8.544697886939724e-07,6.049792890980162e-07,7.458197620655823e-07,4.0526699704967055e-06,-7.12251094781442e-07,3.983771352635078e-06,3.5352456747974137e-06,3.481017247372661e-07,-1.9929285167738114e-07,-1.502294328381782e-06,5.535240302557145e-06,-3.521975141838477e-07,4.098628519863205e-06,3.969300138086626e-05,3.582433981055891e-06,4.041479754589454e-06,3.0042146109772827e-06,1.4980533633678907e-07,-4.538023186335315e-09,3.0539871909600795e-06,4.07936528561815e-06,2.0771409416322277e-06,4.816225104614807e-06,-1.7555759026343298e-08,1.8038479818475455e-06,3.3821427472150214e-05,-4.958154476685841e-07,1.991784114755002e-06,1.4434154387552965e-08,-1.2445600116035684e-06,-8.77627784471978e-07,2.2936573449573675e-06,-2.743569938229046e-08,-9.357949759883512e-08,-4.941542024776441e-07,-4.051449721798432e-07,-1.1064648140434178e-06,-9.332315013096623e-07,9.152376242812422e-08,1.3001792813152385e-08,-5.728791334853839e-07,-8.254023376247472e-07,-8.966620772549284e-07,-1.519458810789587e-06,-8.786191492063424e-07,8.295291148331112e-08,3.4852827864636687e-06,1.730884643224715e-07,7.669286771177522e-08,-8.691830953985528e-08,-7.886878046628486e-07,-3.088152181926192e-08,-3.834089966372939e-08,-1.202418893923565e-06,-4.7260308745740045e-07,-1.0996558801164646e-06,-3.13671873857876e-08,-3.9141579457636064e-07,3.2189508058046256e-06,2.7000250517949594e-06
516.6666666666669,-0.0063645386728144225,0.34367475415884885,-0.3523221853,0.005737437492844018,0.3609339122428911,-0.3380395591,0.007084777176853702,0.3608748234805042,-0.3257730037333333,0.00625071610780724,0.36052203483215023,-0.3298911565666667,-0.015013899347494268,0.368195508949432,-0.3565207209333332,-0.014266485466920496,0.36684810901362325,-0.3694282799999999,-0.008785021526343563,0.35641749811804363,-0.3492337176666666,0.04078248237548926,0.35216055405111213,-0.2166370252666666,-0.08032940629188344,0.30646129365017727,-0.2501338731333333,0.01768189168718622,0.3369948607519552,-0.2952636768,-0.011640679591350827,0.30620331411872515,-0.3321848814666666,0.11405383817471104,0.21970970541104612,-0.0684106573833333,-0.15267658149341712,0.24421279092438117,-0.0869142059366666,0.16124651002079643,0.048327619208613226,0.0081986983640333,-0.1785017062972172,-0.0023304897066676556,-0.1186935183433333,0.20618600713565546,-0.1473292318197241,0.0435966768599999,-0.17851759263097716,-0.17563497541453138,-0.1910283265,0.20736405125078505,-0.1895308586350424,0.0562368890566666,-0.16134963547214926,-0.21031164783650982,-0.2391292300999999,0.1822006080037347,-0.2040043947223534,0.0267368637826666,-0.12748683028991872,-0.1890396238451471,-0.2565752829,0.20276752523739913,-0.17815756421103146,0.0344903638766666,-0.16185469103883743,-0.1782938893775772,-0.210084498,0.08051331996691152,-0.17524556980246844,0.0498482810966666,-0.07872605557849191,-0.18421829719243704,-0.04803798514,0.0871324561507673,-0.5173430061642956,0.0872191418966666,-0.033957960388829665,-0.45288648961535544,-0.0127837634586333,0.0801815159102622,-0.7911751143607504,0.2855038343666666,-0.06664073263999548,-0.7886015697959854,0.1864108686666666,0.062480507890598905,-0.8232704570065851,0.3093285561999999,-0.0694590306084472,-0.8184673748677189,0.1658188164666666,0.09140354088470977,-0.8654492687210654,0.2538442661666666,-0.05484686911280942,-0.851087798929995,0.0713371506,onweer_g_ch1_g19_compr.mp4,ch1g19,4.43373512725414e-05,0.0002615008503401724,4.651847691175699e-05,0.0001366543101368313,3.0765307291283464e-05,0.00028830393175194096,4.4857152379866254e-05,1.1340363391954823e-05,2.2529752090804308e-05,1.8715667429804396e-05,6.066630270248442e-05,4.5622665866272e-05,4.586380532077362e-05,4.6368122315214395e-05,2.2212052389886046e-05,4.298903933854715e-05,3.1157100706899986e-05,7.79316159080677e-05,4.429222539113845e-05,4.693604191477435e-05,0.00034889425979282916,4.270690857623927e-05,4.639266874982308e-05,4.1242632071346356e-05,2.887624600158674e-05,1.72260109380043e-06,3.8240568551614696e-05,6.029977652950832e-05,4.0656160876970516e-05,6.959028655211675e-05,1.30586853518367e-06,3.5699843460081217e-05,0.00030332816155469026,0.0003019710806161514,5.28738008208561e-05,0.0005129577025435868,0.0005397451917619167,0.0005656595591750063,0.0005719511974592438,0.0005028989965241622,0.0005117099547397601,0.0005222525733058918,0.0005687359719299246,0.00038712645868372897,0.000544677353961808,0.0004627147145662148,0.00025762069793744787,0.0006614141484379513,4.373565903138521e-05,0.0014885475520425924,-1.5719228340973926e-05,0.004348660290787158,-8.796845785999557e-05,0.0050504626197430255,3.204481686915862e-05,0.0058011237479396955,3.141275912626436e-05,0.004801984148562176,-2.2565658723289333e-05,2.969084143178455e-05,7.639165232517189e-06,-0.0001104775002225508,-0.0004567622494294832,-0.0004717943730463933,-0.00048358654550244225,-0.0004921211966446738,-0.00045800166830635967,-0.0005671223033335176,1.158931439856105e-06,2.896189309420004e-05,3.642266196836868e-06,8.960713071337658e-06,-8.209578655912382e-07,3.2668355740329846e-05,3.3464014023042213e-06,-9.306654526943099e-07,3.065693579580078e-07,2.9419047564338086e-07,2.931273647522975e-06,-1.702164348347924e-06,4.103976966570149e-06,3.5930847011504553e-06,-3.6117226197715156e-08,-1.0426256557597686e-06,-2.4388608631083386e-06,3.9324770231573595e-06,-1.2956176838574873e-06,4.218266127435008e-06,4.330006624350261e-05,3.773183878888884e-06,4.136921910606463e-06,2.9261373081123086e-06,-7.33505706392511e-07,-2.6052843134036384e-08,3.0282600572069015e-06,2.848125604658157e-06,1.5321505906332832e-06,3.6705117977041005e-06,-4.126327212829729e-08,1.5022869741834436e-06,3.716708410816798e-05,-3.267063298440261e-07,1.7061137186156893e-06,-2.1973048005956186e-08,-1.7925022005234265e-06,-1.0132488447456993e-06,1.9214239371989895e-06,-5.278288962345488e-08,7.138436279652011e-08,-3.629826124729523e-07,-3.74596020665299e-07,-9.729265716027562e-07,-8.724679148354838e-07,6.102464068373883e-09,-1.5977826553475068e-08,-4.4437233216610035e-07,-7.26900432130791e-07,-8.03890667396023e-07,-1.4253181044770853e-06,-8.343755891638118e-07,-2.85793440798573e-09,2.8804413562872637e-06,8.847776330853689e-08,-1.3746813246606531e-08,-1.233800933563784e-07,-9.115384305888064e-07,-2.1680895396442952e-08,-1.013535333944641e-07,-1.090946233973177e-06,-5.198102473267059e-07,-9.556756381029314e-07,-2.2849841663250586e-08,-3.5807119908838676e-07,2.878899608873783e-06,2.7407149823987494e-06
533.3333333333335,-0.00691862929555732,0.3441887023759255,-0.3506673895,0.005157457566792327,0.36147181664606737,-0.3364278803,0.006492818575776572,0.3614408841272449,-0.3241804729333333,0.005660511179074076,0.3610931147327873,-0.3282887443,-0.015668939021705918,0.36869294915358364,-0.3548538730666665,-0.014901882283361746,0.3673573801018633,-0.3677503426666667,-0.009436034374594185,0.35693964959022156,-0.3475764373666666,0.04026544919310851,0.35271572429322956,-0.2150801082333333,-0.08083166451956908,0.30683035592048885,-0.2482824346666666,0.017206808544761396,0.3375385817670817,-0.2936779419333333,-0.012133415926086463,0.30666379306827835,-0.3305389046999999,0.11377843724875107,0.21997193799518933,-0.06693368024,-0.15293410533452725,0.24485884966570381,-0.0850860364866666,0.1608720425804355,0.048352260616697465,0.0094319273750333,-0.18025669314568954,-0.0008505924157638421,-0.1182973151099999,0.20516605724132522,-0.14734050002828586,0.0435072994466666,-0.17885380949491245,-0.17106918056383463,-0.1943836234666666,0.20605392376646073,-0.18961260921457807,0.0557128275099999,-0.1612319490250368,-0.20497104018174966,-0.2432635493333333,0.18103046229252717,-0.203959132503063,0.0262920066276666,-0.12719459246048814,-0.18290339843242803,-0.2602829625333333,0.20174257652692135,-0.1781183232613071,0.0343998275866666,-0.1620528696881253,-0.17325269004930297,-0.199716762,0.08051476283483153,-0.17526644013457918,0.0498288999033333,-0.07872448194899632,-0.1841902170950662,-0.0480047842366666,0.08692411695316979,-0.5173390968945519,0.0865255648666666,-0.03425073033149138,-0.45304033269860944,-0.0134816042549666,0.08002297150445019,-0.7916549258201407,0.2839559554,-0.0672183196140633,-0.78908856599597,0.1851838250333333,0.06230921961072021,-0.82377930341841,0.3077283701666665,-0.07005220992139939,-0.8189715585571762,0.1645456284666666,0.09113789928403301,-0.8659108721469935,0.2518918623666666,-0.05531487099768048,-0.8516582007547132,0.0697802338166666,onweer_g_ch1_g19_compr.mp4,ch1g19,4.552737146685644e-05,0.0002906169246702027,5.0673156213144336e-05,0.0001457770736530201,2.9663494189177777e-05,0.00032132018953561013,4.869728233556239e-05,1.0444704108412234e-05,2.2909583627122305e-05,1.8838395861812987e-05,6.352555511274577e-05,4.320060210893427e-05,5.053362312131735e-05,5.0466237380219005e-05,2.2512949760107516e-05,4.123356679719643e-05,2.834757673550847e-05,8.138149719857894e-05,4.2294510939719806e-05,5.174618070946667e-05,0.00039322822326930926,4.705219493755794e-05,5.111144569718573e-05,4.4537258560478716e-05,2.7877588589226753e-05,1.669816158256585e-06,4.178557006090517e-05,6.292285605984688e-05,4.229979975753976e-05,7.314168103069726e-05,1.230136081309326e-06,3.763156855496221e-05,0.00034120388177372965,0.00033192660458184674,5.065555844307971e-05,0.000527594580422474,0.0005477679013622273,0.000575187700438428,0.0005815393143010373,0.0005105141028140075,0.000521234770959282,0.0005335037254780881,0.000564985154453933,0.0003790400496297778,0.0005612854307388349,0.00047852119679059373,0.00027118646344114557,0.0006732328632554487,5.6788870785607106e-05,0.0015043674722327622,3.7604828541362554e-05,0.004829090289341649,-2.3123129077102172e-05,0.00568476922522971,0.0001210157115791762,0.006545425640969466,9.567647828137976e-05,0.005350380098030369,-2.2648715403142346e-05,2.9631185237965982e-05,1.4473819978306368e-05,-0.00014298401725879506,-0.00044428659389263067,-0.00046344542433047066,-0.0004703486075837861,-0.0004774542460295213,-0.0004313382504755696,-0.0005555021654821214,1.0921957248100098e-06,3.0624705701371157e-05,3.6905389642840453e-06,7.1359397784765465e-06,-1.9126806281793316e-06,3.450759227679902e-05,3.3708491077608375e-06,-7.930398366125587e-07,2.701456917137558e-07,-4.0761456984588e-08,2.1972025987095788e-06,-2.5774586515797444e-06,4.149808627415068e-06,3.653098101266338e-06,-1.7291580177845012e-07,-1.6653085629256163e-06,-3.181494717889176e-06,2.6895714103548266e-06,-2.144888958754713e-06,4.266474390941434e-06,4.5945292013770845e-05,3.886624176496493e-06,4.158947639913938e-06,2.8622254160706504e-06,-1.7191035758711864e-06,-3.257095002568066e-08,2.9914360395500473e-06,1.9631090346559735e-06,1.0160477251458776e-06,2.9609132032054254e-06,-5.0740866401730165e-08,1.3336491466897375e-06,3.9963604013775604e-05,-1.451074829315007e-07,1.357391865484882e-06,-1.0747699842398999e-07,-2.139855769620245e-06,-9.847927337409286e-07,1.455260211855951e-06,-1.1915858576328201e-07,2.1873140366965573e-07,-2.104264719114744e-07,-2.8570755741809024e-07,-7.406895675750322e-07,-7.044572793519241e-07,-1.2904462344394753e-07,-9.506531482118952e-08,-2.887938719022475e-07,-5.341939211740282e-07,-5.818820952567777e-07,-1.1689552452451999e-06,-6.906863858679375e-07,-1.3953965836177044e-07,2.049896481987414e-06,-5.411027054219325e-08,-1.4823976380153367e-07,-1.833481534529382e-07,-8.904318372975968e-07,-5.563808090989716e-09,-1.857858283750968e-07,-8.633067039833816e-07,-4.762856577206326e-07,-7.103746409150916e-07,-6.051140772400998e-09,-3.0328014322860984e-07,2.3443212249977566e-06,2.692618754456806e-06
550.0000000000001,-0.0074854378209900365,0.3447220884072692,-0.3490052583666667,0.004560607353421884,0.36202609923244006,-0.3348077873333334,0.005881090296266009,0.36202430602720115,-0.3225799998,0.00504915918853606,0.3616823481566947,-0.3266781898000001,-0.016349664344346513,0.3692037127406019,-0.3531681925666666,-0.01556178596461339,0.36788269205039636,-0.3660550117333333,-0.01011259609385401,0.3574796785760133,-0.3459000090333333,0.03974159619971945,0.3532853553146759,-0.2135018681333333,-0.08134410076912518,0.30719276843329757,-0.2463778173999999,0.01672651317864416,0.33811024435794734,-0.2920853922333333,-0.012632270708311697,0.30714585179394666,-0.3288796664666666,0.11350877375632909,0.22026897961033176,-0.0654396955333333,-0.1532026988893507,0.24552294216222909,-0.0832117643366666,0.1605070050031271,0.04841316047807283,0.0106932651280333,-0.1822306333723441,0.0006102952245684787,-0.1182340229099999,0.20414967969401493,-0.14728789723556718,0.0435166669366666,-0.17924741138474298,-0.16610004212022314,-0.1986116084333333,0.2047329927736768,-0.1896200004761964,0.0552691085033333,-0.16113595731995073,-0.19908838894797307,-0.2483749600333333,0.17985707009491322,-0.20380098986337836,0.0259521147109999,-0.12691995101843168,-0.17609214775668067,-0.2649080822999999,0.20072214658845577,-0.17800100011504924,0.0344228023233333,-0.16229711359445056,-0.1677301670625852,-0.199587643,0.08051202766660398,-0.17528786590410908,0.0498095682533333,-0.07872016846917052,-0.18416161259392602,-0.0479685720566666,0.0867763675291313,-0.5173462978138399,0.0857636665099999,-0.03446598847890129,-0.45322431694532783,-0.0142859176369666,0.07993776182103214,-0.7921464318452629,0.2823893556,-0.06771427649498568,-0.7895922215053908,0.1840139155,0.06221919613995615,-0.8243007876195211,0.3061116646999999,-0.07055642192357053,-0.819491060696814,0.1633371045333333,0.09104248878279379,-0.8663722472704021,0.2499236444999999,-0.055672158503389794,-0.852241731703638,0.0683300950833333,onweer_g_ch1_g19_compr.mp4,ch1g19,4.663923557510806e-05,0.0003216257750951633,5.48726437161277e-05,0.0001522063814724533,2.6836968009859108e-05,0.00035642114572632293,5.256450002748006e-05,9.804728289824833e-06,2.3069147404496418e-05,1.8559419069486286e-05,6.529184489465708e-05,3.9933937849839454e-05,5.5179805490835634e-05,5.4626197933902065e-05,2.2177824271972978e-05,3.891980169217319e-05,2.4481170807447133e-05,8.332237004711299e-05,3.9467653042122575e-05,5.6526701583619305e-05,0.00044074953541708956,5.151103722594779e-05,5.57519971769359e-05,4.781677900923215e-05,2.5353060320910253e-05,1.6411013800855488e-06,4.5272351105614014e-05,6.435863261244172e-05,4.3463839880911984e-05,7.570706242457164e-05,1.1764991167406975e-06,3.921758182945775e-05,0.0003825740282718155,0.0003622758772643913,4.69092027675709e-05,0.0005370382767794654,0.0005504368863581752,0.0005795998486073247,0.0005849679256802198,0.0005128574891850915,0.000526295140049024,0.0005405194539939537,0.000551826372019711,0.0003646496539739602,0.0005702681957935026,0.000488587283262528,0.00028194808413046086,0.000657211237751427,7.475620266200716e-05,0.0014761096941665233,9.50026878771524e-05,0.005340709779163801,4.4786214274069883e-05,0.00637620295579298,0.00021295805657620373,0.007342028716755913,0.00016397214105568885,0.005932648423543688,-2.155038627252019e-05,2.860579896128922e-05,2.623677478654679e-05,-0.0001736638598058668,-0.0004157891294343764,-0.0004406209384936103,-0.0004404028004226001,-0.0004464497122862011,-0.0003865038699356267,-0.0005245954594311366,1.1773120955741484e-06,3.199105926423754e-05,3.6586756893922995e-06,4.939008518472658e-06,-2.9784006637837385e-06,3.5908954650276286e-05,3.3369737022977106e-06,-4.378614479390037e-07,2.9432950550811846e-07,-1.8962145486255002e-07,1.8051672078632634e-06,-3.239346745579787e-06,4.0614498203515725e-06,3.6402757940441433e-06,-2.3125189121937895e-07,-2.0423850231925748e-06,-3.6199148018444246e-06,1.8473368106211564e-06,-2.8034800704238496e-06,4.176838125609912e-06,4.773843666242395e-05,3.851606611402244e-06,4.052046485644481e-06,2.7350509252120175e-06,-2.691201074007428e-06,-2.5151746599328185e-08,2.8706974350332266e-06,1.4071070665048044e-06,5.240359713080138e-07,2.6416398975567078e-06,-4.521320648634375e-08,1.2090387210028462e-06,4.227567465698217e-05,1.6959414994974894e-08,9.263819384503006e-07,-2.148340215189332e-07,-2.1999695217153197e-06,-7.691528364121366e-07,8.882329998801544e-07,-2.0304381855186905e-07,3.273456975972232e-07,-6.359364671073021e-08,-1.6128869207442985e-07,-4.444734090370965e-07,-4.5860170062284764e-07,-2.751499143206049e-07,-1.9889641079023715e-07,-1.1208235979329465e-07,-2.9682360340475663e-07,-2.4316475304233656e-07,-7.980421531153823e-07,-4.743059362188186e-07,-2.8824531297164027e-07,1.0328287086182051e-06,-2.1606042401729146e-07,-2.8697557458275404e-07,-2.4818419115466096e-07,-7.028872352161291e-07,1.4751167741652162e-08,-2.6330984560059603e-07,-5.546094388868878e-07,-3.379673893814404e-07,-4.093004069626909e-07,1.6063365756066893e-08,-2.1477307369007897e-07,1.6002441292488897e-06,2.4532026979934883e-06
566.6666666666667,-0.008137616176897776,0.3452594884982697,-0.3473110619,0.0038944029485438033,0.3625710025213238,-0.3331586370666667,0.005194179438867442,0.3626000960143317,-0.3209523449666667,0.004360326308052837,0.3622629333256737,-0.3250384431666667,-0.017116041074475747,0.3697116957933065,-0.3514258385333332,-0.016307264727651018,0.3684082970448074,-0.3642994642333333,-0.010875219504268856,0.35802165323551,-0.3441656787666666,0.039206045324823864,0.35382979019322003,-0.2119165082666666,-0.08187943676467203,0.3075490440188898,-0.2443592777999999,0.016193949712673517,0.33868406903398335,-0.2904764642,-0.01318589647402475,0.3076387003647963,-0.3271728020333332,0.11324906144677271,0.22055366659191036,-0.06396777305,-0.15351610631070317,0.24617410791113975,-0.08119527228,0.1601580776887054,0.048469605882030746,0.0119273222693666,-0.1844292124445264,0.0020403389287134916,-0.1184036641766666,0.20311493395560917,-0.14722083751953696,0.0436030327,-0.17974279686622116,-0.1604408538725258,-0.2036706977,0.20336673934313285,-0.189596159021617,0.0549290736899999,-0.16109624620195434,-0.1922735208906973,-0.2544472398333333,0.17864970329814442,-0.20358935262193673,0.0257235270509999,-0.12668209109311948,-0.16820486512866287,-0.2704616958999999,0.19968360488833006,-0.1778569001975363,0.0345347056366666,-0.16263733897269536,-0.1614213903542587,-0.190938547,0.08050787092859173,-0.17530880495879403,0.0497550585633333,-0.07871515665861648,-0.18413358625812531,-0.04788366561,0.08666780106592006,-0.5173346637324114,0.0844007621033333,-0.03464638407413526,-0.45342401404790583,-0.0151194236426666,0.07993256068546159,-0.7926385682677505,0.2801223138,-0.06815510093296392,-0.790096253555326,0.1830604503,0.062212019302911,-0.8248217209161057,0.3037891339333333,-0.07100324123354676,-0.8200076034218121,0.1623610452,0.09102875844575575,-0.8667933200674753,0.2472167874666666,-0.05600312117650157,-0.8528063356390994,0.0671900688433333,onweer_g_ch1_g19_compr.mp4,ch1g19,4.812140596386992e-05,0.0003532978675906837,5.884540857211978e-05,0.00015506231776350624,2.290018278101732e-05,0.00039196257606914235,5.6200786435200555e-05,9.662600935044723e-06,2.3528550549526296e-05,1.8010379186398655e-05,6.695984600412763e-05,3.625779968185392e-05,5.9419868770130544e-05,5.857381837625525e-05,2.2051898689268828e-05,3.6524617589147064e-05,2.0638052389807412e-05,8.474541756762253e-05,3.6259044273283654e-05,6.086519677285452e-05,0.0004884709102805645,5.562192635298698e-05,5.994519515726619e-05,5.08000465796222e-05,2.1788265247529313e-05,1.6568360650481784e-06,4.828996742844358e-05,6.558807654018144e-05,4.387450649362678e-05,7.818797380575469e-05,1.1537791566642429e-06,4.03667275425985e-05,0.00042507864949738444,0.00039198442271901225,4.230185331765782e-05,0.0005367921974649478,0.0005440466968262648,0.000575295110223826,0.0005788290801536082,0.0005064486378073238,0.0005236311842172079,0.0005398376306496777,0.0005294415002480888,0.0003417931981092676,0.0005686082079616835,0.0004889480954163262,0.0002930042063923928,0.0006151809444411607,0.00010417915625867602,0.0014104612365019606,0.00016234617064965907,0.005863337730049129,0.00012029854952080125,0.007085501645262772,0.0003092878149361604,0.008140833814644841,0.00024040865714855232,0.006521543097736266,-1.9415004027085458e-05,2.6688787102285285e-05,4.0844220668558476e-05,-0.00019427862696900814,-0.00036827423616889724,-0.00040268218358654805,-0.0003902251272583544,-0.0004010771666304234,-0.0003246596002913648,-0.0004761569386738912,1.1403573583848666e-06,3.252704614860483e-05,3.396373030080945e-06,2.3797600701880374e-06,-3.97975394929689e-06,3.630738777669785e-05,3.092185095926715e-06,1.200432243352614e-08,4.134754095072526e-08,-2.870649646394711e-07,1.4896273918513709e-06,-3.7080461223351914e-06,3.703808917961819e-06,3.396399304322703e-06,-5.349562672667118e-07,-2.3701028190960524e-06,-3.8948806416905954e-06,1.2134761214863966e-06,-3.279726745247825e-06,3.7979590768239133e-06,4.796536655560854e-05,3.556409876435052e-06,3.6870790609572384e-06,2.447622795081581e-06,-3.606483833007843e-06,-2.0458148195645143e-08,2.5357164671468127e-06,9.536797103422777e-07,7.812649843549365e-08,2.429591632133729e-06,-3.8485758953971075e-08,8.693578857671948e-07,4.3328253576051666e-05,1.2088149613535045e-07,4.388650477683851e-07,-3.187932738158913e-07,-1.919894832655959e-06,-4.045183417576015e-07,2.6289673762550257e-07,-2.8154439539723497e-07,3.754340083525509e-07,4.035464036027889e-08,-2.2351664559024235e-08,-1.7419603623274645e-07,-1.7707932932878354e-07,-3.9790717605351604e-07,-3.032864685679468e-07,3.8464429566300805e-08,-6.478818160596502e-08,1.4292182091793132e-07,-4.17841303157441e-07,-2.2580015224789228e-07,-4.137868914322965e-07,-6.054710146328936e-08,-3.566137461199826e-07,-3.964698514721788e-07,-2.9818609431819896e-07,-3.7971972140031805e-07,3.682193799455216e-08,-3.06206702301411e-07,-2.556717257464847e-07,-1.0952867001136472e-07,-1.4470740752312863e-07,4.093827257317447e-08,-9.266914018426245e-08,7.1815818016132e-07,1.986314738982684e-06
583.3333333333334,-0.008905426357003572,0.34579397005012846,-0.3456888678333333,0.0031315780419328087,0.3631106873239887,-0.3316149234333333,0.004402726765525914,0.36317052339338257,-0.3194316824666666,0.0035652413607811457,0.3628376780148416,-0.3235050898333333,-0.017986530513571606,0.3702159592328614,-0.3497701684999999,-0.017156887613761742,0.36893092555977297,-0.3626309116666666,-0.011742460680732012,0.35856058838725835,-0.3425201445333333,0.03862905572757964,0.35436192906452635,-0.2105614910666666,-0.08244468981733384,0.30789288276257387,-0.2424743409999999,0.015569438246585826,0.33925053177557035,-0.2889819244,-0.013825755079175526,0.30813035122638593,-0.3255416245666666,0.11299077263358039,0.22085162436130917,-0.0627158593166666,-0.15385991681313407,0.24680504074588674,-0.07926120785,0.1598106552500484,0.04858041129635747,0.0129843715916999,-0.18661021553849935,0.0034371738918982007,-0.1192459202766666,0.20206507717444522,-0.1470145607166295,0.0434666181566666,-0.18028089547088932,-0.15423203715981806,-0.2093429232666666,0.2019891316711083,-0.18941775274768802,0.0543682827666666,-0.16109754572836402,-0.18472302854982478,-0.2611043415333333,0.17742736817984925,-0.20320409412728022,0.0252920248443333,-0.12648444445415952,-0.15951366786268548,-0.2765365943333333,0.19862788550313445,-0.17756241442723913,0.0344376289166666,-0.16302347588180405,-0.1544942189785936,-0.188609868,0.08050503013007367,-0.17532875245507668,0.04969274203,-0.07871311726282554,-0.18410628490330594,-0.04778559461,0.08656310945413986,-0.5172835664157269,0.0833487418599999,-0.03484175950749582,-0.4536225091821685,-0.0157164068759999,0.07992559126155532,-0.7929630586087466,0.2786020029333333,-0.06855316431765779,-0.7904909147494085,0.1829501295666666,0.0622030100573082,-0.8251649934626816,0.3022727914999999,-0.07139582150747767,-0.8203961396083165,0.1623147219666666,0.09101376368378479,-0.8670768589620768,0.2455635984999999,-0.05632852601386649,-0.8532845745351874,0.0672342632033333,onweer_g_ch1_g19_compr.mp4,ch1g19,4.9205377074857376e-05,0.0003857269757319322,6.198726463439852e-05,0.00015509890339294663,1.8245909104763233e-05,0.00042798337517041464,5.903729318635929e-05,9.839393684589558e-06,2.3561732814924933e-05,1.7589072980299776e-05,6.783124607693122e-05,3.2267704732814255e-05,6.276161029858916e-05,6.172343258138616e-05,2.1473368214534553e-05,3.407340804658011e-05,1.6719921922628296e-05,8.512130744072635e-05,3.270093865558787e-05,6.429416321722271e-05,0.000536189730085626,5.886392527831171e-05,6.321899180727408e-05,5.2956052475678716e-05,1.755281248677584e-05,1.6616607290632046e-06,5.0439883858280635e-05,6.594870087268331e-05,4.326069820210387e-05,7.990291399108932e-05,1.143744043152427e-06,4.07719977604816e-05,0.0004686382584429914,0.0004214870179854521,3.71140487572083e-05,0.0005277216355395203,0.0005293160206203575,0.0005623453075914916,0.0005633753702706026,0.0004919397882520677,0.0005134490804953588,0.0005312099848125776,0.000499252406267744,0.00031289947883657337,0.0005566497107692382,0.00048086130031661843,0.0002986417051086263,0.0005493093526445556,0.00012682684026034256,0.0013225487748738567,0.0002215261464597851,0.006398968173051208,0.00018616204089258736,0.0078107827062381344,0.000394722452560161,0.008937144072917966,0.0003081578542002653,0.007117601096290749,-1.6403259348304837e-05,2.4372947178054264e-05,6.002315214861609e-05,-0.00020500498704979135,-0.0003006613410467822,-0.00034738886312357973,-0.0003183220601938563,-0.00033789818838438063,-0.0002495103802180035,-0.0004077381405091703,1.3276059702074397e-06,3.2559342310521364e-05,3.0228296513068353e-06,5.219743877326886e-07,-4.194125276041155e-06,3.605110339567967e-05,2.7647766856854654e-06,5.27230956585928e-07,1.1058666872445227e-07,-1.830361583319948e-07,1.5625714012975114e-06,-3.6289868897181256e-06,3.220126373820057e-06,3.03959552422449e-06,-4.243562481754557e-07,-2.2112201072435104e-06,-3.4814175086327114e-06,1.123919090037161e-06,-3.2819316245177885e-06,3.2935643481703315e-06,4.708646700728228e-05,3.1045396107763303e-06,3.2070416905963398e-06,2.1360420345025702e-06,-3.815774913935497e-06,2.769023901858299e-08,2.1878765102486838e-06,9.79906760423432e-07,7.910398006258099e-08,2.5352519223239147e-06,1.2778278335440282e-08,7.838339718148603e-07,4.3421666430762466e-05,1.7498847210617304e-07,-9.36078961739119e-08,-3.850442133408795e-07,-1.3593380103988431e-06,5.4091079775543466e-08,-4.003840077251969e-07,-3.24653344522119e-07,3.6344627084014864e-07,1.1300647988500832e-07,1.0598004892821316e-07,3.8047161406868655e-08,1.0527776649319028e-07,-4.6383935188616235e-07,-3.747624432580622e-07,1.7020911591297148e-07,1.3186082511676245e-07,5.348370557354133e-07,-8.305197739946835e-08,2.480828383237253e-08,-4.829402261525262e-07,-1.1571208973889696e-06,-4.389669830361774e-07,-4.45966312686044e-07,-3.09445593534751e-07,3.0894297957064907e-08,6.033856535424196e-08,-2.9381470477912375e-07,-9.360425255521478e-10,1.8047899128380723e-07,4.5591275186826265e-08,6.661304186428336e-08,6.43212802580424e-08,-2.4692851829870556e-07,1.3731475827662066e-06
600.0,-0.0097597645456643,0.34632920296795966,-0.3440945280333333,0.002289475795823472,0.36364772962575254,-0.3301049331333333,0.003525416129084897,0.36373939012876905,-0.3179444393000001,0.002683206665858245,0.3634094241003435,-0.3220050962333333,-0.018937069544660106,0.37071956191856176,-0.3481455236999999,-0.018086890863255125,0.3694533036194143,-0.3609963566,-0.012690608135883066,0.35909921005537965,-0.3409066874999999,0.037990599500166776,0.3548741186919082,-0.2092927301999999,-0.08303827272294798,0.3082300899283471,-0.2406354244666666,0.01486456149034114,0.33981615113843816,-0.287518238,-0.014533981376846427,0.30862225934635446,-0.3239469519666666,0.11273270529126816,0.22115180555770947,-0.0616773903166666,-0.15427343347426634,0.2473940262870538,-0.0773469259566666,0.15949908874107216,0.048736883274402745,0.0138336967313666,-0.18881075260420457,0.00478764949454968,-0.1205514840099999,0.20100246949606068,-0.1467525729367014,0.04321911049,-0.1809428822218294,-0.14748639491125673,-0.2155937473,0.200609373004608,-0.18920012307191453,0.0537565728399999,-0.161227096703244,-0.1764714414622766,-0.2683301043333333,0.17618407176316622,-0.20277602844719503,0.0248638562443333,-0.12644146341065993,-0.15011919262108187,-0.2831313734333334,0.19755689494613166,-0.1772137858123771,0.0342592992699999,-0.16354531687170273,-0.1470032245095329,-0.18793,0.08050640378405602,-0.1753457773992726,0.0496050983666666,-0.07871629902588231,-0.1840809095836587,-0.0476584035133333,0.08644369602867047,-0.5172033348734579,0.0822793617633333,-0.03508842595023283,-0.45381590156789836,-0.0162231540793333,0.07990444148710381,-0.793172576149765,0.2770933706333333,-0.06895398948824613,-0.7907625137395373,0.1830340867,0.062182615653484534,-0.8253879059329803,0.3008012710333332,-0.07178723811314897,-0.8206493141821017,0.1624673242666666,0.09098076686656027,-0.8672698092064062,0.2439788455999999,-0.05669412849913258,-0.8536573663373882,0.06744565505,onweer_g_ch1_g19_compr.mp4,ch1g19,5.051946895373443e-05,0.00041929383626844143,6.455737438600394e-05,0.0001534948994167558,1.3893650470777494e-05,0.0004649192671077719,6.133589863707963e-05,1.0616690413822123e-05,2.3534484564074604e-05,1.7660564756462025e-05,6.885636435956023e-05,2.8787234096756622e-05,6.552287063202134e-05,6.432896823149742e-05,2.0749070441230164e-05,3.22063027332147e-05,1.3448961492337375e-05,8.576952131034385e-05,2.945849641666679e-05,6.713970666596405e-05,0.00058414485471276,6.143695376124374e-05,6.595035867925451e-05,5.463908935430611e-05,1.365564621162086e-05,1.7247782116887801e-06,5.210395204164646e-05,6.635791629775965e-05,4.260184776284068e-05,8.20056142843118e-05,1.195480289889748e-06,4.1296406005656794e-05,0.0005133815747980421,0.000451887045907738,3.24696733058361e-05,0.0005061076554616406,0.00050319318715408,0.0005383160233940011,0.0005360345107708639,0.0004659187553906311,0.0004920111068205975,0.0005107950780415524,0.0004608757493128793,0.0002736349446664211,0.0005321334848154058,0.000460217640100932,0.0002991297083577403,0.00046610877946134623,0.0001481999570336279,0.0012196310028403984,0.0002772191042716595,0.006954465133876057,0.00024561377143757473,0.008554931561598809,0.00047194600197325196,0.009735443511512364,0.00037159058175462764,0.007728769615354451,-1.2452479731262902e-05,2.150457261875802e-05,8.211300471632044e-05,-0.00020573078285231034,-0.00020942161885665039,-0.0002676395376351373,-0.0002213332373513685,-0.0002494854247129525,-0.00015432013637420617,-0.00031447020366139977,1.5137361659215473e-06,3.214497346469959e-05,2.5145629711661905e-06,-5.940277522529926e-07,-3.815252188533924e-06,3.525466390880237e-05,2.327739931317544e-06,9.486690282011645e-07,2.1413908062417785e-07,-1.51529358687768e-08,1.7508013977005902e-06,-3.255461445019748e-06,2.6211218159922227e-06,2.541666941413162e-06,-2.46793700742113e-07,-1.8777545415176066e-06,-2.6378475924860193e-06,1.3351612966799772e-06,-3.0167019951639034e-06,2.6714215825058736e-06,4.529370681760583e-05,2.518888793285456e-06,2.6298391033004268e-06,1.7388201590058542e-06,-3.482905842740574e-06,9.889162313265125e-08,1.7928888690608781e-06,1.188067090755307e-06,3.746494783815343e-07,2.7123811414304305e-06,9.195519277242132e-08,8.264619034696183e-07,4.261311572426602e-05,1.6023090965415938e-07,-6.701336386488935e-07,-4.0970451254631415e-07,-6.207000526688203e-07,5.260749135667246e-07,-1.0979776981524447e-06,-3.316795172876495e-07,2.873418146810818e-07,1.441044207160852e-07,1.998883585431925e-07,1.3352852520627976e-07,3.4366939349350413e-07,-4.7266057189411724e-07,-4.0862359619854054e-07,2.644500006100024e-07,2.6484096777888115e-07,8.713315814160925e-07,1.213413682548738e-07,2.396206810946221e-07,-4.946745203232467e-07,-2.217524481662002e-06,-4.5785915225595937e-07,-4.3980598475001364e-07,-2.8851477928615336e-07,4.5561505569931634e-07,8.099402665284e-08,-2.3709616032680984e-07,1.485585478141188e-07,4.5265554465471815e-07,9.475295241243808e-08,8.87299386135549e-08,2.1824140951801378e-07,-1.2546153889473711e-06,9.624713470972278e-07
616.6666666666666,-0.01077702181658604,0.3468089650337412,-0.3429123732,0.0012791819518293871,0.3641175383362645,-0.3289933124666667,0.0024744353403279846,0.36424549902559805,-0.3168528318666667,0.0016242206766508456,0.3639110606460056,-0.3208944978,-0.02005524874315635,0.37115124230754665,-0.3469058802,-0.019184130010047342,0.3699125609632624,-0.3597511370666666,-0.013810761268774745,0.3595786517773108,-0.3396753112,0.03723055591965341,0.35528033476042287,-0.2084184115333333,-0.08372375679679211,0.3084580796214304,-0.2390463020666666,0.014025646650679888,0.34031617084377225,-0.2864420185333333,-0.015370387678619911,0.3090553640606471,-0.3227201185,0.1124797453853079,0.22142961728052374,-0.0609734237,-0.15488236317135892,0.2477903665494079,-0.0754991982366666,0.15919516826554805,0.048892346656680796,0.0145780902150333,-0.19112885086077586,0.0058979933803120785,-0.1220840316766666,0.19991100874691578,-0.1464260637462837,0.0431167962633333,-0.18171902169020301,-0.1404260504799302,-0.2220975771333333,0.1991751308151326,-0.18889289562310804,0.0533526874199999,-0.1614740010328041,-0.16772467293344587,-0.2757826568666666,0.17485067482969313,-0.20222593934619312,0.0246600294709999,-0.1265288954148685,-0.14016424813212752,-0.2899388686,0.19644205006776944,-0.17678505261797314,0.0342393601499999,-0.1641931445502239,-0.1391457316100247,-0.181673586,0.08052449574539618,-0.175357107790043,0.0494903564466666,-0.0787405592170668,-0.1840606419413287,-0.0474960751066666,0.08624440525712689,-0.517086126755425,0.0809806159166666,-0.035338238162720984,-0.4540152783837945,-0.0165542960659999,0.07983684394384795,-0.7932695572991613,0.2755986341333333,-0.06935967547301237,-0.7909376478120841,0.1835095410333333,0.062125462340211324,-0.8254896984715028,0.2993675011666666,-0.07218391570412337,-0.820793257619919,0.1630415022666667,0.09083299316590608,-0.8673324988714931,0.2423419699333332,-0.057122695913092866,-0.8538422271491569,0.06798342426,onweer_g_ch1_g19_compr.mp4,ch1g19,5.214089039090048e-05,0.0004512518157844845,6.670591862641409e-05,0.00015224947445333876,1.0048364786060431e-05,0.0004998534231320654,6.331152722465099e-05,1.1827364444016268e-05,2.3752323026150156e-05,1.7666110296328382e-05,7.117946731902117e-05,2.5614031467544752e-05,6.778952619303031e-05,6.652941992301905e-05,2.054411800613318e-05,3.0488793063372684e-05,1.0991429275230297e-05,8.769051829955565e-05,2.6489383606671588e-05,6.942837141641177e-05,0.0006279968940633608,6.356585923645804e-05,6.825365738343932e-05,5.604510387742821e-05,1.0171098164040655e-05,1.8251124068094376e-06,5.356184803643432e-05,6.80320970298623e-05,4.277687111872187e-05,8.544127588823706e-05,1.2987346342172153e-06,4.2014303099731065e-05,0.0005553340493783022,0.000481516905965972,2.8374965757229606e-05,0.00046057619165151923,0.00045330998966299434,0.0004909626189845269,0.0004848827417928646,0.00041956970597853166,0.0004497546751231878,0.00046874321211625716,0.00040451818751626107,0.00022610402852502823,0.0004842438289174511,0.0004192584645592207,0.00028724142604977547,0.00037854502337191014,0.00015682924182115323,0.0011345295407653722,0.0003109408898992244,0.007484314947475703,0.00027997825869124655,0.00925277017967261,0.000517723170345156,0.010465603706294931,0.00041077759560663414,0.008307025097477166,-8.011020946708139e-06,1.8345023102955124e-05,0.00010459822353658036,-0.0002020933538415993,-0.00011129135540041332,-0.00018748846347928295,-0.00011620683634060015,-0.00016104301839045914,-5.806937775347985e-05,-0.00021907712174906277,1.6162981273558192e-06,3.1512374886657876e-05,1.8793508673856542e-06,-8.411933949931757e-07,-2.910155856015611e-06,3.414207062935416e-05,1.7853863669555173e-06,1.1406486781275821e-06,3.806782036143493e-07,2.1544968503179596e-07,1.830211527073681e-06,-2.7146598456101673e-06,1.9348314157899504e-06,1.9066825015811392e-06,4.375849051372873e-08,-1.4349205666055475e-06,-1.5298355879601372e-06,1.5279737546831868e-06,-2.5967174733440815e-06,1.95556953249915e-06,4.2876292538871065e-05,1.8470074905324325e-06,1.983865909244663e-06,1.2974250670249636e-06,-2.6762746227946064e-06,1.9250841387522833e-07,1.4026527182362614e-06,1.3506253375066783e-06,9.471311466932097e-07,2.6888090458742694e-06,1.968290004676118e-07,1.0019985767091174e-06,4.1161601014129606e-05,8.38677477455314e-08,-1.1556057878748914e-06,-3.9781912936922305e-07,1.5569828236950376e-07,9.3818747447093e-07,-1.6796529000903683e-06,-3.1181962371571563e-07,1.6119102092367328e-07,1.3503460668103e-07,2.649657699266857e-07,5.96600458280834e-08,5.205587027246846e-07,-4.3212049803122565e-07,-4.0783779462137535e-07,3.0230367382271313e-07,3.405798451713336e-07,1.1008389401704583e-06,1.3595466033039953e-07,3.99340533114864e-07,-4.542285944307184e-07,-3.0209997307019278e-06,-4.2708368518826166e-07,-3.8973151827344774e-07,-2.4904960724690007e-07,8.325808056432567e-07,9.659326225293387e-08,-1.5811499000884999e-07,1.3177485003628092e-07,6.301773016794679e-07,-3.860123504131194e-08,1.0432828826036105e-07,3.502841422344521e-07,-2.0922764748359625e-06,1.2117833199097747e-06
633.3333333333333,-0.011829155032554836,0.3472177231008835,-0.3416740211666667,0.00022587132828847113,0.36451398847653077,-0.3278392463333333,0.0013774956279969024,0.3646819107391848,-0.3157175342333334,0.0005213134817639577,0.3643386877863073,-0.3197447142666666,-0.02120611213849482,0.37151655803833133,-0.3456344962333333,-0.02031448544199683,0.3703092462091029,-0.3584732929666666,-0.01496490683597286,0.3599948654781204,-0.3384131888,0.03637560850256138,0.35561440703275765,-0.2076245446999999,-0.08444031692248369,0.30861861422379766,-0.2374873733999999,0.013134122732334445,0.34074509799641606,-0.2853226472666667,-0.01624363068020332,0.3094223204996206,-0.3214555453666666,0.11217410150731832,0.22169163008025844,-0.0604017530666666,-0.1555503501023948,0.24806274157372926,-0.0737238380033333,0.15885975985036108,0.04904663782686256,0.0152956517367,-0.19345044994653776,0.006950593621998771,-0.1236863704099999,0.19875513370109507,-0.14609532754058158,0.0430514138166666,-0.18250761955302008,-0.1327348432624549,-0.2283730774999999,0.19766787080842665,-0.18858307545747027,0.0530041411899999,-0.16173588351687757,-0.15816068684726392,-0.2829366601666666,0.1734296218199633,-0.20167963767822417,0.0245269239809999,-0.1266618424004418,-0.1293904908380471,-0.2964235569,0.19525658933649337,-0.17635193402459098,0.03425647935,-0.1648800329403908,-0.1306091305083296,-0.174353838,0.08054238942912832,-0.17536230556038804,0.0493619700266666,-0.07876497317444285,-0.18404504328617932,-0.0473174021133333,0.08602845644814675,-0.516962268879889,0.0796536563533333,-0.035579612849194184,-0.45420604953531607,-0.0168311694793333,0.07970961349099867,-0.793314798814869,0.2740682997999999,-0.06973296306642005,-0.7910523105013774,0.1841593210666666,0.06201111227129985,-0.8255336808503664,0.2978984244666666,-0.07254871732118821,-0.8208757738738522,0.1637777219333333,0.09066277058457937,-0.8673143896538326,0.2406893611333332,-0.057586993623175216,-0.8539615929503834,0.0687235050933333,onweer_g_ch1_g19_compr.mp4,ch1g19,5.370407404005929e-05,0.0004835558597868505,6.826472904876816e-05,0.00015313097406794766,7.6226437223220916e-06,0.0005344508677064107,6.483299964691352e-05,1.3144194875563005e-05,2.4139442897341283e-05,1.8161414490182964e-05,7.356132166742521e-05,2.3187505401555167e-05,6.937123058283105e-05,6.812538600240725e-05,2.075457995452063e-05,2.9181075886838047e-05,9.907351380796632e-06,8.976696611423583e-05,2.4130175739000207e-05,7.100378733539843e-05,0.0006700405555642716,6.508318711437516e-05,6.991843459952379e-05,5.7114757643651866e-05,7.893327976432942e-06,2.014839605744345e-06,5.478607135816896e-05,6.992700812060628e-05,4.3934316696172985e-05,8.863923328573363e-05,1.5031571201591505e-06,4.309191885057129e-05,0.0005965477654241725,0.0005124411222833181,2.5388383322664976e-05,0.00038757492688645963,0.0003760389454233213,0.00041688724963636145,0.0004066443863159227,0.00034792923875923837,0.00038226978608796655,0.0004012332637702885,0.0003283513258920657,0.00016596533804323407,0.0004102231044505157,0.0003542150520827255,0.0002621960370279469,0.00029477739114228997,0.0001443821112273419,0.0010896693395718855,0.00031723345758157006,0.008021338429738564,0.00028768151310008946,0.009939158415394826,0.0005326316932296441,0.011166051017564575,0.0004208410513131464,0.008880728436234293,-2.578703930985453e-06,1.4174852926403523e-05,0.00012411856058062702,-0.0002030920511670019,-1.599205717873143e-05,-0.00011181432434578821,-1.3828593547602151e-05,-7.660202142668921e-05,3.7069213577776104e-05,-0.00012103051422721464,1.6204183826760074e-06,3.0295944795311746e-05,1.369439680883367e-06,-2.4364745534687055e-07,-1.6490439140074866e-06,3.236505754222288e-05,1.3693449580544894e-06,1.1237659540379669e-06,5.040924353673892e-07,4.838461669444738e-07,1.7444663953511508e-06,-2.0194240847288183e-06,1.4244863559118327e-06,1.3810329129285033e-06,3.4232483549673366e-07,-1.0134014790853471e-06,-3.0839458485721384e-07,1.591334297493034e-06,-2.027219889455509e-06,1.4219077836855227e-06,3.963488377397833e-05,1.3242090268187434e-06,1.5240611857674335e-06,9.711218202552304e-07,-1.5565925026861693e-06,2.9799266116913416e-07,1.2010607906228552e-06,1.3731996749516402e-06,1.7183383632260278e-06,2.4620471305408953e-06,3.143473430492658e-07,1.4061048418361976e-06,3.876575848227346e-05,-3.333524324960983e-08,-1.557398344161841e-06,-3.5258815522047017e-07,8.430761055024717e-07,1.2204300326235188e-06,-2.1403463805486272e-06,-2.708661847030001e-07,1.6266982960076175e-08,1.0317162720491715e-07,2.8570795907420696e-07,-1.325750398779129e-07,6.207379672978858e-07,-3.4887358226897393e-07,-3.7234323948284113e-07,2.9309633545201483e-07,3.7153384188100734e-07,1.1968497026588809e-06,-5.372529557367543e-10,4.92054663342568e-07,-3.673354665281877e-07,-3.5725381452410324e-06,-3.552590952547904e-07,-3.0345609347738116e-07,-1.98263628717674e-07,1.0999357275599616e-06,1.0340504154381062e-07,-7.016491795452914e-08,-1.3356887811733197e-08,6.642649973326637e-07,-2.8830105195626246e-07,1.095078016109054e-07,4.397368195087656e-07,-2.7424587710717696e-06,1.7950907471141044e-06
649.9999999999999,-0.012878032283575062,0.3475425678295887,-0.3400599172333333,-0.0008247037011192454,0.36482310411351415,-0.3263352095666667,0.00028137095022855483,0.36503471067832327,-0.3142418285333334,-0.0005811524664095861,0.3646766957402459,-0.3182496183999999,-0.022351377022678386,0.3718006966593828,-0.3439926912666667,-0.021439422903863355,0.3706322355332099,-0.3568316707666666,-0.016113488823416306,0.36033842935551863,-0.3367919563666666,0.03549857707149754,0.3558660124447679,-0.2065830493999999,-0.08516421832191799,0.3087197899996485,-0.2357233927999999,0.012233490074279828,0.3410893996050925,-0.2839067885999999,-0.017122578196542528,0.3097166543845709,-0.3198762139999999,0.11186837227671537,0.22193526605644978,-0.0596772021066666,-0.15626832819625366,0.2482503531064237,-0.0719978608533333,0.15856133738657693,0.049191953623794867,0.0161325315740333,-0.1957624091606571,0.00798719902405811,-0.1254913306766666,0.19761671363629277,-0.1457661562347406,0.0431328395966666,-0.183297447110889,-0.12448793740272691,-0.2349266156666666,0.19617355166996195,-0.18827958902085137,0.0528635448833333,-0.16199800833834418,-0.1479265227975912,-0.2903900491333333,0.17200742858392895,-0.20113317124741129,0.0246782724676666,-0.1268130230595625,-0.11794830991969076,-0.3031609311666666,0.19407835848036492,-0.1759189404319118,0.0344555588633333,-0.16558439546303302,-0.12150079961702179,-0.174625143,0.08057166952307213,-0.17535890139145988,0.0492342961333333,-0.07880217125538817,-0.18403574516342774,-0.0471377133566666,0.08581476917185107,-0.5168344387063063,0.07831976699,-0.03580242949360511,-0.45441027950194857,-0.0171786426726666,0.07960061811232572,-0.793296582263296,0.2726966717666666,-0.07010723606803963,-0.791113684861541,0.1850602606666666,0.061920015049796426,-0.8255104450448968,0.2966242241999999,-0.07291544582066259,-0.8208960570963212,0.1647751862666667,0.09050934726124717,-0.8672206797448159,0.2392533506333333,-0.05807567142685566,-0.8540378927842611,0.0696866039099999,onweer_g_ch1_g19_compr.mp4,ch1g19,5.534434694592583e-05,0.0005127324795762623,6.927132072240651e-05,0.0001542936944919314,6.2353802484809715e-06,0.0005652101354246522,6.591777801562779e-05,1.4506787963926119e-05,2.4756060972464868e-05,1.901296824028103e-05,7.575247038191844e-05,2.153443176456175e-05,7.036895720361277e-05,6.914323976877657e-05,2.134863356659205e-05,2.8493507128420637e-05,1.0134601339357512e-05,9.203475825191954e-05,2.2443351382023923e-05,7.197812249329693e-05,0.000706902835878476,6.602146362955154e-05,7.106288012949301e-05,5.788879125626069e-05,6.540106753281605e-06,2.340406638908281e-06,5.583259388785542e-05,7.180141766605438e-05,4.625773200333013e-05,9.15609470303605e-05,1.84998578595329e-06,4.4718765185868045e-05,0.0006333657758472755,0.0005406591786943115,2.3376847897039385e-05,0.0002890667745757364,0.0002734969869812524,0.00031824767565936506,0.00030391382330981204,0.0002532349392685574,0.000291845994289703,0.0003108644866384983,0.0002344174814271467,9.416989676852157e-05,0.0003125802749189729,0.0002664279754003626,0.0002229069571299362,0.00021478390454207757,0.00010666564269530469,0.0010533182229660613,0.00028669580456983334,0.008506883010902725,0.00025657394438123344,0.010552505108486127,0.0005027084850507982,0.011779749494968262,0.000391797268973456,0.009390730873227586,3.831796736967577e-06,9.010557075982047e-06,0.00013576445960776623,-0.00021589856139902475,6.262103179824352e-05,-5.019352313123527e-05,7.02583902755955e-05,-7.096316845734367e-06,0.00012249364090156947,-2.9606296420421494e-05,1.5455569814759323e-06,2.8640374782022125e-05,1.0693726675448564e-06,1.1491336478872536e-06,-2.0505849408363376e-07,3.0134546927929825e-05,1.1547681582683208e-06,9.660054113734814e-07,6.269079879879203e-07,7.879880251189904e-07,1.4961460714043154e-06,-1.4129884121442687e-06,1.1595621655122472e-06,1.0555110213799283e-06,6.790617099140231e-07,-7.296703490556038e-07,9.041017991523103e-07,1.4824936690046288e-06,-1.5417965226317677e-06,1.140130571401648e-06,3.590819122817552e-05,1.0475893584960728e-06,1.3139879085389705e-06,8.295934812797267e-07,-2.6891970667429804e-07,3.9890255044530083e-07,1.2218271920704476e-06,1.2489030398189398e-06,2.50109977387626e-06,2.0315183699215185e-06,4.225753721075998e-07,1.9463684314381757e-06,3.5760376853303266e-05,-1.659988666087073e-07,-1.6829212262130863e-06,-2.841896489867135e-07,1.4611425625572461e-06,1.34244147982166e-06,-2.280119574603233e-06,-2.1923375733105132e-07,-1.270988268527433e-07,5.910275366473523e-08,2.706014671064084e-07,-4.0701478922986547e-07,6.412053984820332e-07,-2.4576783212738077e-07,-3.104605094170513e-07,2.377215042218319e-07,3.579596883926662e-07,1.1457763669107325e-06,-2.5989288436840016e-07,5.146649540944288e-07,-2.5886440915808074e-07,-3.6874209394374416e-06,-2.646571249819363e-07,-2.0621902147096652e-07,-1.5115551057253588e-07,1.2266193373014565e-06,9.778206472194192e-08,1.5588216096630012e-09,-2.5756068271718277e-07,5.408945526760961e-07,-6.149189852288612e-07,1.011346452562571e-07,4.6283043422967125e-07,-2.989126466234201e-06,2.2561051528255826e-06
666.6666666666665,-0.013926331149442769,0.3478130440583986,-0.3381080687666666,-0.0018833101255974025,0.36507997414674603,-0.324519823,-0.0008208571625735599,0.3653389638175158,-0.3124563873,-0.0016879700429682366,0.3649626366563326,-0.3164423437999999,-0.023498644777679864,0.3720396976971116,-0.3420406098,-0.022567014077379426,0.3709144488897212,-0.3548898378666666,-0.017263030252268486,0.3606402137575529,-0.3348699708,0.03458000862537531,0.35608137558218067,-0.2052245298999999,-0.08591915490341857,0.30880370673961294,-0.2337759779333333,0.011324789777165261,0.341380767272348,-0.2822002778333333,-0.018008656198541473,0.30996563741900224,-0.3180255811666666,0.11150513876666643,0.22216157156467825,-0.0587190390633333,-0.15704410830325607,0.24841926678570198,-0.0702340025666666,0.15822851953468275,0.049298595911526265,0.0172099732910333,-0.19806076858207372,0.009055479792801602,-0.1272217869433333,0.19646148731035123,-0.14549205422634548,0.0435655701866666,-0.18408730276708973,-0.11564393344745974,-0.2413374875999999,0.19466355074673292,-0.18803777364628715,0.0531470085566666,-0.16225837234054324,-0.1369859517186189,-0.2976791666999999,0.17056125412197956,-0.20064883812728299,0.0252536613743333,-0.1270073784777423,-0.10581114404111629,-0.3096974973999999,0.19288133221272616,-0.17554343713382742,0.0350071876833333,-0.16631204321333803,-0.11178098872912344,-0.190760449,0.08060814329590969,-0.17534812105540587,0.0491062899433333,-0.07884799821684756,-0.18403292511622807,-0.0469563519466666,0.08560802084577743,-0.5167011309587328,0.0769765682,-0.03602203668824088,-0.4546416051216015,-0.0174065455326666,0.0795286336133926,-0.7932218589659337,0.2713264851666666,-0.07047652430839456,-0.7911427594317656,0.1860478073333333,0.06187067711744947,-0.8254303310982912,0.2953566658666666,-0.07327631048412359,-0.8208825514316009,0.1658434549666667,0.09038755371269755,-0.8670537151693544,0.2378295094333333,-0.05856859795271091,-0.8540175962415252,0.0707613906533333,onweer_g_ch1_g19_compr.mp4,ch1g19,5.706681652786007e-05,0.0005396470842419074,7.023682710290877e-05,0.00015547825363378755,7.143964882631608e-06,0.0005932110493721532,6.703386647855328e-05,1.562860254319079e-05,2.5435642247358902e-05,2.0138456248758032e-05,7.709291032541417e-05,2.0955373418307345e-05,7.13522141972921e-05,7.00737116113819e-05,2.2006581062602652e-05,2.8475499022271118e-05,1.2135851480185701e-05,9.335121487036557e-05,2.165403175239639e-05,7.293301064989519e-05,0.0007397748068624649,6.691599305164544e-05,7.223509377473356e-05,5.875865538675799e-05,7.26895662183789e-06,2.8038383499480508e-06,5.71172762236275e-05,7.291896812410863e-05,4.948983917222859e-05,9.338811184067467e-05,2.3378058364816702e-06,4.703680859408991e-05,0.000666546764609932,0.0005667397360395284,2.2841515306650565e-05,0.0001754922609522773,0.0001563674832103011,0.0002048567628869053,0.0001869657217641078,0.00014375258763906173,0.0001865396849782223,0.00020577996458294245,0.0001336450892954768,1.4935420468968027e-05,0.00020217222015987064,0.0001654019883921644,0.00017773096007659694,0.0001426971135421727,5.1634309738863885e-05,0.0010400138882304488,0.00022996765478255674,0.008955296819790813,0.00020034247847715482,0.011105732859945755,0.000445032331561915,0.012327287406044577,0.0003352764640483675,0.009855308475223522,1.0993826521625882e-05,3.018259975550934e-06,0.0001405012285256693,-0.00023876988294298587,0.00012603658964261357,-2.8973501185634697e-06,0.00013805240883673427,4.7195764520376285e-05,0.0001963851077650393,4.686575765665952e-05,1.3198388331743194e-06,2.6815471130293134e-05,9.427480786097427e-07,3.294318251270474e-06,1.2321237679057024e-06,2.7736026704186856e-05,1.0878290879281075e-06,7.375500767530011e-07,6.595954928166938e-07,1.0471235426839e-06,9.932189444427341e-07,-8.353214609704556e-07,1.0966790900333462e-06,8.950492556516364e-07,9.489584820726798e-07,-4.70802270626494e-07,1.994864946429492e-06,1.0678737297705834e-06,-1.0858113104152772e-06,1.070279524394959e-06,3.21096881257502e-05,9.710524334046537e-07,1.2977875817763508e-06,8.147619046327951e-07,1.0404014901883053e-06,4.870169539171636e-07,1.3908531183106522e-06,8.667207393845358e-07,3.111093638395768e-06,1.3207005024838439e-06,5.126184819385716e-07,2.5042090775193213e-06,3.254324647670635e-05,-2.9856034221363814e-07,-1.5749264719942917e-06,-2.2639579887605832e-07,1.9569520220421876e-06,1.2564057497035688e-06,-2.1554678794652964e-06,-1.8599076030715357e-07,-2.434575686991171e-07,1.0872598279053215e-08,2.3239138524961505e-07,-7.14504412237661e-07,5.906950504641191e-07,-1.658051610260184e-07,-2.5370150196899277e-07,1.4534874433019916e-07,3.220638317075447e-07,9.486748338325447e-07,-5.765644519092614e-07,4.769359293109849e-07,-1.7181403327598977e-07,-3.4569009020889833e-06,-1.9488236249873993e-07,-1.3912096880746302e-07,-1.304965123544992e-07,1.1671590471663103e-06,7.876080727357245e-08,2.5698968072657375e-08,-5.542148417396176e-07,2.702084664378652e-07,-9.579840137197935e-07,7.88980173852554e-08,3.9969202644333905e-07,-2.8809662016019026e-06,2.5764966440976065e-06
683.3333333333331,-0.01497044851932354,0.3479599690636602,-0.3361284654,-0.002936990249348144,0.36521411418234434,-0.3227438081666666,-0.001918031248721631,0.36552146834262206,-0.3107127974666667,-0.0027892983088368406,0.36512558036908255,-0.3146718285666666,-0.02463984814946943,0.3721633443063499,-0.3401129598333333,-0.023688860771336324,0.37108267423132985,-0.3529750545666666,-0.01840655278119008,0.3608263544869258,-0.3329739232,0.03364908928736933,0.3562181956212347,-0.2039807309666666,-0.08667701171910781,0.3088198225478471,-0.2318978116333333,0.010410996637966519,0.341561165937532,-0.2805057386666666,-0.018897385426788208,0.3101111892076209,-0.3161686073999999,0.1111102400945156,0.22234782691695112,-0.05793380921,-0.157829685838366,0.248551600838895,-0.0684642667,0.15785188277733256,0.049337701328961266,0.0180029454377,-0.2003570579596512,0.010133569909290957,-0.1287929877433333,0.19528386938660294,-0.14531549730058071,0.0435482480833333,-0.1848952612380758,-0.10637324095337004,-0.2473421568666666,0.193147616902182,-0.18791698999408862,0.0529029133799999,-0.1625221127446303,-0.12553401862390384,-0.3044886585999999,0.16909277753097093,-0.20029368871025402,0.0253090876076666,-0.1272901234158174,-0.09316900341786093,-0.3158106133333333,0.1916576507184121,-0.17526997508452022,0.03510339514,-0.1670980803548343,-0.10161120394611062,-0.200513229,0.08064959227429237,-0.17533350531391984,0.0489644179733333,-0.07889865276613585,-0.1840321561103345,-0.0467617131033333,0.08540379324306353,-0.5165654924788295,0.0755027433033333,-0.03624365676104542,-0.45489242935425167,-0.0176988858559999,0.07948389322271511,-0.793090102486386,0.2698464154333333,-0.07084825443099116,-0.791167198091663,0.18689853,0.061858411358080234,-0.8252876211858176,0.2939775097666666,-0.07363801360981037,-0.8208623891777386,0.1667588934,0.0903124285777471,-0.8668653769960762,0.23636507,-0.05905640673187004,-0.8539865265754021,0.0717864216533333,onweer_g_ch1_g19_compr.mp4,ch1g19,5.819343206446792e-05,0.0005659701902862043,7.082166581248833e-05,0.00015929899664429616,9.673788116631794e-06,0.0006203206354944768,6.780394136335863e-05,1.6184458790034812e-05,2.6192689961912107e-05,2.124500127918944e-05,7.746828290600531e-05,2.0880079146419507e-05,7.213564666990915e-05,7.059900093938777e-05,2.310291485198114e-05,2.8454786278316882e-05,1.5168508089896983e-05,9.400608860426189e-05,2.121222577844571e-05,7.370210796864941e-05,0.0007711842791369446,6.747727744818544e-05,7.321788093440565e-05,5.925645214981902e-05,9.484294890904463e-06,3.3759958060020623e-06,5.830957841716278e-05,7.339757989984196e-05,5.309539768169556e-05,9.374747239459135e-05,2.9332129255911578e-06,4.975416000792187e-05,0.0006982360731386263,0.0005929750214252649,2.3235971510857754e-05,5.4514370385342324e-05,3.2959349939899656e-05,8.487727738836543e-05,6.413670412178233e-05,2.7948577599907303e-05,7.434334065557806e-05,9.401407655476017e-05,3.1033490637650854e-05,-6.648631180988968e-05,8.579381853124896e-05,5.735654755311569e-05,0.0001268282241711636,8.553573777602011e-05,-2.1154833772879156e-05,0.0010818155839154803,0.00014993270142960475,0.009394910017669327,0.00012205627463616514,0.011633989423442218,0.0003636135667438127,0.012850099016765737,0.00025451373415587275,0.010305905669698367,1.847684536886439e-05,-3.536745947395916e-06,0.00014268477725480768,-0.00026529855656580784,0.00018308541838601698,4.1203093096803126e-05,0.00019801137467795647,9.666713191203861e-05,0.0002616714182615838,0.00011668935582653232,9.90170374622102e-07,2.5073827358841633e-05,9.262655342503252e-07,5.688480134844358e-06,2.4478562520012003e-06,2.5435801149864425e-05,1.0977956783791894e-06,4.794538978303114e-07,6.587132623610122e-07,1.2423105117085743e-06,2.0125510007317057e-07,-3.2629004127864407e-07,1.1604651308990754e-06,8.446081753803786e-07,1.0858427115018336e-06,-2.4422222164036586e-07,2.8853537467754693e-06,3.4457381876044204e-07,-6.864964996891912e-07,1.137214479127046e-06,2.8657317497797896e-05,1.0083407008191416e-06,1.3864848854180318e-06,8.536992422751349e-07,2.183468796275326e-06,5.606776064544153e-07,1.6180710719474006e-06,2.2148389974116834e-07,3.397933206148561e-06,2.6944206277642806e-07,5.833778418265002e-07,3.022391200041143e-06,2.9530596002509305e-05,-4.084542220693127e-07,-1.2979301621983127e-06,-1.8792709668013537e-07,2.2191355312424173e-06,9.921358444712722e-07,-1.8407811220035905e-06,-1.756398750134799e-07,-3.140591812377983e-07,-5.1535139627473576e-08,1.82875687765159e-07,-1.0217055313129356e-06,4.967305125408619e-07,-1.2425998824541563e-07,-2.106824220236458e-07,4.537018276103612e-09,2.872282939441295e-07,6.501910820746702e-07,-9.234575612431164e-07,4.0533224830768323e-07,-1.2235383890373093e-07,-3.0036677377315894e-06,-1.565251901870258e-07,-1.1407757339116986e-07,-1.3055563036470735e-07,9.4515607207177e-07,4.723109808554054e-08,-3.2323480997179743e-10,-8.765293561931911e-07,-1.0464303714070781e-07,-1.2728872973393948e-06,4.444162399501968e-08,2.4963128934833696e-07,-2.511544640346722e-06,2.716157121517456e-06
699.9999999999998,-0.016074513983188474,0.3479973784051865,-0.3341312846333333,-0.0040491120935029325,0.3652272143506907,-0.3209492036999999,-0.0030754764624836366,0.3655860491998062,-0.3089532634,-0.003952149352944721,0.3651704964529408,-0.3128845941999999,-0.025848673421166545,0.3721688917402828,-0.3381558115333333,-0.024876459545558022,0.3711363850930556,-0.3510329236666666,-0.019619752295998622,0.3608986277698231,-0.3310494859,0.03268570862688849,0.3562424400510559,-0.2026924207666666,-0.08750315644234684,0.3087315578268498,-0.229941616,0.009445287520463246,0.34163529290997163,-0.2787916342666666,-0.019852603503574196,0.31015411191063696,-0.3142828018666666,0.1106873561984541,0.22246791607157107,-0.0570476708033333,-0.15869020176742754,0.2486556908948321,-0.0666573417,0.15745301074951745,0.04928113495639672,0.0188372633300333,-0.20281042372954328,0.011317602913731961,-0.1303947607433333,0.19407630132802894,-0.14519150802604008,0.0435482597533333,-0.18573493855241213,-0.0967450755874752,-0.2534913907666666,0.1915931334898004,-0.18782556866475894,0.0526929890499999,-0.16279372791345267,-0.11366573957184649,-0.3114590890333332,0.16759225546422343,-0.19995690081847003,0.0254052080443333,-0.12760582409552923,-0.08007793733028913,-0.3220296487333333,0.19040101050969782,-0.17503934841673163,0.0352194564366666,-0.1679347479748099,-0.09106985277688416,-0.229389876,0.08069401236113741,-0.17531418433754747,0.0488242814933333,-0.07895313885026094,-0.184035867088178,-0.0465680521466666,0.08519285623892073,-0.5164163696294828,0.07403602871,-0.0364704064172901,-0.4551489390256631,-0.0181962084486666,0.07943939668153824,-0.7928620038015027,0.2684757023333333,-0.07122371601205682,-0.7911091784093466,0.1875367149333333,0.06184765086608007,-0.8250409174606245,0.2927371152666666,-0.07400240291601264,-0.8207514082846129,0.1674773181333333,0.09025442361632692,-0.8665764866126738,0.2350806296333333,-0.059531426488117045,-0.853854543508391,0.0725433624033333,onweer_g_ch1_g19_compr.mp4,ch1g19,5.891617131250234e-05,0.0005896650178144808,7.135583484818387e-05,0.00016635193288395316,1.3250498392969099e-05,0.0006441616574434399,6.853291129923677e-05,1.6063611291426e-05,2.699748099926166e-05,2.2257333049788686e-05,7.680524055305696e-05,2.0951321725043226e-05,7.29760987258329e-05,7.103161919551737e-05,2.441960938285915e-05,2.82979256074584e-05,1.8581456499283352e-05,9.370108409361429e-05,2.082098666491282e-05,7.452898207523151e-05,0.0007976593154966741,6.81519762502124e-05,7.42877333511318e-05,5.9877584486254714e-05,1.2719071794063102e-05,3.996775499814848e-06,5.977846273940819e-05,7.301561827226271e-05,5.6877968688674634e-05,9.280584409810957e-05,3.579196467693199e-06,5.281451834091115e-05,0.000725437611357796,0.0006174993090218575,2.43985301402156e-05,-6.831496979933677e-05,-9.137449739744223e-05,-3.703047826993409e-05,-5.943559830303394e-05,-8.971461979927302e-05,-4.085089449875707e-05,-2.0723229266828553e-05,-6.749985580323774e-05,-0.0001470898792781749,-3.0011362185456456e-05,-5.174459922817292e-05,7.707013052266526e-05,4.663196161263937e-05,-9.769633846317561e-05,0.0011866986066437165,5.956324482069724e-05,0.009791345295628404,3.424224720138518e-05,0.012087699882286671,0.0002704766089182791,0.013290760965716896,0.00016233026766323188,0.010703000776162782,2.5943678939298085e-05,-1.0313708905570811e-05,0.00014113394183597886,-0.0002968608837136802,0.00022861125986203172,7.308237135811909e-05,0.00024416034906303086,0.00013317688002091027,0.0003135719047139928,0.0001706861094373393,5.115693346355113e-07,2.371987231279431e-05,8.313460625715327e-07,7.920415784814263e-06,3.1900007408897913e-06,2.3545368891722347e-05,1.0032582416756676e-06,1.6954304274350778e-07,5.622184498897639e-07,1.4118182216066572e-06,-9.831289794987588e-07,5.355214431886301e-08,1.1309897672705553e-06,7.248743062459576e-07,9.989238109586874e-07,-3.9751852368730935e-08,3.355906500027619e-06,-7.946411577444421e-07,-3.891220075855027e-07,1.1147432383348502e-06,2.5756719933764566e-05,9.601937645202923e-07,1.3558894579980085e-06,7.914977962253071e-07,2.915863191054345e-06,6.0539931709005e-07,1.686029248211026e-06,-8.102229140147801e-07,3.1722261318589684e-06,-1.1858692352360806e-06,6.217638885549479e-07,3.236039358189968e-06,2.7086827042047505e-05,-5.142378577083367e-07,-8.220161926359266e-07,-2.0626456000706742e-07,2.2352058329181373e-06,6.000391131086753e-07,-1.296421665399685e-06,-2.2078471119914431e-07,-3.359408020344945e-07,-1.3572787298339167e-07,1.2762983498322152e-07,-1.297683140133989e-06,3.848016825073969e-07,-1.564770619370583e-07,-2.1910095789243256e-07,-1.6971030152673737e-07,2.6038281310954015e-07,3.010954995519761e-07,-1.25970315001645e-06,3.220155441016716e-07,-1.470969246137471e-07,-2.2818916149630083e-06,-1.882336343535899e-07,-1.6462170813857004e-07,-1.834270418338196e-07,6.019199979056625e-07,6.288417554024323e-09,-1.0301841403122319e-07,-1.1843521880891289e-06,-5.278452542734357e-07,-1.5338748850220787e-06,1.9302784133000323e-09,2.469833484321043e-09,-1.8506322694947576e-06,2.665210578611516e-06
716.6666666666664,-0.017201458773303088,0.3478849782747524,-0.3322660943666666,-0.005177228522885179,0.3650925955572491,-0.3192793745999999,-0.004249736538389885,0.3655067411007811,-0.3073174933666667,-0.005131184656024446,0.36506879589858104,-0.3112204176999999,-0.027081431234059636,0.37203706371432144,-0.3363171274666666,-0.026089149838557625,0.3710532162889518,-0.3492154647999999,-0.020860052750487298,0.3608337079032639,-0.3292461374666666,0.03171824587620181,0.3561491322083013,-0.2014315108333333,-0.0883957939041576,0.3085584614407551,-0.2280198922333333,0.008452459984859844,0.34156357844944213,-0.2771863569999999,-0.02085317716071716,0.3100625623431505,-0.3124995361999999,0.1102339107501525,0.2225166505557967,-0.0560992344933333,-0.15966903196838336,0.24870950997658264,-0.0648415443133333,0.15707915155371735,0.04912947350994981,0.0197450544250333,-0.20543888781306732,0.012576081062058946,-0.13196585971,0.1928886154832797,-0.1451775705674227,0.0435450731399999,-0.18660862571030118,-0.086694798543712,-0.2594684804666666,0.19005899121160735,-0.18783186099004254,0.05247694382,-0.16306358437824317,-0.10126102134314441,-0.3182440101666666,0.16608879567829277,-0.19972181341244363,0.0255195885343333,-0.12795350084838605,-0.06644797780398601,-0.3281003876,0.18915259816713628,-0.17491671487955643,0.03534074903,-0.16882242601530636,-0.08008517333676154,-0.229652628,0.08074805504043733,-0.17528702236960553,0.0486818548299999,-0.07901809237479135,-0.18404626630909227,-0.0463710544466666,0.08495615187822922,-0.5162728180533455,0.07258088189,-0.03669599645566531,-0.45547088139392017,-0.0186268991319999,0.07939441606012791,-0.7925879397330016,0.2674536753999999,-0.07159135203619817,-0.7910034842616636,0.1883434022,0.06183757145134638,-0.8247491494135782,0.2918736983,-0.07435632392714006,-0.8205734365378086,0.1683906997333333,0.09018762727856669,-0.8662405180602429,0.2342179442999999,-0.05999365136453605,-0.853649387554515,0.0735215682466666,onweer_g_ch1_g19_compr.mp4,ch1g19,5.903478258283068e-05,0.0006130434939078282,7.211605134560686e-05,0.00017569744931623227,1.7118015298268567e-05,0.0006672678628606354,6.946290684379361e-05,1.5629046550972277e-05,2.7380835125064025e-05,2.35806424948929e-05,7.494361576570935e-05,2.086831198187917e-05,7.415427283129528e-05,7.166856651203277e-05,2.547513027235918e-05,2.793984256690581e-05,2.2036591430449615e-05,9.217388376264049e-05,2.0289913280317943e-05,7.569106833616506e-05,0.0008227530460343576,6.915825034874178e-05,7.570049551460448e-05,6.061433567084033e-05,1.6270619666327336e-05,4.611346568234363e-06,6.152365262797671e-05,7.143830863125593e-05,5.989712744643924e-05,9.064866495922499e-05,4.2184231084656975e-06,5.608632321936434e-05,0.0007517046879064025,0.0006422182910206122,2.6007953499825784e-05,-0.0001814197058608114,-0.00020630481318479973,-0.00015029830528844154,-0.00017371603638780206,-0.00019892817277557595,-0.00014857171533487032,-0.00012778334594528606,-0.00015828341686613195,-0.00022277671462971082,-0.00013602977941757662,-0.00015256270252158964,2.952499777511965e-05,2.122676556319014e-05,-0.00017232134590835664,0.0013429693104636215,-3.1269321663001846e-05,0.010182479799567897,-5.2948018262168127e-05,0.012525991374275241,0.0001742042436462695,0.013708679243339052,6.853725870428694e-05,0.011088351916778186,3.3218839544429825e-05,-1.714373352307912e-05,0.00013953992678908246,-0.00033224223012751677,0.0002690860891167543,9.701094797576173e-05,0.0002835736677828263,0.00016108395503096597,0.0003591271896968477,0.00021093706133868117,-6.435076640743617e-08,2.2933178626053797e-05,6.217793979308966e-07,9.78917578642975e-06,3.5127648343515337e-06,2.2287217375949498e-05,7.584378669370748e-07,-1.5176385712999006e-07,3.864444385480329e-07,1.4816040354314767e-06,-2.3884776478711607e-06,3.3887246152540373e-07,9.609049050229812e-07,5.052366513382723e-07,7.697977699725804e-07,1.774829985952071e-07,3.4882972270313105e-06,-2.189362548989477e-06,-1.4672950889312507e-07,9.553175124972714e-07,2.3650820639652338e-05,7.575997939093411e-07,1.1584470644188201e-06,5.724620921678531e-07,3.276803057898248e-06,6.035124145052216e-07,1.514466723266073e-06,-2.0838114801006288e-06,2.3451242968281003e-06,-2.8558499556091466e-06,6.118670551542585e-07,3.078378496732719e-06,2.539483693569307e-05,-6.106110190353579e-07,-2.5967857991515746e-07,-2.910707445412678e-07,2.0856470131292244e-06,1.6485487794164447e-07,-6.460522574205334e-07,-3.3027990842651217e-07,-3.1648994868724507e-07,-2.303797992050917e-07,6.213929832135684e-08,-1.5020381843610361e-06,2.8321915498115926e-07,-2.6787375458683733e-07,-2.9131122054367864e-07,-3.499522776110769e-07,2.410274734272838e-07,-3.85700588737147e-08,-1.5274848052283978e-06,2.4933890870002386e-07,-2.538706247329457e-07,-1.4645615836219767e-06,-2.93101116112191e-07,-2.9378736604056066e-07,-2.8708312698551554e-07,2.1249951789315013e-07,-3.867862812059499e-08,-2.725866296777337e-07,-1.4283684605412573e-06,-8.984917578652625e-07,-1.7194300936294628e-06,-4.236724870500192e-08,-3.11232154651259e-07,-1.0810798197975915e-06,2.5651626622722757e-06
733.333333333333,-0.018333154652895083,0.3475837816509456,-0.3304685086666667,-0.006307771207491981,0.3647627043052592,-0.3176737635333332,-0.005426537978353067,0.3652373382682656,-0.3057470917666667,-0.006312888277312766,0.364774606821514,-0.3096224370333332,-0.02832113565204088,0.37172601769621444,-0.3345357641666666,-0.027309301139066353,0.37079262527052537,-0.3474559227666666,-0.022109297323904962,0.36059539517462036,-0.3274995296666667,0.030760685297800863,0.3558784617779995,-0.2001478602333333,-0.08933016133910339,0.30826106932536324,-0.2260875562333333,0.007454254573463477,0.3413106662220348,-0.2756311069,-0.02187577914454003,0.30980203095149944,-0.3107617528333333,0.10977775571368154,0.22249235670378262,-0.0549834843433333,-0.1607543928641027,0.24873167581586958,-0.0629756779033333,0.15673637265738646,0.04892664065640527,0.0210933032617,-0.2081776623457969,0.01395554113733398,-0.1335947975433333,0.19171495833811955,-0.1452378385536259,0.0442022965533333,-0.18746291993121814,-0.07642799433125624,-0.2656258856666667,0.18853703203280797,-0.1879058978437287,0.0530196287133333,-0.16328022746184453,-0.08862862981772254,-0.3252217024333332,0.1645934743183518,-0.19957133671229285,0.0263856287543333,-0.12827527371195557,-0.05261530595540571,-0.3342914743666667,0.18791531728029917,-0.17487798355868098,0.0361408655233333,-0.16968799955834707,-0.06889841164300847,-0.212689474,0.08081706031297702,-0.1752512289014017,0.0485385583099999,-0.07910053217725116,-0.18406672861883755,-0.0461726622499999,0.08473402547234145,-0.5161434630235976,0.07113592945,-0.03690321298627194,-0.45582604273630417,-0.0190600898896666,0.07939654639389736,-0.7922997751612393,0.2667486279666666,-0.07190587391228234,-0.7909000527014238,0.1893136530666666,0.06188264641797949,-0.8244458162875181,0.2913734514,-0.0746461215665172,-0.8203992804186978,0.1695041601666666,0.09023508301714286,-0.8658515167505891,0.2337150092333333,-0.06038177024936546,-0.8534008625257511,0.0746259745233333,onweer_g_ch1_g19_compr.mp4,ch1g19,5.880084781438359e-05,0.0006370262647962584,7.298398010229937e-05,0.0001867653928354168,2.0314183611470262e-05,0.0006905046726163234,7.043202655692386e-05,1.5207834104424436e-05,2.77590693051442e-05,2.498415790660224e-05,7.193973200076041e-05,2.0832970696376255e-05,7.54104711101517e-05,7.240491057157877e-05,2.6209155105591598e-05,2.7778936507888976e-05,2.5021853991490357e-05,8.912237566068259e-05,1.9852518987126995e-05,7.693818897664537e-05,0.0008470300075234051,7.022820347696146e-05,7.7163917300631e-05,6.139469420961208e-05,1.9275124649892053e-05,5.1819164636104215e-06,6.329920108161171e-05,6.851374544996644e-05,6.190759784570045e-05,8.723984947057733e-05,4.806773994416291e-06,5.9316260633785346e-05,0.0007777490569455523,0.0006678808480022257,2.7670434409367593e-05,-0.0002722236328110836,-0.0002979750995726119,-0.00024081506041348188,-0.0002645884152581123,-0.0002860041298243639,-0.0002346660711847866,-0.00021344980762765485,-0.00022940414483369379,-0.0002840114941135473,-0.00022024951377423333,-0.0002340423712842372,-6.0310695628305455e-06,1.4435453022758246e-05,-0.0002283717638126967,0.0015563304001122561,-9.571347675877251e-05,0.010583809971049216,-0.00011493755666483149,0.01296059273236665,0.00010063530141544481,0.014113300290520036,-6.626355878394026e-08,0.01147648713268734,4.0320564878374504e-05,-2.395520401997542e-05,0.00014034475866024295,-0.0003645604691236726,0.0003191865780484087,0.00013241420147655668,0.00033183353089403177,0.00020156353631893892,0.0004067351171314945,0.000255495657818081,-7.657325663964629e-07,2.3006480612289254e-05,2.3688174443189158e-07,1.1492357538987016e-05,3.4225200602017194e-06,2.20109753459716e-05,3.1314659158815415e-07,-4.532261880616261e-07,8.227466798753235e-08,1.4670181534481488e-06,-4.010738310801841e-06,5.707044450831964e-07,5.974122851483183e-07,1.3047370624603456e-07,3.179892824064318e-07,4.3038439121036245e-07,3.239018132532113e-06,-3.8433171205754026e-06,6.173986702801255e-08,6.094500187820102e-07,2.2695942031588324e-05,3.5410574184306946e-07,7.478965916419874e-07,1.6243143074706859e-07,3.271979442518791e-06,5.406696168348728e-07,1.0792026677545003e-06,-3.631888726824687e-06,1.06098069009467e-06,-4.685314054612416e-06,5.460271034998567e-07,2.533791479098502e-06,2.479692789721742e-05,-6.53691325991424e-07,3.1528349751005606e-07,-4.019246175502521e-07,1.8659554543130475e-06,-2.0646414902086414e-07,3.2245990097585494e-08,-4.545951679192317e-07,-2.6710119340801756e-07,-2.831527713563404e-07,-5.4769612009954755e-09,-1.5497330910325932e-06,2.0181970061217465e-07,-4.063492238059649e-07,-3.870998084974065e-07,-4.4779437320290383e-07,2.3202378460802928e-07,-2.9011288224266866e-07,-1.6428645585287497e-06,1.9104693850531703e-07,-3.8736418753404283e-07,-6.334225926597741e-07,-4.256590770313634e-07,-4.4630683447922756e-07,-4.03387201423709e-07,-1.2767249585089227e-07,-7.805315044905115e-08,-4.534154532682424e-07,-1.516832482333494e-06,-1.1188465861256135e-06,-1.744480535449742e-06,-7.851056898263746e-08,-6.049833686975204e-07,-3.002445700658223e-07,2.466271278958776e-06
749.9999999999997,-0.019465266754248572,0.3472103748011287,-0.3285191913999999,-0.007434213619442252,0.364356995979032,-0.3158918667666666,-0.006598975464396645,0.364892658404019,-0.3040058851333333,-0.007490318828349833,0.3644057818005964,-0.3078510515666666,-0.029562180314716323,0.37135023580845794,-0.3325584038999999,-0.028531272105267687,0.37046815196575095,-0.3455036093666666,-0.023361079513410876,0.36029371810649863,-0.3255622565333333,0.02982745306118759,0.35555762087578446,-0.1985548550666666,-0.0902819063031448,0.307942344487653,-0.2238228663333333,0.006458199275004167,0.3409934052416699,-0.2738922615666667,-0.022911270300246863,0.3094854767170702,-0.3088184307999999,0.10930634525533306,0.2224287064359083,-0.0535269423399999,-0.16183800314513683,0.24875664945885828,-0.06088906085,0.15637060629567445,0.048619461317488184,0.0227286410070333,-0.21094666107927856,0.015632620458565213,-0.13522499101,0.1905583834923393,-0.14543696299333528,0.0453041686299999,-0.18831167312107738,-0.06579146354732719,-0.2718594963666667,0.18704264514963684,-0.18811160599070983,0.0540689394133333,-0.16348170370620355,-0.07560125955562559,-0.3322821175,0.16313232896229218,-0.19957937374989693,0.0277729783943333,-0.12859239277144813,-0.03847416630646751,-0.3405319098,0.18669977246833463,-0.1749868897351862,0.03740386485,-0.17054864877583317,-0.05738779323564709,-0.236983374,0.08089134786038008,-0.1752073103323347,0.0484006311766666,-0.07918874485201999,-0.1840950574776291,-0.0459772881566666,0.0845338417169461,-0.516018436366077,0.0695778573299999,-0.03709913862670304,-0.4562299451087104,-0.0196925373063333,0.0794476775686429,-0.792019989637804,0.2658184557666666,-0.0721822881275457,-0.7908085150535753,0.1900839268666666,0.061982597626795546,-0.8241538761632008,0.2906263172666666,-0.07489314068762454,-0.8202371187428358,0.1704051201333333,0.09038106777161349,-0.8654575813681468,0.2329577237666666,-0.06069830470062532,-0.8531578508584773,0.0755439362166666,onweer_g_ch1_g19_compr.mp4,ch1g19,5.770355720378706e-05,0.0006591056311955664,7.364691305932435e-05,0.0001994977381800735,2.322198479509702e-05,0.0007113437866948025,7.112545411874121e-05,1.4678042567775482e-05,2.7519756561362107e-05,2.657711068102426e-05,6.738739097029182e-05,2.1088015224851015e-05,7.64535651195072e-05,7.294693548051445e-05,2.6367431587351144e-05,2.793553997136518e-05,2.7994329942497884e-05,8.424557635695651e-05,1.9585204576728387e-05,7.800105268564705e-05,0.0008680872776997574,7.103741771491484e-05,7.835456599445268e-05,6.189117389487294e-05,2.2074959843807286e-05,5.6710556654385405e-06,6.471857243719984e-05,6.418834816614239e-05,6.258989747114983e-05,8.20065450213747e-05,5.291803534812723e-06,6.193826336438927e-05,0.0008012242749262654,0.0006921235193962727,2.9510745338232424e-05,-0.00033536814651170577,-0.0003617928792888312,-0.0003034409571830347,-0.00032757434532707023,-0.0003453582565368515,-0.00029340398589060345,-0.00027136316394989755,-0.00028091850043233414,-0.0003262403463555885,-0.00027801481930689044,-0.0002906529634588024,-3.108904168117764e-05,2.5613338051239725e-05,-0.00026848809782165984,0.0018054046939388997,-0.00014695161839478268,0.010952316927601843,-0.00016387019806329977,0.013352235923228642,3.702541135280189e-05,0.014464614573989898,-5.73826385011993e-05,0.011824354146821592,4.6811084468845495e-05,-3.031569671054693e-05,0.00013768496717051073,-0.00039569678290663916,0.00036388296194920253,0.0001730300407238632,0.00037357136580517424,0.00024751288517877357,0.0004495308933975047,0.00030477558860424463,-1.4438776155733901e-06,2.3919824344263016e-05,-2.6321941453158204e-07,1.304844208785435e-05,2.993181040394324e-06,2.2736064212092787e-05,-2.614773582396526e-07,-6.698166524469292e-07,-2.6233357784296655e-07,1.38453050345457e-06,-5.613907617899566e-06,7.585899486858312e-07,9.249341159877299e-08,-3.430487828539704e-07,-2.624383946189931e-07,7.170667346279352e-07,2.74324489904075e-06,-5.535428708869693e-06,2.4283626844073796e-07,1.2434197378031637e-07,2.290590509340284e-05,-1.9384105896908022e-07,1.8943485585139517e-07,-3.6271395303367913e-07,2.95973846902169e-06,4.351409735090741e-07,4.607022762535887e-07,-5.242446679143077e-06,-3.3567918353372917e-07,-6.406679571602948e-06,4.4101040376462044e-07,1.7391096752611327e-06,2.528115785504065e-05,-6.536167316417733e-07,8.309539615416274e-07,-5.18481609366199e-07,1.5772632039796967e-06,-5.043710491938284e-07,6.580988077446451e-07,-5.742394107261849e-07,-2.0340235456860525e-07,-3.242422272780941e-07,-9.536397446561899e-08,-1.4485192454139262e-06,1.2648505642953197e-07,-5.464373497504736e-07,-4.895124894675491e-07,-5.024618713973177e-07,1.9442340551478505e-07,-4.6710782495096516e-07,-1.6097671813471474e-06,1.3835219495079388e-07,-5.255117440978553e-07,1.135894818665629e-07,-5.554417129260509e-07,-5.946012211735862e-07,-5.114344236759112e-07,-4.0889384221832684e-07,-1.1018516554993607e-07,-6.176036821700785e-07,-1.4617638312966554e-06,-1.1615854772387798e-06,-1.5979398165222415e-06,-1.0437940518675832e-07,-8.601338789658916e-07,3.848552240283839e-07,2.3595476540059948e-06
766.6666666666663,-0.020601652694484232,0.3468425357944095,-0.3267242551333333,-0.008561439731884776,0.363961593594975,-0.3142230509666666,-0.0077744076723632715,0.36455743781603306,-0.3023765762666666,-0.008671826758906093,0.3640460969983808,-0.306193957,-0.030829411024810762,0.3709716205626674,-0.3306639378333332,-0.02977914975629724,0.37014390867855174,-0.3436495820333333,-0.02464363265061441,0.35999261180896724,-0.3237135757666666,0.028928449492104106,0.35525391295284997,-0.1969043637999999,-0.09128423746006477,0.3075813545850962,-0.2215222522,0.005464356168787266,0.3406861296309506,-0.2722604056,-0.023957332935363496,0.3091614566158069,-0.3069572479333333,0.10886265787460718,0.22238429040517033,-0.0519639768633333,-0.16290195168277719,0.24877832121913618,-0.05880760084,0.15604455562544106,0.0483231417122787,0.0245665397513666,-0.213746383209105,0.017530662660345957,-0.1375607246766666,0.18955688568392023,-0.14562507223238197,0.0467616094799999,-0.18916548306738798,-0.05454866375537415,-0.2792919656,0.18568861363591738,-0.18830871201204827,0.0555438800533333,-0.16368461493780082,-0.06191383525047124,-0.3406214967333333,0.16182380599847795,-0.1995795737825788,0.029569166101,-0.1289045445146525,-0.023691940206156906,-0.3478853318333333,0.1856413977764875,-0.1750867638271443,0.03902516148,-0.1714100945224293,-0.045292007681769206,-0.25125134,0.08097454349081593,-0.17515455931133989,0.0482676195633333,-0.07928830355886855,-0.18413166672530168,-0.0457851764233333,0.08433077435523859,-0.515891648031761,0.0683542202899999,-0.03728892968382738,-0.45665131180918933,-0.0201403403283333,0.07950389998961314,-0.7916410234344158,0.2654797344666666,-0.07237849531440524,-0.7905710933822039,0.1912110154333333,0.062088062128499114,-0.823769003021587,0.2905004591,-0.07503976115041715,-0.8199222103331788,0.1716763163333333,0.09052771825360051,-0.8649640387999431,0.2328551968333332,-0.06098714738260729,-0.852780009131464,0.0768632810666666,onweer_g_ch1_g19_compr.mp4,ch1g19,5.612535577318701e-05,0.0006820353823685083,7.385747865352496e-05,0.00021396301597387577,2.552311596189944e-05,0.0007328968645584907,7.127912426004823e-05,1.438096819353226e-05,2.7072799959426928e-05,2.8123093873873882e-05,6.185743701896609e-05,2.1832063706924746e-05,7.700448288745192e-05,7.308105582479376e-05,2.5740127236704355e-05,2.855069789133038e-05,3.0498102183576045e-05,7.860918947601797e-05,1.9804508494540256e-05,7.861151300745253e-05,0.000889326899172357,7.129587320137284e-05,7.89737736931201e-05,6.179648852297313e-05,2.4441627677074455e-05,6.071383078241855e-06,6.542762706791674e-05,5.899664327831863e-05,6.16564566304835e-05,7.569161914005406e-05,5.688896959708282e-06,6.360558851108212e-05,0.0008252546903319075,0.0007177016044816016,3.145809466917933e-05,-0.00036950394934896725,-0.00039569351224493616,-0.00033557428889906715,-0.00036032570084990544,-0.0003760386563662745,-0.0003231632660516541,-0.0003006296671137686,-0.00030757336419706563,-0.0003525649609459513,-0.0003083212601410905,-0.0003225060890536587,-4.158470955606285e-05,4.3374030700086714e-05,-0.0002873009231521729,0.0020906615329001855,-0.00017906773527938378,0.011334219135809493,-0.00019557714753906888,0.013752855537533323,-1.1284480780967844e-05,0.014818912566224425,-9.644319463783143e-05,0.012183776958164232,5.30779988192398e-05,-3.651632139917975e-05,0.00013329567308608252,-0.00042552776302110266,0.0004021154845723186,0.00021460896669745616,0.00040834728491012483,0.00029426149383828844,0.00048723719979642844,0.0003576809162892984,-2.0535264502695364e-06,2.5028434207271414e-05,-8.300926419486482e-07,1.4520116878379377e-05,2.31096697333637e-06,2.3738373012701976e-05,-8.962642607278649e-07,-8.059051292545978e-07,-6.020211972690731e-07,1.2309097817845375e-06,-6.889353665689518e-06,8.668513125250276e-07,-5.310608347380589e-07,-8.731647671092811e-07,-8.304494981413249e-07,9.26473207412999e-07,2.1292473975528535e-06,-7.0107210394428376e-06,3.866983079859946e-07,-4.848680239048289e-07,2.332643304173207e-05,-8.11238685619951e-07,-4.855673110914756e-07,-9.304892597550523e-07,2.384521438704511e-06,2.935660704052172e-07,-2.579233360009673e-07,-6.58217165002637e-06,-1.6064230009080494e-06,-7.776515375351738e-06,3.0859835046744005e-07,7.141735569334702e-07,2.6010465875852632e-05,-6.111652674617401e-07,1.1352018324698312e-06,-5.874993162340764e-07,1.237075979837476e-06,-6.918977184233677e-07,1.0657227262630578e-06,-6.417391820046782e-07,-1.355036549310956e-07,-3.541239514650992e-07,-1.9492530413933488e-07,-1.1767460747726994e-06,5.264418413769789e-08,-6.311412569099685e-07,-5.515704586287661e-07,-4.829206347623317e-07,1.2378067389233846e-07,-5.484862284392914e-07,-1.4119412414245594e-06,8.236902793419214e-08,-6.137763243188516e-07,6.177762484132492e-07,-6.265065724360158e-07,-6.810261290038676e-07,-5.708071120156509e-07,-5.974539318914888e-07,-1.2927946376441265e-07,-7.144775231404531e-07,-1.2398825897153143e-06,-9.903414431327366e-07,-1.2588074493442113e-06,-1.1600972806003923e-07,-1.0152946587580724e-06,8.113796787055569e-07,2.1423261553956067e-06
783.3333333333329,-0.021760174423083836,0.3464822035586067,-0.3249320189666667,-0.009705622198580018,0.36357782620704293,-0.3125597783666666,-0.00897102082592158,0.36423122838879546,-0.3007519245333332,-0.009875301893837918,0.3636966943562276,-0.3045426848333333,-0.03213279165946147,0.3706014167797594,-0.3287790740666665,-0.03106227724484182,0.3698271567839346,-0.3418057828666667,-0.02596191212959281,0.3596981688750486,-0.3218745132,0.02804159133406174,0.35495889247387036,-0.1952856645666666,-0.09231265182679589,0.3072193730944095,-0.2192606066,0.00447085655481551,0.34038809328340913,-0.2706355998666666,-0.02502282143795384,0.30884280332451025,-0.3051080615,0.10841992883851174,0.22234611946450508,-0.0504139591333333,-0.16392822464505327,0.24880300436024635,-0.0568745185166666,0.15572548151660479,0.04802494540719397,0.0263454199160333,-0.21657449497301404,0.01969990515893655,-0.1401902429099999,0.18863371459097888,-0.14583483246809675,0.0481275605566666,-0.19003031502027468,-0.0431059269539699,-0.2868177583333333,0.18444009990497037,-0.1885431761350465,0.0569109437433333,-0.1638860111176354,-0.04806492469847081,-0.3490362847666667,0.16060697700985374,-0.19963748419868635,0.0312437369243333,-0.12920538417816615,-0.008787179510243593,-0.3553489871999999,0.18465994122473994,-0.17521993593560906,0.0405452182533333,-0.17227643984060714,-0.033010558249791475,-0.286580175,0.0810553495710812,-0.17509682277073974,0.0481428050766666,-0.07938597471811375,-0.18417226343811738,-0.0456001867033333,0.08412657571695968,-0.5157448261013565,0.0671834959066666,-0.03748540031184234,-0.45707220749816063,-0.0205879171719999,0.07955659308288124,-0.791215704873639,0.2651179184,-0.07258968404301354,-0.790323651954317,0.1923092598333333,0.062188523823691895,-0.8233422516173919,0.2903279682333333,-0.0752039807618237,-0.8195981714806381,0.1729174132,0.09066560740130937,-0.8644528066882482,0.2327194661333332,-0.06128715029895104,-0.852404612273748,0.07823812131,onweer_g_ch1_g19_compr.mp4,ch1g19,5.35856383111529e-05,0.0007074754370359228,7.258170616528784e-05,0.00022919847137520914,2.7591515414723322e-05,0.0007568594757172885,6.991511347967578e-05,1.3911555410390662e-05,2.62762721315758e-05,2.934366193549784e-05,5.450592911380405e-05,2.2848819439080168e-05,7.598633069335975e-05,7.178479447672554e-05,2.4575058672399138e-05,2.991943257054629e-05,3.2640532920998915e-05,7.111584256314088e-05,2.030127231154109e-05,7.764986787022365e-05,0.0009125660226330821,7.004485157648521e-05,7.795429233195697e-05,6.044052312470685e-05,2.6704280105600847e-05,6.31779359177992e-06,6.469233239773924e-05,5.20913342785176e-05,5.92332335931213e-05,6.72905619839024e-05,5.943617429771254e-06,6.363875087297633e-05,0.0008516781494428432,0.0007459027241574941,3.354489876904883e-05,-0.00037634986187678495,-0.0004016015346204117,-0.0003396586325485756,-0.00036462337086133574,-0.0003787732522362877,-0.0003247735570710273,-0.0003024662822368016,-0.00030855727069672637,-0.00035824953573524327,-0.0003126480430371097,-0.00033008600713373517,-3.840378705395669e-05,8.271621408775889e-05,-0.0002880307025109629,0.002420210517638173,-0.00020144322239056347,0.011758472493398297,-0.0002207008407669899,0.014193364526292813,-5.518984804266976e-05,0.015206596515125265,-0.00012754582860057296,0.012583833112442865,5.87961928548691e-05,-4.1987496918812864e-05,0.00012811632910573835,-0.00044936648252194984,0.00043223100644500766,0.00025282056414697876,0.00043427293399319656,0.0003368458552372694,0.0005165139158171374,0.00040080365951481985,-2.575243954593965e-06,2.6488004782510028e-05,-1.464162036044994e-06,1.5755742216541293e-05,1.4987679417709872e-06,2.5161176794829565e-05,-1.576905301784102e-06,-8.99102497573844e-07,-9.511288122330192e-07,1.0421866387030504e-06,-7.915796151565482e-06,9.169283129141938e-07,-1.2654604817995844e-06,-1.4681538573445647e-06,-1.3580987113054014e-06,1.0418957777096634e-06,1.489070908886732e-06,-8.29736814762355e-06,4.789663458198701e-07,-1.2091989554584942e-06,2.4274452838029426e-05,-1.5049797399596588e-06,-1.2673516181546186e-06,-1.528513532620122e-06,1.6587592339830134e-06,1.4465578289940833e-07,-1.053554208592658e-06,-7.704762602052932e-06,-2.5516796921434007e-06,-8.86172775926809e-06,1.7677215155542135e-07,-4.1295420548852997e-07,2.7225058661224927e-05,-5.179301220684843e-07,1.0909128344513593e-06,-5.640653487882166e-07,8.386975209603017e-07,-7.514435605484341e-07,1.1117903201471814e-06,-6.140001354135463e-07,-4.666351637662364e-08,-3.717478144842287e-07,-3.0088179531388747e-07,-6.958624301401984e-07,-3.913654052990706e-09,-6.151470849323315e-07,-5.296019698387985e-07,-4.052453547865883e-07,1.5364535962295615e-08,-5.298288052044927e-07,-1.0043659712988694e-06,3.58356826362374e-08,-6.041375859389019e-07,7.517966680782311e-07,-5.938038275145906e-07,-6.608737582823302e-07,-5.463806097885877e-07,-6.727137183932391e-07,-1.3331024842997157e-07,-7.026194880152813e-07,-8.041487458233048e-07,-6.512374848216044e-07,-7.012528061237446e-07,-1.1256505543399753e-07,-1.037777583715653e-06,8.456332471338878e-07,1.6445009416296957e-06
799.9999999999995,-0.02288444011472043,0.3461406995204652,-0.3229470223666666,-0.01081156183518529,0.36321471003539907,-0.3106981534333333,-0.01013147481648941,0.36392501253967646,-0.2989354670333333,-0.011042852582607425,0.3633672712001504,-0.3026995512333333,-0.03339798446586358,0.37025106345355846,-0.3266813471999999,-0.0323095667803496,0.36952965221804684,-0.3397525310000001,-0.02724366427339585,0.3594217499776827,-0.3198304633,0.027226993307296603,0.35468178698247504,-0.1934962208999999,-0.09331868076134613,0.30687023794380186,-0.2167066548666666,0.0035083091627996846,0.3401083929410815,-0.2688341975,-0.026064059680390734,0.30854069829278274,-0.3030509135000001,0.10799449528323973,0.22233289832755204,-0.0485602068733333,-0.16485571559211137,0.2488983558635641,-0.05485314558,0.1554149628210064,0.04776187201691534,0.0283589698503666,-0.21951351053828766,0.02240124733980702,-0.1427694635433333,0.187863241695752,-0.1459931049117841,0.0498030138433333,-0.19091153113046921,-0.031009334551776714,-0.2942356959666667,0.18337440546904846,-0.1887173906661014,0.0586134612633333,-0.16408340089839607,-0.033555545880263195,-0.3573865289333334,0.15958425978714005,-0.19964477755376825,0.033248630111,-0.12949339033593546,0.006707200660075839,-0.3626663389999999,0.18383645726774683,-0.17530687323832897,0.0423708311,-0.17314932718219572,-0.020104264702921485,-0.31266579,0.08113300331293138,-0.17503576834024087,0.0480353816133333,-0.0794810061205472,-0.184215996091699,-0.0454307017633333,0.08395409160294871,-0.5155985425555708,0.0662328990533333,-0.037677147172935,-0.45750698785061306,-0.0207783952686666,0.0796708040807714,-0.7907095976632816,0.265259243,-0.07279719095830314,-0.7900332367147493,0.1939761737666666,0.0623474877807606,-0.8228320775236571,0.2907013565333333,-0.07536495344376769,-0.8192225293127656,0.1747544159333333,0.09084616070736345,-0.8639041703230258,0.2333487188333332,-0.061574588235846384,-0.8519966260103271,0.0804190480533333,onweer_g_ch1_g19_compr.mp4,ch1g19,5.048064653406736e-05,0.0007343334118208871,7.020535406982189e-05,0.00024399362234775888,2.8893430965310323e-05,0.000782256327971581,6.739170133797563e-05,1.3149434782049944e-05,2.5061786530338248e-05,3.0101012265294963e-05,4.5897513497684563e-05,2.4503717325106136e-05,7.378911471785743e-05,6.943103944516967e-05,2.270229135210435e-05,3.180627638829362e-05,3.406296280666773e-05,6.223696821182082e-05,2.1498400018810214e-05,7.551833773208503e-05,0.0009371380121593848,6.756780811951422e-05,7.569214508645758e-05,5.806660204196269e-05,2.828574241820631e-05,6.431201589517518e-06,6.272597418183848e-05,4.382572248402983e-05,5.5744478923564435e-05,5.7644738259535535e-05,6.093977183501366e-06,6.238094658683021e-05,0.0008792698892911903,0.0007753802521645545,3.552836088982849e-05,-0.00035490579265333764,-0.00037932003228836756,-0.0003155024840402372,-0.00034013442773177813,-0.0003542965376939008,-0.0002984595804379321,-0.00027692902089382603,-0.0002859906579511429,-0.00034434256577243365,-0.00029139680004735803,-0.0003128996066037719,-2.5029518857592657e-05,0.00013992917292920268,-0.0002751004405332604,0.0027666896437937728,-0.0002069662088247375,0.012206370045662933,-0.00023110538201044176,0.014653188497976415,-8.002064182254637e-05,0.01561643634900316,-0.00014126800801204524,0.013007715813623744,6.370123301767073e-05,-4.642618290039738e-05,0.00012006333647704789,-0.0004633814428118973,0.00045751086035913734,0.00029214553591215233,0.00045474787455919956,0.00037996938359451414,0.0005372767765193814,0.0004416403072379354,-3.0450884220088566e-06,2.7133601303617727e-05,-2.10567689396495e-06,1.6206058301919245e-05,6.972145307124939e-07,2.5821561348793392e-05,-2.240720537982664e-06,-8.792458490287779e-07,-1.2721064361463723e-06,7.568669084669348e-07,-8.422260358475095e-06,9.39989611470043e-07,-1.982945100473716e-06,-2.070447749427127e-06,-1.706575366068536e-06,1.1315180564300513e-06,1.02464352130562e-06,-9.132475998886266e-06,5.48682364436435e-07,-1.9062412502245027e-06,2.454347965897084e-05,-2.162678078102768e-06,-2.0136230244152564e-06,-2.076493591559855e-06,9.24600840381973e-07,1.1432435204932765e-08,-1.7788510225474484e-06,-8.328619992439126e-06,-3.0691275442530985e-06,-9.379458693711402e-06,6.723229581180048e-08,-1.4829996459485324e-06,2.7639843797323182e-05,-3.9929160813668473e-07,6.352595177078808e-07,-4.693208571973114e-07,3.744147939960924e-07,-6.832647757143898e-07,7.204555558972404e-07,-5.104204953995508e-07,7.119326663376877e-08,-3.576581259893238e-07,-4.1245382510718855e-07,-6.046559528944294e-08,-6.266597294430228e-08,-5.194058828114623e-07,-4.4304805422027994e-07,-2.6690519764942005e-07,-1.0790016294104071e-07,-4.169355562408718e-07,-4.3804496304874566e-07,-2.1083743011258222e-08,-5.156923395281148e-07,4.30936576158796e-07,-4.704091693551637e-07,-5.561511285137301e-07,-4.471500689529069e-07,-6.27883272841417e-07,-1.2173876129259722e-07,-5.922922242647689e-07,-1.9199301400232046e-07,-2.3728375555502766e-07,-1.5457320595601682e-08,-9.513327718519332e-08,-9.496586300802338e-07,4.318595362079249e-07,8.073665801601877e-07
816.6666666666662,-0.023946354859085694,0.3458183695209995,-0.3202806870666667,-0.011859651299592674,0.36286933674548405,-0.3081252981,-0.011237771738390771,0.3636431961328442,-0.2964160392999999,-0.01215504044840927,0.3630620434804653,-0.3001573922666666,-0.03459823748247423,0.36992871644645536,-0.3238894397999999,-0.033492005517455965,0.36926195995366223,-0.3369982629333333,-0.028460013592338643,0.3591742403763252,-0.3170972575333333,0.02645259399462582,0.3544268711696432,-0.1910246462333333,-0.09428645210489224,0.3065428784572728,-0.2135633348666666,0.0025905706336374176,0.3398499316218538,-0.2663762767999999,-0.02705369834631759,0.308255194973199,-0.3003437877333334,0.10757468219469604,0.2223262545441604,-0.0460765490526666,-0.16572545480574696,0.24908699391435932,-0.0525405060266666,0.15513396338103305,0.04750160983186582,0.0310372967423333,-0.22254813315020225,0.025505483697496296,-0.1455639677099999,0.1872281632279796,-0.14616763862902687,0.0522408626966666,-0.19179313358558048,-0.01854022289234009,-0.3017983397333333,0.18244084488213225,-0.18892501663199357,0.0611097155733333,-0.16426734592750375,-0.01867774038572904,-0.3657677476333333,0.15870669991878145,-0.19971083511406612,0.0360590903143333,-0.12975333689353813,0.022476948307049247,-0.3698557290333332,0.18315173010522243,-0.17541935952402268,0.0449739586566666,-0.1740219466034746,-0.006866782209903357,-0.341247499,0.08120678548482407,-0.17497049795485253,0.0479366128666666,-0.07957212740714274,-0.1842636278084411,-0.0452678759066666,0.08378126250545143,-0.5154790752802059,0.0652403430133333,-0.03786852091219148,-0.45798063511339876,-0.0212042504953333,0.07978437212422855,-0.7902570224343235,0.2652553265666666,-0.07300829982247692,-0.7897619273689711,0.1955545320666666,0.06250509448263945,-0.8223893090984455,0.2908944547333333,-0.07553165865418998,-0.8188646964850365,0.1765198355,0.09101121962709006,-0.863379772899446,0.2337090810666666,-0.061895981157374394,-0.8515753726178719,0.08246774787,onweer_g_ch1_g19_compr.mp4,ch1g19,4.72771611351237e-05,0.0007620930365595756,6.721585129410616e-05,0.0002583633589473972,2.9184571779916627e-05,0.0008087627323507803,6.423749929058422e-05,1.210381603439167e-05,2.3736159075779182e-05,3.064367571016941e-05,3.708220458392582e-05,2.550148948586289e-05,7.086245319212204e-05,6.651761629534316e-05,2.079128392464833e-05,3.305490220855702e-05,3.46056167576676e-05,5.288175479124246e-05,2.2159192891883936e-05,7.265381652247486e-05,0.0009624419499235097,6.440341886106722e-05,7.268162285694762e-05,5.5200221447635104e-05,2.8836183102398494e-05,6.3733736160545284e-06,5.997368236087422e-05,3.519703131229826e-05,5.179976057800449e-05,4.777588544428258e-05,6.104077332938876e-06,6.001358119852876e-05,0.0009076167610626944,0.0008057347765360575,3.636695320665139e-05,-0.0003113971159858744,-0.00033574203878834286,-0.0002703808732165661,-0.000293662199387724,-0.00030850128699562673,-0.0002508969616828385,-0.00023131304252682673,-0.0002455243138344797,-0.0003134512859042077,-0.00025039144397136416,-0.00027584822656171663,-7.666045327628941e-06,0.00021506265511581936,-0.00025628219416302646,0.003123176229048769,-0.00019603367232814582,0.012669018373107051,-0.00022595513647916232,0.015125420334011857,-8.579535653826236e-05,0.016038226119720334,-0.00013734200784602362,0.013449594509860366,6.75803282580046e-05,-4.96692644712909e-05,0.00010973581864829049,-0.00047176794537982645,0.00046734491898075837,0.0003133290464160129,0.0004601113037269015,0.0004026887800560349,0.0005452880406975743,0.0004689800029879482,-3.4399461210874958e-06,2.7533174480417055e-05,-2.6335793401352408e-06,1.6229900039461366e-05,1.7391528705603116e-07,2.6351297541950855e-05,-2.7872773214512278e-06,-7.670209865516661e-07,-1.5710530198457084e-06,3.208602313489289e-07,-8.299433792262536e-06,9.355728367697444e-07,-2.550922121620275e-06,-2.5717121040385105e-06,-1.867234508617728e-06,1.0564307480041938e-06,8.094731604704421e-07,-9.427455669675388e-06,5.798217401253905e-07,-2.463237329107441e-06,2.483133927455051e-05,-2.673019353335346e-06,-2.6072442576541467e-06,-2.528853888105912e-06,4.209548340150285e-07,-9.497030549665914e-08,-2.353528662474282e-06,-8.32635908431258e-06,-3.0707658277207773e-06,-9.250313326534629e-06,-9.421972921404858e-09,-2.3990224959463266e-06,2.785508038965274e-05,-2.7779442949981855e-07,-1.729959967051663e-07,-3.322921486078629e-07,-1.5004030850567472e-07,-4.907504698281814e-07,-6.289479601741362e-08,-3.6141120212168467e-07,2.1035219871738204e-07,-3.0871689146030393e-07,-5.339288200262159e-07,6.346292196818387e-07,-6.50330219029991e-08,-3.7213000126549103e-07,-3.1944736261145813e-07,-1.044699887970313e-07,-1.7783984944754105e-07,-2.1729277427504736e-07,2.1159672436791968e-07,-3.1296290924435656e-08,-3.74109976201029e-07,-2.8913991961045715e-07,-2.901024397080182e-07,-3.9786921776605344e-07,-3.022545102332507e-07,-4.6021034495898306e-07,-9.417787286281273e-08,-4.12768011634045e-07,5.087411707868081e-07,1.5965668856197332e-07,6.950443237348004e-07,-6.422719268389495e-08,-7.738822097151452e-07,-3.6110007726473606e-07,5.676013270467892e-07
833.3333333333328,-0.024953008039667976,0.34551358991682646,-0.3177165195666667,-0.012858322447270743,0.36253597156209627,-0.3056686549333333,-0.012294656730716738,0.3633753948194911,-0.2940097203333333,-0.01321809969013975,0.3627705190856884,-0.2977314911666666,-0.03574448689733281,0.3696242332896878,-0.3212259943333332,-0.03461960323676863,0.3690151318869194,-0.3343771179,-0.029621232251995467,0.3589470685076289,-0.3144920468,0.025729488461146702,0.3541746541115446,-0.1887295673999999,-0.09521200802588384,0.306226149744494,-0.2106470117333333,0.0017161563003531763,0.3396047255120223,-0.2640306338666666,-0.027995936844336457,0.30798659461532063,-0.2977716992666667,0.10720302784612566,0.22232838850241463,-0.043738408565,-0.16649857874856994,0.24931178239851076,-0.0504524343733333,0.1549377078524656,0.04727432551267356,0.0335534385456666,-0.225535436970751,0.028711774968670358,-0.1485772383099999,0.18673122647847576,-0.14631379982558593,0.0545923887333333,-0.19268881970782117,-0.005801992792665913,-0.3094225814666667,0.18165651319218346,-0.18910313798026238,0.0634950558366666,-0.16445188090724308,-0.0034801963154081398,-0.3741828262666666,0.157937856669633,-0.1997535404766283,0.0387154707743333,-0.1300114502279317,0.0385554402699786,-0.3771217766333332,0.18258660993794706,-0.17550574230107566,0.0474675302733333,-0.17490322531320793,0.006643012679027109,-0.368103564,0.08127885543927384,-0.17490159690797247,0.0478723985466666,-0.07966162231198283,-0.18431388592999912,-0.0451387943466666,0.08361955463908709,-0.5153761914802238,0.06462946395,-0.03805572066569064,-0.45845532936061867,-0.0217819881966666,0.07988984222273111,-0.7898021471439514,0.2658351337333334,-0.07321693057671227,-0.7894632114305448,0.1970786019666666,0.06265538866654548,-0.8219449408405429,0.2917151540666666,-0.07569506152741162,-0.8184747205948902,0.1782543381333333,0.09119368836469743,-0.8628409229002211,0.2348240237,-0.062202072656368235,-0.8511102373202423,0.08455688437,onweer_g_ch1_g19_compr.mp4,ch1g19,4.362335688042231e-05,0.000790808439674233,6.399171699200513e-05,0.00027448719321022204,2.8958723848932033e-05,0.0008365216026674102,6.083178332567514e-05,1.1019711028596712e-05,2.1966885195489702e-05,3.0537403933552814e-05,2.8751008444532017e-05,2.6299179404665067e-05,6.764302622827785e-05,6.338854957389159e-05,1.8894496815464886e-05,3.389394102298847e-05,3.4723991082081894e-05,4.3412432568435766e-05,2.267297659082899e-05,6.95094675811282e-05,0.000988431999336542,6.110192400185567e-05,6.938190869309824e-05,5.215130359079922e-05,2.8830291268421745e-05,6.152585716496556e-06,5.687989839136655e-05,2.673534672971223e-05,4.822081968725485e-05,3.8534924762078905e-05,5.990887731018216e-06,5.661885045974794e-05,0.0009365626390488096,0.0008377308567022516,3.667764390075124e-05,-0.0002575985431024598,-0.0002838598784715038,-0.00021731034561033033,-0.00023833339935460453,-0.00025374428812330974,-0.00019479002655606258,-0.00017827313964563073,-0.00019814392082445075,-0.00027396402806431045,-0.00020073439494447276,-0.00022864943507078957,7.686992469843347e-06,0.0003062348305982827,-0.00023805348840030808,0.003511179457228909,-0.00016681265868219086,0.013146961211881494,-0.0002008463025320385,0.015607594461772829,-6.679727375904122e-05,0.016471199531082448,-0.0001125542967080777,0.013911397959051084,7.036720846136148e-05,-5.157321116602514e-05,0.00010041565137031815,-0.00046848994813353283,0.00046761169459092134,0.00032487913176305704,0.00045724854741139,0.00041500547656181803,0.0005476756683147175,0.0004830310265407464,-3.7441360386123586e-06,2.7215184425200835e-05,-3.0204198566398452e-06,1.604356799552914e-05,-1.1946069404175284e-07,2.6181134298995094e-05,-3.1871086816047493e-06,-5.485150824585622e-07,-1.804226708332907e-06,-2.4240342545782166e-07,-7.463818259718567e-06,9.045070559317311e-07,-2.9432821966665074e-06,-2.946985796989809e-06,-1.79723447181791e-06,8.451951566987051e-07,7.865427750655324e-07,-8.983592050765388e-06,5.726469393988073e-07,-2.8572795138788706e-06,2.4480543853771302e-05,-2.999454852297726e-06,-3.024593445474708e-06,-2.87541841823876e-06,1.2392132529693267e-07,-1.6590525296113296e-07,-2.7548337561643713e-06,-7.579909716477017e-06,-2.5868064270959333e-06,-8.395824711622809e-06,-4.627509543183396e-08,-3.110384606296183e-06,2.7314124357169835e-05,-1.5634318427364097e-07,-1.2959750903645026e-06,-1.886093812246175e-07,-8.130114618849301e-07,-2.219732128721449e-07,-1.20569523705082e-06,-2.026044487104867e-07,3.491793474846061e-07,-2.107625682862221e-07,-6.375113401121138e-07,1.2864560660662998e-06,-1.0624161883823165e-08,-2.1273514300416051e-07,-1.906740453783491e-07,5.730898986947018e-08,-1.7792370902893968e-07,2.1900889261338404e-08,8.723493591423082e-07,1.0528991171254767e-08,-2.1787985505470956e-07,-1.3799619975335882e-06,-9.815049279601971e-08,-2.2771740015786116e-07,-1.428104016377762e-07,-2.137276173778463e-07,-5.430117573858617e-08,-2.055591692837395e-07,1.2003008804534097e-06,4.428246181070406e-07,1.328142141065126e-06,-2.4137711400814298e-08,-5.455515417244173e-07,-1.483922851426873e-06,1.9453908594261055e-06
849.9999999999994,-0.025894236984346827,0.34531267120854336,-0.3149863387333334,-0.013798380167439754,0.36230444319425636,-0.3030357846333333,-0.013294479762219799,0.3632153611277722,-0.2914286464999999,-0.014223693913482905,0.3625869326747611,-0.2951345018999999,-0.0368329040769053,0.369433087312708,-0.3183888559666666,-0.03569078526260766,0.36888564651292605,-0.3315859039,-0.030725479743028236,0.35883317587841645,-0.3117175181333333,0.02506643475108849,0.3540107400487732,-0.1862884278999999,-0.09609930356604698,0.3060023836908937,-0.2075860424999999,0.0009092207535684261,0.33945547997901304,-0.2615338941333333,-0.028878456551339773,0.3078109817849306,-0.2950500578,0.10685547717845884,0.22234687340306133,-0.0412443222253333,-0.16716683785897082,0.2496832333414561,-0.04845250383,0.1547676556333544,0.047066990465990194,0.0362204633936666,-0.22849603442737543,0.03236660059710567,-0.1516933326433333,0.1863743963009868,-0.1464299739478744,0.0571207056933333,-0.19365022774249413,0.007668419004425543,-0.3170144603333333,0.1810338111963528,-0.18925088180464356,0.0661482962633333,-0.16468858528508512,0.01250838303796779,-0.3825749407,0.1573669611660851,-0.19977735902377822,0.0416492273476666,-0.13030418642401095,0.05539821301556594,-0.3843704221666665,0.1821765446552281,-0.17557047165928702,0.0501510126433333,-0.17584880289635774,0.020884181223952393,-0.3933869,0.0813479529246504,-0.1748290206487379,0.0478489706933333,-0.0797488143141327,-0.1843674316061196,-0.0450495673333333,0.08345831289060446,-0.5152742660534565,0.0643916362,-0.038255509357968474,-0.4589239437348139,-0.0223383394433333,0.07999866573851462,-0.7893154593395946,0.2667281782,-0.07343639841162562,-0.7891001753520096,0.1987851907333333,0.06281008940064205,-0.8214660834953119,0.2928490768,-0.07586840879473598,-0.8180178280558151,0.1801869069666667,0.09139983379146761,-0.8622574584097111,0.2363358945,-0.06251792879731846,-0.8505808074082516,0.08694585567,onweer_g_ch1_g19_compr.mp4,ch1g19,4.001846937492799e-05,0.0008183572261415604,6.111087385728691e-05,0.0002911604748208369,2.9157225493390303e-05,0.0008633701394437799,5.775149350570157e-05,1.0480303612388688e-05,2.0148388943493333e-05,2.9657830423240417e-05,2.1532431926154365e-05,2.746329861497346e-05,6.481274128573881e-05,6.058830506756698e-05,1.7014091473549953e-05,3.486080881683095e-05,3.5560250174588556e-05,3.43985442735422e-05,2.353602542962985e-05,6.677678040378757e-05,0.0010137229570707084,5.825217782962384e-05,6.647890055670977e-05,4.9402163172342777e-05,2.922257071187788e-05,5.879112907200913e-06,5.418129058883482e-05,1.9137265914923788e-05,4.585111518037887e-05,3.062179045650828e-05,5.8591337707761454e-06,5.3329365132448843e-05,0.0009641753627309366,0.0008689871609703869,3.752203528641385e-05,-0.00020002005785131223,-0.00023119580176176298,-0.00016355160708840294,-0.0001819329946713479,-0.0001968721141109192,-0.000136873411614144,-0.00012386937229680163,-0.00015785679162013744,-0.00023343442037274454,-0.0001514098043209619,-0.00017871998660404605,1.3200776922593245e-05,0.00040008973503249815,-0.00022420513975515696,0.0038924472914929763,-0.00011763229496638762,0.01360541008194254,-0.00014800825635060834,0.01606749463348643,-1.4069301014716881e-05,0.016892434297882588,-6.373059025900614e-05,0.014357808484684664,7.330486472678164e-05,-5.346638971494483e-05,0.00010109605465984231,-0.00045242198459417675,0.0004746271851735832,0.00034409135417149566,0.0004624115206256124,0.00043532018712476355,0.0005621919060648803,0.0005049503458568274,-3.8139927691864643e-06,2.5310943081386123e-05,-3.076027298784442e-06,1.514979411377617e-05,-1.744923093585139e-07,2.4346084650411487e-05,-3.251034741782438e-06,-2.1077891087948945e-07,-2.0066570954737664e-06,-9.350594968369125e-07,-5.906048128735979e-06,8.397050493266678e-07,-2.9812609653775373e-06,-3.0099392819072285e-06,-1.6230252637023576e-06,5.08718281810292e-07,9.060005045581963e-07,-7.786609242514243e-06,5.260561560745915e-07,-2.9071221827410055e-06,2.2399428663886736e-05,-2.934180524344623e-06,-3.0756172747588653e-06,-2.901109584804789e-06,5.592426696793112e-08,-1.984741965852537e-07,-2.804580139673967e-06,-6.114070235756159e-06,-1.7858071998785793e-06,-6.736872123503194e-06,-4.62114912568114e-08,-3.4776324166783737e-06,2.5072747993961156e-05,-5.50746141154238e-08,-2.6021163666252474e-06,-7.974142050886363e-08,-1.5652212848930554e-06,7.149888322893016e-08,-2.5728977019575445e-06,-7.562561055730132e-08,4.5825000717701574e-07,-8.380470810097628e-08,-6.979444138804923e-07,1.8003628380396854e-06,8.935913795935822e-08,-8.813362713675438e-08,-9.408596522002751e-08,1.9326008961913667e-07,-1.0646572975298221e-07,2.4029958356483447e-07,1.4656341038325747e-06,9.804983256234946e-08,-9.371272001144992e-08,-2.74680914757168e-06,5.510141446227532e-08,-9.421698884700969e-08,-6.911711016377579e-09,6.046246321485146e-08,-1.1601791778249488e-08,-2.4116003569021944e-08,1.7740101530921135e-06,5.442038753826906e-07,1.8165041240346168e-06,1.5585782402157394e-08,-3.282519648038229e-07,-2.813598154067538e-06,3.522128439119554e-06
866.6666666666661,-0.026789031020281805,0.345143092916535,-0.3123000448333334,-0.014672894654269445,0.3621054906260115,-0.3004633296333333,-0.014231576814329025,0.36308851828326416,-0.2889036963999999,-0.015166704213222278,0.3624412241586211,-0.2925931485999999,-0.03786375183349335,0.36928033377585767,-0.3156277383333332,-0.03670351981688864,0.3687947035035289,-0.3288728594,-0.03177301263779373,0.3587537416942013,-0.3090191761333333,0.024464677403311666,0.35388741375480126,-0.1839252259333333,-0.09691969266758055,0.30582586445348153,-0.2046369417666666,0.00014867863918834203,0.339332649164679,-0.2590777595999999,-0.029718788785482148,0.30766571964066247,-0.2923866182666667,0.1065242039630409,0.22236676985184956,-0.0387792095870333,-0.16774749671818323,0.2501675452789295,-0.04655441813,0.15460528820795785,0.04685727197759343,0.0387867443866666,-0.23136978214125592,0.03642773685080202,-0.1549020463766666,0.1861073778820497,-0.14654414490778553,0.0595266720133333,-0.1946163918271576,0.021458755550904936,-0.3245352636333333,0.18053285527060886,-0.189397132235559,0.0686467155833333,-0.1649384571472161,0.028763273566978984,-0.3908162002333333,0.15695022400164263,-0.1998003699911414,0.0444418196643333,-0.13060615996812244,0.07246618420139563,-0.3914432329999999,0.18187632981514865,-0.1756362366385156,0.05271264115,-0.17680617854886047,0.035420795194965646,-0.40014869,0.08141184203120382,-0.17475342858325515,0.0478288516433333,-0.07983064012659451,-0.1844230235785584,-0.0449637180166666,0.08331517874477143,-0.5151742632900614,0.0641302924333333,-0.03845586401582181,-0.45937334656777845,-0.0228522865166666,0.0801207791792834,-0.7888311278219,0.2674530978333334,-0.07363639943067737,-0.788702166283135,0.2004379743999999,0.06297308976168697,-0.8209933817999905,0.2937833935,-0.07602230194904584,-0.8175205564988229,0.1820472896,0.09160485451318892,-0.8616748423859192,0.2376827930999999,-0.06280287307443563,-0.8500054153140806,0.0893438086433333,onweer_g_ch1_g19_compr.mp4,ch1g19,3.634746939037712e-05,0.0008427146032877357,5.818229600668425e-05,0.0003069092671112325,2.885801380838383e-05,0.0008868447967390084,5.4707440390120065e-05,1.0464979135858887e-05,1.8243129979717756e-05,2.871341967702557e-05,1.6059192605605828e-05,2.8240590038388636e-05,6.192324566330892e-05,5.771473102308684e-05,1.5335720095444395e-05,3.526386391624825e-05,3.650341895866599e-05,2.6625258780096517e-05,2.3989687112805604e-05,6.397289219520231e-05,0.0010348807913519332,5.557930301146909e-05,6.354339209759964e-05,4.6780100619902055e-05,2.9121250984751443e-05,5.6526430973822895e-06,5.165286620449166e-05,1.3227210624754636e-05,4.4967537466467136e-05,2.446197015745873e-05,5.8052398808673284e-06,4.9900732814895815e-05,0.0009881480636929798,0.0008970904883259642,3.772999266746812e-05,-0.00015511968311193448,-0.00019234416281268445,-0.0001239111185811586,-0.00013964028802497094,-0.0001519182164717409,-9.14870620189158e-05,-8.232805508778263e-05,-0.00013026371763662033,-0.0001948676608106671,-0.00011535478402272204,-0.0001380911585069625,9.497977955323897e-06,0.000489244102303349,-0.00021566676715184578,0.004248220219069077,-6.111550162318777e-05,0.01401138721837526,-8.468437651144837e-05,0.016467186047293338,4.947290113233566e-05,0.017245019126241583,-5.929265054888295e-06,0.014748370253434243,7.70330952074475e-05,-5.595004116990231e-05,0.00011016349505029281,-0.0004354465976773061,0.0004739770467969258,0.00035480980050598413,0.0004601683527374515,0.00044835556580339497,0.0005786098192706348,0.0005196860469424436,-3.713804514556925e-06,2.2139562730038253e-05,-2.903237925451044e-06,1.3354103196842987e-05,-1.156036308511679e-08,2.1191961117115417e-05,-3.068045919511279e-06,2.394155331167211e-07,-2.111181835619968e-06,-1.6905814449865725e-06,-3.7740947052719786e-06,8.170154261543582e-07,-2.7865706695021854e-06,-2.8598111388150474e-06,-1.3363306252173044e-06,2.2337387090398186e-07,1.142884967444813e-06,-5.994827544250385e-06,5.228454335737431e-07,-2.7265376561961846e-06,1.9070478992334632e-05,-2.614619297051177e-06,-2.8834798606892873e-06,-2.7098749441333592e-06,2.009896232968801e-07,-1.9264028601062874e-07,-2.6081663536205347e-06,-4.046925270334133e-06,-9.845199341419377e-07,-4.392414901146893e-06,-1.4011375222467436e-08,-3.5794312846746727e-06,2.164420656391242e-05,2.5752350729238058e-08,-3.893835626347584e-06,-1.2576270858159514e-08,-2.279147130839222e-06,3.7708959578358013e-07,-3.947125337936739e-06,7.3070713995393705e-09,5.222769364777028e-07,6.575254291294141e-08,-7.112575704246868e-07,2.1016159058541848e-06,2.363011816716315e-07,-5.398063933277163e-09,-3.457875754054669e-08,2.935151823223147e-07,4.283122887620719e-08,4.2220205960089927e-07,1.9132065482470175e-06,2.3766426592275204e-07,-8.775292557793936e-09,-4.166500278546011e-06,1.498534073855805e-07,-5.693092049064872e-09,8.801838379209865e-08,3.484770505606733e-07,2.6303609691600952e-08,1.1105668072562887e-07,2.1389923733654146e-06,4.5877593257974476e-07,2.1043805337524466e-06,4.732867797539535e-08,-1.3268776975879063e-07,-4.14968922958771e-06,5.001790385911374e-06
883.3333333333327,-0.027656947604036735,0.3449997458036405,-0.3097875014333334,-0.015510585107262635,0.3619262317583681,-0.2980991958333333,-0.015132842590113743,0.36297978125488917,-0.2865866929666666,-0.016073206399560665,0.36231742570977077,-0.2902553118666666,-0.03885962379276692,0.3691441458492252,-0.3130692973666666,-0.03767977639358678,0.3687185013706668,-0.3263656893666667,-0.03278492108396791,0.3586861383940745,-0.3065225908666667,0.023923799584922984,0.3537766254052802,-0.181898821,-0.09766599375702678,0.3056481219238927,-0.2019338686333333,-0.0005740578205581458,0.339227232741708,-0.2568246081666666,-0.030523164530501943,0.30753686463545055,-0.2899152303666666,0.10625120342926303,0.22237210942101227,-0.0367671714557,-0.16823221583850226,0.2506993161564168,-0.0447826773266666,0.1545178489433462,0.046630565232046374,0.0406472455099999,-0.23413503727939003,0.04078015216053448,-0.1580054077433333,0.18594719426586434,-0.14666682090688543,0.0612222527799999,-0.19560691107708217,0.03548117190999353,-0.3314098731333333,0.1801524953842444,-0.18954436453309612,0.07044962045,-0.16522252590832553,0.04523146296644357,-0.3983155538333334,0.1566317329832146,-0.1998218413500004,0.0465155370309999,-0.13094467989481975,0.08968206025363662,-0.3978575302333332,0.18167773034832116,-0.1757094273726231,0.05455347051,-0.17779928536073003,0.050166856435441824,-0.401099324,0.08146963744424059,-0.17467522185308554,0.0478051831366666,-0.07990554698924401,-0.18448000791823974,-0.04487515781,0.08317567147044261,-0.5150735611554708,0.0639233172933333,-0.03864951151896943,-0.4598214588212083,-0.0233680666499999,0.08023923444306162,-0.7883665240772499,0.2680337245666667,-0.07382216025802661,-0.7883507923843601,0.2019685774666666,0.06313046219551058,-0.8205441885182676,0.2945559472,-0.07616376855464117,-0.8170747826383058,0.1837775011666667,0.0918037319048185,-0.8611043213076499,0.2389018933333333,-0.06306843245533436,-0.8494886630378407,0.0916725351766666,onweer_g_ch1_g19_compr.mp4,ch1g19,3.274291989716551e-05,0.000862082006580129,5.5444304313691786e-05,0.00031951265836277883,2.873717664529149e-05,0.0009051125055156853,5.186990143341348e-05,1.0942058994124145e-05,1.6249535968107318e-05,2.7197671439246915e-05,1.3313777650338354e-05,2.8759676065230647e-05,5.924408921161491e-05,5.499201731664028e-05,1.4289298778470358e-05,3.51471937896327e-05,3.80252298322597e-05,2.1350918417575075e-05,2.426976110321702e-05,6.135616051228437e-05,0.0010506002235150193,5.326032969710622e-05,6.0818412750916886e-05,4.4374315990746914e-05,2.9148569238589658e-05,5.522508327950495e-06,4.939445344143165e-05,1.0205445738849346e-05,4.488593584884801e-05,2.0960594528049512e-05,5.863019914563328e-06,4.6475887058428995e-05,0.0010067681616115977,0.0009195553600004627,3.792967693856726e-05,-0.00011875284449078591,-0.00016431314310894022,-9.523406557144807e-05,-0.00010842478200880042,-0.00011677654837593198,-5.6088723358741825e-05,-5.037580050003614e-05,-0.000117385264474784,-0.00016298830772288215,-8.901194048603622e-05,-0.0001047636524684959,-2.4619377684479448e-06,0.000563933402118414,-0.000214615635366919,0.004554013774464872,-1.1079879350195931e-06,0.014335595791158508,-1.565599894625923e-05,0.01677785418738969,0.00011930480780307514,0.017507191901600973,5.636746246517457e-05,0.015053458107861161,8.186144248833343e-05,-5.954797079238463e-05,0.00013066595609041164,-0.0004111338720398167,0.0004764076956833415,0.00036442228068350366,0.0004614969521970508,0.0004588253904378337,0.0006043040101653083,0.0005317399593870898,-3.5387481913855327e-06,1.7741210082895516e-05,-2.699843158149734e-06,1.0895134954112677e-05,4.33434382894415e-07,1.6715529872106734e-05,-2.880149125780678e-06,8.198406512686705e-07,-2.0345803088482477e-06,-2.3816196600265133e-06,-1.3750378469984115e-06,1.061214733788874e-06,-2.590307219709815e-06,-2.7036167947269914e-06,-1.0291699578442676e-06,2.5433321738438874e-07,1.5691179767440023e-06,-3.773361595976351e-06,7.693643657717904e-07,-2.5567706559624198e-06,1.437639222842218e-05,-2.2532404134161577e-06,-2.6873923631689126e-06,-2.454436740085683e-06,6.188080807384904e-07,-1.5123387444021746e-07,-2.316601524521041e-06,-1.6429368516860447e-06,-3.7755664801715773e-07,-1.8669095803352252e-06,4.305079373172277e-08,-3.472925169308223e-06,1.6961849604942052e-05,8.662775516956546e-08,-5.020808674319236e-06,-7.417409846407972e-10,-2.8100800497901063e-06,6.346211373921094e-07,-5.166644275862358e-06,3.334266160363818e-08,5.27865129806673e-07,2.20207680337186e-07,-6.41225989768492e-07,2.132139613701125e-06,3.9723440882067743e-07,1.934172024105703e-08,-2.40216658072474e-08,3.319618209831849e-07,2.3966722507037903e-07,5.148820110752033e-07,2.1432785561726046e-06,3.976272569951108e-07,1.986620144206063e-08,-5.501261685534068e-06,1.6758812763448013e-07,2.2190572261280166e-08,1.2945500545289574e-07,5.923498348011453e-07,5.349044483966224e-08,1.830654296802456e-07,2.2177114887047286e-06,2.447473639957904e-07,2.1575606113952525e-06,6.597658527575156e-08,2.7556022184992395e-08,-5.353156944602961e-06,6.175233803514736e-06
899.9999999999993,-0.028504772419866632,0.34489851423130563,-0.3072861353666667,-0.016323316063047773,0.361778345835892,-0.2957362233333333,-0.016010160471808244,0.3629001119936842,-0.2842725461333333,-0.016955782767150342,0.3622285786415561,-0.2879223062,-0.03982864707849786,0.3690371858188114,-0.3105240479,-0.038627506094573924,0.3686740708477068,-0.3238724648333334,-0.03376841244087352,0.3586432753178338,-0.3040380577,0.023389737106963692,0.35368366003059676,-0.1798997115,-0.09838089849079303,0.30547789705582495,-0.1992950999666666,-0.0012785657259130692,0.3391517461587351,-0.2545907169666667,-0.03130755956032204,0.3074383501117782,-0.2874779562,0.10597534229664728,0.22237162214505818,-0.0348337577493666,-0.1686854555372691,0.2512682552957448,-0.0431307428533333,0.15443786917127764,0.04641446947993861,0.0420575501433333,-0.23673910572233453,0.0454869255090702,-0.1614492384433333,0.18581219215743794,-0.14667496262006552,0.0616766338866666,-0.19656619069884831,0.050130386244212594,-0.3383139918666667,0.17980653940410074,-0.18957807066026494,0.0709224604966666,-0.16551017724962158,0.06232109245793789,-0.405840827,0.15631993602789918,-0.19971151084607508,0.0472631751043333,-0.13130200843895742,0.10749393125919347,-0.4043463307999999,0.1814916918076933,-0.17565916909585244,0.0551275673,-0.1787847103802328,0.06552917588959611,-0.41308248,0.08151870558686704,-0.1745905735849139,0.0477889897933333,-0.0799715387428485,-0.18454140190178642,-0.0447957001,0.08304446443762384,-0.5149256718314672,0.06381713435,-0.03882156606008059,-0.4602107395706302,-0.0238707717566666,0.08029186748079037,-0.7878827343457018,0.2685586189666666,-0.07402531878352837,-0.7879822719001948,0.2033402348999999,0.06321083939175685,-0.8200776967257896,0.2952544997,-0.07632622818715765,-0.8166158472961955,0.1853248387333333,0.09193669612670319,-0.8605133756005557,0.2400631522666666,-0.06332625721442887,-0.8489651996622667,0.09385405388,onweer_g_ch1_g19_compr.mp4,ch1g19,2.905541530795329e-05,0.0008761248434388197,5.2747178211229467e-05,0.00032916609318793375,2.9288234768779895e-05,0.0009177707936051522,4.907767541238694e-05,1.1996452727663777e-05,1.4296360387430549e-05,2.4790129626760573e-05,1.338449332859394e-05,2.9718452875039118e-05,5.669823926228157e-05,5.228474094176129e-05,1.3894181170854189e-05,3.5107397951710736e-05,4.004851447359486e-05,1.8927682251711147e-05,2.495049619365051e-05,5.886225878810117e-05,0.0010602674013398523,5.1158023077099904e-05,5.819530080326466e-05,4.206715074097616e-05,2.9821888716026695e-05,5.436441601617034e-06,4.732544720674714e-05,1.017857101377755e-05,4.5041073230517636e-05,2.031811455301053e-05,5.982146219653843e-06,4.3082259243240175e-05,0.0010194374105834195,0.0009360778331814054,3.8882802199692976e-05,-8.197311515796874e-05,-0.0001359282473197698,-6.691692398045169e-05,-7.771255661748694e-05,-8.208929493773715e-05,-2.144037729148758e-05,-1.8879893596033744e-05,-0.00010632610346752295,-0.0001315172192154929,-6.267272834954058e-05,-7.079846586785967e-05,-1.6619009150863272e-05,0.0006217042371049632,-0.00022017441051957215,0.004815395634657412,6.156116898948852e-05,0.014572417933380755,5.817467574449913e-05,0.016989390858471256,0.0001957949395683029,0.017668616422634856,0.00012299212461387108,0.015266313673843738,8.752674321967084e-05,-6.390711678132964e-05,0.0001618484640095809,-0.0003822020182269909,0.0004891834721781296,0.0003834487793382203,0.00047351856024941324,0.0004783797466348753,0.0006367285705911761,0.00054670237337117,-3.4297850066703205e-06,1.1883251843114727e-05,-2.5602606715192494e-06,7.772575468189338e-06,1.1098871112103038e-06,1.0668728738960908e-05,-2.726869998426561e-06,1.4227639212083265e-06,-1.8362107809361658e-06,-2.952483066021492e-06,1.028839901532023e-06,1.409959860729706e-06,-2.4485770863799936e-06,-2.607802987718775e-06,-6.772947607312513e-07,4.801574005368992e-07,2.111520542367766e-06,-1.3581900909618106e-06,1.1065192091084814e-06,-2.423585009416196e-06,8.022603081005938e-06,-1.9446046154320083e-06,-2.539432100492553e-06,-2.2258795862782635e-06,1.2645290817543788e-06,-8.051519131685987e-08,-2.012809315991553e-06,8.80926016545295e-07,-2.0918179422722526e-07,4.812560427729458e-07,1.1751412534705448e-07,-3.2764405674475184e-06,1.0808271142379381e-05,1.471222564243028e-07,-5.874762877107698e-06,-3.331360221710223e-08,-3.10440206774279e-06,7.965214559044198e-07,-6.1120418611209286e-06,1.1992816103082794e-08,4.70103734952321e-07,3.6385749948818597e-07,-4.6863425674223143e-07,1.8977301375071417e-06,5.180773181565827e-07,-7.490069161060876e-09,-5.1906558097343264e-08,3.2599807048758273e-07,4.261213208749376e-07,5.062346319680408e-07,2.1295643506213736e-06,5.291160698488315e-07,-4.102587365548034e-09,-6.623212324858991e-06,1.1500784987585948e-07,-3.38080990166717e-09,1.2471200856605395e-07,7.43118453157401e-07,6.890471458952277e-08,1.9482695391201598e-07,2.007193306948266e-06,-1.687310325449799e-08,1.981882208194015e-06,7.103015907334766e-08,1.5375408477268296e-07,-6.3105107718187685e-06,6.948758937671386e-06
916.666666666666,-0.02935203409138799,0.34482658850447834,-0.3052164405666667,-0.01712468242093047,0.3616425412242443,-0.2938139487,-0.016874080208492775,0.3628294606962825,-0.2823947425333334,-0.017826662497506505,0.36215125031726325,-0.2860253853999999,-0.04079255941772908,0.3689529908967864,-0.3083910996333333,-0.03956864444714384,0.3686518402650611,-0.3217902332000001,-0.034746584460558776,0.3586231113774999,-0.3019602020333334,0.022946095243820276,0.3535533551743291,-0.1782955985333333,-0.09906407546577699,0.3053315598287908,-0.1969313973333333,-0.001972727677130454,0.33908745666095735,-0.2527661984,-0.032088898211961,0.3073716975242834,-0.2854097793333333,0.1057759105417951,0.22232876587187236,-0.0332173007157,-0.16909711507874725,0.2519048204311055,-0.0417274173166666,0.15442177720231995,0.04616158880955917,0.0430976051266666,-0.23925539757776398,0.050366980955666066,-0.16548510041,0.18578844052033403,-0.14657623864805472,0.0617205209133333,-0.19746208851615066,0.06477640470046522,-0.3455995431,0.17959741541123372,-0.189459208412016,0.0710202725133333,-0.16574226275335777,0.07937921225914504,-0.4136687293333334,0.15615841069493006,-0.19942902833441395,0.0475936124509999,-0.13161163181822813,0.12524269284545844,-0.4111741590666666,0.18142368727024816,-0.17548997073187925,0.0552761877566666,-0.1797192378584746,0.08086909264381541,-0.407028824,0.08156106583159695,-0.17450319029772457,0.04779089888,-0.08003118528713594,-0.18460433072884053,-0.04473673757,0.08296500620546711,-0.5147560059572728,0.06402222847,-0.038964382677613235,-0.4605473069919833,-0.0244317172166666,0.08034518784716409,-0.7873868513551027,0.2690539822333333,-0.07412403583528886,-0.7876028933973779,0.2043924282666666,0.06328959439955917,-0.8195989432843594,0.2959123989,-0.07637724393292691,-0.8161461424894842,0.1865305071,0.09213653657936689,-0.8598686048947685,0.2411513577666666,-0.0634778614008775,-0.8484226311646785,0.0956254870266666,onweer_g_ch1_g19_compr.mp4,ch1g19,2.53198688909316e-05,0.0008858366105471662,5.00010916979921e-05,0.00033526810236923316,3.06534614494688e-05,0.0009262270999391657,4.6197151205110165e-05,1.3716475744865896e-05,1.2456510451738025e-05,2.1422177006944928e-05,1.5240936917899896e-05,3.116372737344081e-05,5.430244908101149e-05,4.950128262892947e-05,1.3688880467018308e-05,3.557712623405101e-05,4.248961617502071e-05,1.8553577658007233e-05,2.602786883302742e-05,5.651070844039968e-05,0.001066237686115808,4.9111973318675675e-05,5.568352055484898e-05,3.9680952601345935e-05,3.136503893794567e-05,5.443171066287808e-06,4.535090448457093e-05,1.2002051991197607e-05,4.527509145037295e-05,2.1792868485679417e-05,6.186080681200837e-06,4.009032501600104e-05,0.0010278923441651843,0.0009473344898991053,4.075801299828205e-05,-4.4597256057463454e-05,-0.00010651196871048307,-3.8087323077512154e-05,-4.713258794425074e-05,-4.881470696086022e-05,1.1594296014273761e-05,1.1638048882378621e-05,-9.82459481916238e-05,-0.00010719807394828323,-3.669939019070723e-05,-3.820266625499082e-05,-3.230636571346704e-05,0.0006561643937601141,-0.0002229052612402097,0.005009533117984264,0.00013118122587087307,0.01473837903726605,0.00014116345976387118,0.017130643278551252,0.0002829287046581435,0.01776852191106514,0.00019727280585941928,0.015410488608261504,9.386329880306074e-05,-6.897866762041062e-05,0.00020310799357778296,-0.0003446062705104414,0.0005182050389911728,0.00041619043691430946,0.0005018214180131752,0.0005110396672219857,0.0006796919710812896,0.0005705868121086445,-3.2895165210582468e-06,5.461963059425958e-06,-2.6853544579354103e-06,4.425178123933783e-06,1.9881560944655387e-06,3.9348677110415585e-06,-2.781673796635123e-06,1.990743702141942e-06,-1.3386050108847619e-06,-3.3788363646214905e-06,2.954642464626091e-06,2.0113363168807704e-06,-2.5662093440918333e-06,-2.7428793034398316e-06,-3.452530706386292e-07,1.0460728903473713e-06,2.6596524493549084e-06,8.225909560433429e-07,1.708694421194809e-06,-2.5240277873584855e-06,7.24468817995686e-07,-1.9011824731532617e-06,-2.6503413286974607e-06,-2.119505453339029e-06,2.10411648460252e-06,1.7848292808909718e-09,-1.8298155928859745e-06,3.02424965407504e-06,-5.853452079665215e-07,2.2510463109681178e-06,1.9731914829037777e-07,-3.1354356236952944e-06,3.950473990641378e-06,2.0294910922251762e-07,-6.375406611329846e-06,-1.0037425870041465e-07,-3.0796373180389514e-06,8.298647494040859e-07,-6.702511454843185e-06,-4.72013852641099e-08,3.4759296438421373e-07,4.7208668338967536e-07,-2.035245244763549e-07,1.4384774738679356e-06,5.596010793316292e-07,-8.076512580224345e-08,-1.100470109540384e-07,3.0221811504404773e-07,5.412170494864183e-07,3.9011581183109793e-07,1.8684011825358826e-06,5.933824223977546e-07,-7.856193268466993e-08,-7.458334605716335e-06,3.276541567593851e-09,-7.719049697422032e-08,7.774758469476644e-08,7.667930729125054e-07,7.012323231819491e-08,1.4804914089780692e-07,1.5488203532581775e-06,-2.4964928476883e-07,1.5949337226869936e-06,6.194898651858688e-08,2.3343267116773496e-07,-6.963452734298516e-06,7.253975168566131e-06
933.3333333333326,-0.030202101794386652,0.34480991215882056,-0.3031109452333333,-0.017920101065163105,0.3615579685325817,-0.2918482262333334,-0.017732063507990968,0.36281067337411904,-0.2804767674,-0.018692163299025497,0.3621261396127271,-0.2840881790666666,-0.041753762891972676,0.3689281058650172,-0.3062366619333333,-0.04050573169770874,0.36868457962381673,-0.3196890433333334,-0.03572156396378692,0.35865314352058,-0.2998607476,0.022509897672108318,0.3534544914081151,-0.1766466325666666,-0.09973826150623796,0.3052407581971649,-0.1945675550999999,-0.002666869271492305,0.33906806452434474,-0.2509064500333333,-0.0328706310177377,0.30735755465914244,-0.2833325892666667,0.10557167803116296,0.2222742371857597,-0.0315596886219999,-0.1694943792131091,0.2525688844577036,-0.0403553893599999,0.1543686456007111,0.045934939975731726,0.0439787687166666,-0.24166397589298735,0.0555194978939829,-0.1692915998,0.18575416395701078,-0.1463432994638304,0.0620607375199999,-0.19833362487965372,0.07961328630669409,-0.3524034763999999,0.1793897783717975,-0.18920443855815552,0.0715311445466666,-0.1659573643733361,0.09657800855714903,-0.4208937734000001,0.15600084362513375,-0.19902248499036485,0.0483100184343333,-0.13192349520337382,0.1430365383509482,-0.4174129553666666,0.18134910752306127,-0.17518276944281974,0.0557257602,-0.1806414071301194,0.09636993712264771,-0.396181,0.08159641342443745,-0.17440821260283706,0.0477901924433333,-0.0800825053667093,-0.1846737500232969,-0.0446760674933333,0.0828958318398532,-0.5145560737205364,0.0636637033033333,-0.039091419434912136,-0.46085213430329364,-0.0250024568966666,0.0803953402166628,-0.7868846167694621,0.2685909097666666,-0.07417771178133571,-0.7871986792278163,0.2055653880666666,0.06336158358345327,-0.8191116898259957,0.2955636342333333,-0.07638598334307432,-0.815652828766901,0.1878631184333333,0.09231945617657569,-0.8591852799047468,0.2413658058333333,-0.06353203888928484,-0.8478711478353125,0.0977056469166666,onweer_g_ch1_g19_compr.mp4,ch1g19,2.1954370265541636e-05,0.0008881775684135208,4.752347030882824e-05,0.00033833710893924355,3.328455765219889e-05,0.000926994516687305,4.3537571346032456e-05,1.6172817854480795e-05,1.1116077944221307e-05,1.7660404977575445e-05,1.9608687361497604e-05,3.343028360925221e-05,5.216833491326346e-05,4.6952471228759695e-05,1.3713088377538261e-05,3.6746372211786576e-05,4.56216800076596e-05,2.090919726816251e-05,2.8011683959295375e-05,5.439311738849036e-05,0.001063634681008345,4.7493718434161074e-05,5.3412908182576224e-05,3.7586752232541253e-05,3.410942282052452e-05,5.48542064466062e-06,4.375623919711088e-05,1.645441620967901e-05,4.503475715011197e-05,2.577380494434753e-05,6.421732660069226e-06,3.7276732254112916e-05,0.0010282141182017962,0.0009506788042887943,4.413736697385521e-05,-1.3126117986933115e-05,-8.191376569355586e-05,-1.465726958023494e-05,-2.262236977903033e-05,-2.0572282405388824e-05,3.892844198117607e-05,3.717177968722071e-05,-9.909693906158469e-05,-8.757979523682704e-05,-1.773059471609575e-05,-1.1342058118004093e-05,-5.2430827621434714e-05,0.0006664647675063758,-0.0002271641948144864,0.005149165801538397,0.00019968825792120396,0.01478229611600074,0.00022488907334309506,0.017136109478403674,0.0003689485822901679,0.01772544015385142,0.00027017999632873783,0.01542752264790274,0.00010053261347799591,-7.440717552883167e-05,0.0002557770003955578,-0.0002958281551569115,0.0005670448490316182,0.0004566300619296052,0.0005507649941556614,0.0005517405645983908,0.000735336151684436,0.0006008873952055684,-3.1893473253925207e-06,-1.1401309827021571e-06,-3.01809444202182e-06,1.2358376264828511e-06,2.8786056535735577e-06,-3.0870324065529108e-06,-3.0291210486668953e-06,2.3310549295118606e-06,-7.19629330263764e-07,-3.553681915648345e-06,3.941431282232417e-06,2.6909592986524323e-06,-2.881725459243299e-06,-3.0701265781690992e-06,-1.8723816238714814e-09,1.846254620638845e-06,3.090620770809812e-06,2.3236418180583525e-06,2.4169250410774923e-06,-2.8230528128144925e-06,-7.143118857351016e-06,-2.118581861190556e-06,-2.962801490158108e-06,-2.1846028106548493e-06,2.941295635114334e-06,8.22099290804963e-08,-1.8280650457281799e-06,4.222188618993155e-06,-1.219049477618312e-06,3.198152376981011e-06,2.649013307478779e-07,-3.020609268923479e-06,-3.272897929363195e-06,2.500110557241732e-07,-6.3814202066470885e-06,-1.901157578056044e-07,-2.7130336912082486e-06,7.126966684973756e-07,-6.773397113826149e-06,-1.3386475488403796e-07,1.6804233958633543e-07,5.208634021114081e-07,1.1753101304688199e-07,7.702151331326877e-07,4.883163600951681e-07,-1.8453832248170863e-07,-1.8864131457504575e-07,2.8685059407182256e-07,5.41221190607566e-07,1.6998374089422158e-07,1.3435627763400363e-06,5.494406154351679e-07,-1.8903523786236613e-07,-7.772138454656773e-06,-1.5512616073629623e-07,-1.8383866272559828e-07,-7.230873400851412e-09,6.457971746706806e-07,5.9548663722914153e-08,4.835417070158113e-08,8.61433358723749e-07,-3.733492542976364e-07,1.0007321790138168e-06,4.20285045761747e-08,2.793542884016652e-07,-7.1379489403648365e-06,6.993384470932243e-06
949.9999999999992,-0.031016192579088945,0.3448014525886211,-0.3010643998999999,-0.018649957713917018,0.36147433632038456,-0.2899331747000001,-0.018521519099685555,0.3627924057138813,-0.2786060466666666,-0.019491073508488783,0.36209976888523454,-0.2821957698666667,-0.04265382385873788,0.36891438213094424,-0.3041239613666667,-0.041383503624149234,0.3687263029025169,-0.3176292121000001,-0.03663699440936114,0.35869015079584404,-0.2978035231,0.022200720298830846,0.3533394641265298,-0.1750332719333333,-0.10033755859209108,0.30517115299808517,-0.1922314146333333,-0.0033055509004075107,0.3390489432808053,-0.2491032257333333,-0.033617305286188504,0.30735608602822495,-0.2813006565,0.10540910828634345,0.22220078660276701,-0.0299914549735333,-0.16985701193909017,0.2532674273956321,-0.0389832662199999,0.1543256636996836,0.04570985267168077,0.0448830987699999,-0.24396995279217604,0.06089437102423017,-0.1727237144666666,0.1858245865517135,-0.1460672672086577,0.06254577094,-0.19911641296215976,0.09446130801252892,-0.3581681878,0.17934398909583224,-0.18888967296225753,0.0722815652866666,-0.16606527680285343,0.11372844122660306,-0.4269057055000001,0.15598530290371387,-0.19857468170710676,0.0492694774443333,-0.13216253500136518,0.16069128269304464,-0.4224762457666666,0.18138214458693006,-0.17483335234188804,0.0563379975666666,-0.1814686291085285,0.1118346539040477,-0.399518639,0.08163072428030263,-0.17430373402614885,0.0477901524566666,-0.08013254744382395,-0.18475125708242204,-0.04461888168,0.0828564510358987,-0.5142684629974799,0.0633103426333333,-0.039125460349560104,-0.4611335562758624,-0.0253934113366666,0.08045489595160082,-0.7863204524028177,0.2682877446666667,-0.07419025780655827,-0.7867657602254889,0.2069426591999999,0.06344312082061604,-0.8185605523662282,0.2953941573666666,-0.07636468172043542,-0.8151243495389578,0.1894189402333333,0.09252758346472949,-0.8584166223389795,0.2417819436,-0.06356350106595028,-0.8472896511713124,0.1001058856033333,onweer_g_ch1_g19_compr.mp4,ch1g19,1.958618288917774e-05,0.0008864050759539207,4.5080946553520605e-05,0.0003393721608814889,3.6512526435069316e-05,0.0009232901723201179,4.095303302145228e-05,1.861777283496114e-05,1.03058457175489e-05,1.3842476054947169e-05,2.4558632088350463e-05,3.6247530187927504e-05,4.9709753012116286e-05,4.440188056314416e-05,1.3455626215975773e-05,3.823907774872979e-05,4.827101763473905e-05,2.4570685209539465e-05,3.0574778816653186e-05,5.184433702410715e-05,0.001055676048517193,4.5747774381229877e-05,5.0774210841635585e-05,3.5566298003786454e-05,3.740385464487307e-05,5.564465787270107e-06,4.196512508142889e-05,2.1621452398152182e-05,4.4209181953283545e-05,3.048424713055444e-05,6.678284758392302e-06,3.447672070413953e-05,0.0010241662204731636,0.0009494924767152801,4.831009668777384e-05,1.5031959926423532e-05,-5.9400394616052265e-05,6.398092295185263e-06,-8.846351894392582e-07,5.368871034909432e-06,6.29167363173944e-05,5.962359007249041e-05,-0.00010276732592278308,-6.975173912851572e-05,-2.5996576625212385e-06,1.1110561976270995e-05,-7.40125106315573e-05,0.0006630408441723856,-0.00022394024295893213,0.005248966265673165,0.00026569410102433226,0.01475809253170574,0.00030494315948820255,0.017068249524996266,0.00044494624356719543,0.017593067858389308,0.0003386976438539284,0.01537078560993844,0.00010691088858164884,-7.967597151018141e-05,0.00030657478001689173,-0.0002416856964307071,0.0006243341550389108,0.0005059256998984125,0.0006084223385815712,0.0006013856224426513,0.000783899462095139,0.0006339675831613428,-2.954650787224375e-06,-7.21691242813322e-06,-3.3683833025453838e-06,-1.3928122850391181e-06,3.6132835388254865e-06,-9.593155508048558e-06,-3.3079728322526327e-06,2.384537935928293e-06,-9.667431837937286e-08,-3.3614152731533523e-06,4.184541630886421e-06,3.3957825767615348e-06,-3.2278880590321123e-06,-3.404147627243156e-06,2.6816091003872434e-07,2.6268065492417618e-06,3.236069478542074e-06,3.3184924184042006e-06,3.1840639653495453e-06,-3.1658920863303364e-06,-1.4680582953335064e-05,-2.4737967459289426e-06,-3.313041184857545e-06,-2.3258253284637685e-06,3.605793095890409e-06,1.4098499968743133e-07,-1.9355002024269504e-06,4.58186413014449e-06,-1.8512082247137279e-06,3.683292596136285e-06,3.035794639628047e-07,-2.8325837659300274e-06,-1.0133725614513936e-05,2.7676508665934074e-07,-5.909575808986119e-06,-2.699230575535318e-07,-1.9971175979131097e-06,4.600320209639917e-07,-6.3285331019165915e-06,-2.186631082643577e-07,-2.9034401005113468e-08,5.048822966105921e-07,4.4137512958491803e-07,2.729997160306292e-08,2.980434756433441e-07,-2.7724119445861816e-07,-2.573221041759386e-07,3.185887699886596e-07,4.154541435848847e-07,-1.1159534458052248e-07,6.467038685131647e-07,3.880963821759654e-07,-2.9296493096838576e-07,-7.532370119469417e-06,-3.1136920133177225e-07,-2.8104829117555164e-07,-1.0149333452926019e-07,3.9738163187331105e-07,3.942124426149645e-08,-6.684733760552167e-08,8.29190424324919e-08,-3.4315376350019523e-07,3.098032694733859e-07,1.4851964495970002e-08,3.002595778998962e-07,-6.847899483046594e-06,6.246594217172185e-06
966.6666666666658,-0.03176298414021003,0.34481737911185667,-0.2989506493333333,-0.019302607353168823,0.361413171511463,-0.2879135855333334,-0.019230283626476875,0.3627979241633703,-0.2766265366666666,-0.020212855065436144,0.3620954209042018,-0.2801969086666667,-0.04347755954591327,0.3689245961461204,-0.3019213720333333,-0.04218804374583947,0.3687924290536154,-0.3154819239666667,-0.03747933244135015,0.3587530142246739,-0.2956564912666667,0.02195655237805538,0.35322406879395685,-0.1732785107,-0.10090115155929129,0.30511392727229514,-0.1898183086666666,-0.003875097082899813,0.3390422202904171,-0.2472245032333333,-0.03430990881702566,0.30737120344527424,-0.2792128771666667,0.10526468886335653,0.22211342654515182,-0.0282791009635333,-0.17019982788062765,0.25393654134704235,-0.0376052214833333,0.1543078053661111,0.04548602015966586,0.0460385552366666,-0.24608408125608877,0.06625097266394822,-0.1761159417,0.18607375561253725,-0.14577326044202862,0.0635767635333333,-0.19972498652790296,0.10917064587665448,-0.3639090156333333,0.17953251512489554,-0.18854843458746937,0.0736786073866666,-0.1660237605599798,0.13069753134130505,-0.4329596261000001,0.1561953486247688,-0.19810314652989613,0.0508369505823333,-0.13227048024561788,0.17813186684934246,-0.4275698431333333,0.18160031338422475,-0.17446539549825413,0.05748545161,-0.18214325473495702,0.12712042084800285,-0.393646717,0.08166081663899405,-0.17419131637641902,0.0477926606933333,-0.08017836396916844,-0.18483574348705162,-0.0445648456,0.08281434443649693,-0.5139096215453992,0.0630885182333333,-0.039151978763371155,-0.46133510623903917,-0.0257131526899999,0.08050629070470627,-0.7856213097670234,0.2682575678333333,-0.07417418436877923,-0.7861674007035063,0.2083516871666666,0.06351237228084926,-0.8178768730170816,0.2955093413333333,-0.07631480195049042,-0.81442266318948,0.1910076374666666,0.09273487932238646,-0.8575520195175558,0.2424983785,-0.06358890469059364,-0.8465703326469616,0.10250931115,onweer_g_ch1_g19_compr.mp4,ch1g19,1.7426410949338488e-05,0.0008741858117850814,4.207930150172623e-05,0.0003357297737638429,4.0099165141064476e-05,0.0009082698416003971,3.801091655437371e-05,2.1097552987577317e-05,1.0305402713398345e-05,1.0505112814701827e-05,2.941928275919675e-05,3.980412529741837e-05,4.6632014260378363e-05,4.13355201041913e-05,1.3563473727854743e-05,4.121449969497307e-05,5.104167885092684e-05,2.8843436658103178e-05,3.395591743369954e-05,4.879702552447306e-05,0.0010349463908747665,4.3608984733329906e-05,4.763217172593345e-05,3.36732345759326e-05,4.107008122658987e-05,5.7011996999983355e-06,4.021817169858419e-05,2.685789478746564e-05,4.1910310234043645e-05,3.513273114732132e-05,6.957683970536091e-06,3.18814480964299e-05,0.0010086321829204821,0.00093692082314881,5.3289360108026356e-05,2.828751376584386e-05,-5.048419583688171e-05,1.4460190690318054e-05,6.332089860153643e-06,1.846065889741095e-05,7.423659414065402e-05,7.03742581289496e-05,-0.00012193212125757193,-6.493015532440615e-05,-2.31849925784193e-06,1.8553843219325703e-05,-0.00010473177427370533,0.0006296606332015371,-0.00023061997382400762,0.0052601074325468716,0.0003072738301289552,0.01455948164072277,0.000357385798302527,0.01680837205830776,0.0004923315606007851,0.01724756294569891,0.00038183752597943584,0.01512550712500901,0.00011305644401274998,-8.492890807018927e-05,0.00035155859965075827,-0.0001845598892238618,0.0006867490647554519,0.0005657595813559342,0.0006711788095698749,0.0006617569575382765,0.0008340666553918988,0.000687094177035021,-2.6359498357800158e-06,-1.2662430260909434e-05,-3.707650608768274e-06,-3.0777192708176036e-06,3.944662666669537e-06,-1.5441595089672018e-05,-3.593195758811689e-06,2.1835947879357588e-06,4.337780623836127e-07,-2.7651886213057407e-06,3.7182109924564037e-06,3.670635176450792e-06,-3.5868663005619188e-06,-3.7167913136750178e-06,5.737026431840581e-07,3.024212448973975e-06,2.9312626806946893e-06,3.646008305811542e-06,3.5701126622716675e-06,-3.5444158844262443e-06,-2.18364153918049e-05,-2.9153823509843097e-06,-3.6824385195248633e-06,-2.5060157058624654e-06,3.865397754091572e-06,1.5842270165192062e-07,-2.128797240211058e-06,4.131733177331735e-06,-2.3021144188480764e-06,3.646038417086647e-06,2.952267991834872e-07,-2.61261006631191e-06,-1.6583129231058723e-05,3.146535710748904e-07,-4.756424538198165e-06,-2.9352696799440886e-07,-8.556325509562407e-07,9.495993739082362e-08,-5.144475996416325e-06,-2.591037710592377e-07,-2.1294044424611167e-07,4.1672511378895026e-07,7.081335332591503e-07,-6.837376537401774e-07,-3.160036805258946e-09,-3.236915926997578e-07,-2.745661553355914e-07,3.9536399712619214e-07,1.3210344071496668e-07,-4.378529139938927e-07,-1.2460110080175058e-07,1.1020186712221452e-07,-3.618493485176127e-07,-6.454670268797754e-06,-4.207336887620231e-07,-3.378439531581544e-07,-1.8225339462065573e-07,4.608735920824798e-08,1.2030663100173892e-08,-1.8076114624856967e-07,-6.713415114799394e-07,-1.2289345516189557e-07,-3.855143858761075e-07,-1.5746596505423367e-08,2.940649463371836e-07,-5.838526615274756e-06,4.8951704326907025e-06
983.3333333333323,-0.03242514284836746,0.3448327708235066,-0.2966486037,-0.01986466359144371,0.36135038303057426,-0.2856719229,-0.019848362746118692,0.3628009278836198,-0.2744282816,-0.020845242250973662,0.36208811519500084,-0.2779761777,-0.04420615388699927,0.36893345226581914,-0.2995169594,-0.04289852381556697,0.36885773057727206,-0.3131284911333333,-0.03822584543738162,0.3588157443364948,-0.2933040608666667,0.021749324668142948,0.3530825140287735,-0.1712770180333333,-0.10141331200213922,0.305043989838311,-0.1872689544333333,-0.004381221920601456,0.33902459834871074,-0.2451580767666666,-0.03493790329801877,0.3073779605366898,-0.2769677366,0.10513141924719169,0.22199863605561235,-0.0263293760352,-0.1705173136762317,0.2545221610910835,-0.0363571498933333,0.1543490349659819,0.04525439549143935,0.0474259252433333,-0.24790538674209578,0.07135953823732819,-0.1798332435,0.18650366237650415,-0.14547998043603716,0.0649280619266666,-0.2000839582956446,0.12346507299363331,-0.3700570887333332,0.17993408164838856,-0.1882088975075622,0.0754111617999999,-0.16582962621250041,0.14720310502532977,-0.4393875698333334,0.15658684296820535,-0.19764453401275034,0.0527218931156666,-0.13224233166263644,0.19504420768077238,-0.4330819465666666,0.18199240276629203,-0.17410108785386505,0.0589470527433333,-0.18258868995769445,0.14194700646224395,-0.395323098,0.08168904892241838,-0.17407168544213436,0.0478151847933333,-0.08022240411683032,-0.1849265202214974,-0.0445307184633333,0.08277818662554211,-0.5135116550670782,0.06285581152,-0.039125714955319454,-0.4615137330228453,-0.0262117849066666,0.08056210507672783,-0.7848790127241662,0.2682004656,-0.07415312510640076,-0.7855530863026976,0.2095716715666666,0.06358544462542243,-0.8171506832643475,0.2955918133,-0.07626338326663895,-0.8137084150562747,0.1924049461666666,0.09293894721624033,-0.8566770442383785,0.2431240335666667,-0.06359255157679974,-0.8458380417830944,0.1046643618966666,onweer_g_ch1_g19_compr.mp4,ch1g19,1.5058188293924681e-05,0.0008579985014231866,3.822038346938604e-05,0.0003303415016458949,4.419424473079103e-05,0.0008891896328356629,3.429926817701788e-05,2.324967355588282e-05,1.1058330968162432e-05,7.725985562025692e-06,3.321097081401961e-05,4.358658149159367e-05,4.271693340800045e-05,3.74443600620265e-05,1.4155765421022365e-05,4.466217331080622e-05,5.374892374260095e-05,3.255590005835332e-05,3.767474767268773e-05,4.49419436923375e-05,0.0010093363802224848,4.057375291398252e-05,4.36887614659788e-05,3.1352478306747197e-05,4.5086211339145276e-05,5.863092284351297e-06,3.811893399132582e-05,3.118107332800715e-05,3.849002126651635e-05,3.8622970534216426e-05,7.2283813836265825e-06,2.9353241791251397e-05,0.0009886424575520033,0.0009200323805076864,5.875502587114366e-05,3.1535873509201944e-05,-4.918964943510891e-05,1.5105671807887139e-05,5.55357596070441e-06,2.3638415422493585e-05,7.765421151624748e-05,7.328191844330251e-05,-0.00014528073598560676,-6.779750754921723e-05,-1.1290874144745284e-05,1.5427820686273737e-05,-0.000140798052476676,0.0005787861546093055,-0.00024649296230981285,0.00523587828219251,0.00032020824686390805,0.014294035204057262,0.00037868835713781863,0.01647409853273324,0.0005051207199287731,0.016820659103430904,0.0003944321102952821,0.014812200392889285,0.00011832777282909848,-8.949579688952734e-05,0.00038728968555055054,-0.00012482909747652717,0.0007511101971273129,0.0006294670370486143,0.0007371234251024373,0.0007249863707765418,0.0008806703522153957,0.0007475711448032863,-2.2688888945256773e-06,-1.6604579634580878e-05,-3.962877592358948e-06,-3.0796872930232382e-06,3.916944892773741e-06,-1.9723628044794604e-05,-3.824597104251993e-06,1.8054925525891364e-06,7.947952919587317e-07,-1.9156239328784535e-06,2.6398820543506456e-06,3.559011640737954e-06,-3.880766117591702e-06,-3.946096052033064e-06,9.148222249305453e-07,3.0500016890991152e-06,2.307814726947916e-06,3.1967796542324272e-06,3.5961064533633477e-06,-3.8840286525661625e-06,-2.7558733184808577e-05,-3.3553810308258322e-06,-3.995179896168775e-06,-2.7019075945143194e-06,3.775528277154257e-06,1.4123411204900008e-07,-2.357529046926108e-06,2.9622421640765204e-06,-2.3006176737559126e-06,3.081834550044423e-06,2.486367007932135e-07,-2.334016119091086e-06,-2.1697078776007563e-05,3.816059733305088e-07,-3.1585476878791035e-06,-2.374615786369894e-07,5.631615029854918e-07,-3.5872751477737705e-07,-3.4816794412535364e-06,-2.2510288005998676e-07,-3.50929545633894e-07,2.7975856428940426e-07,8.803667609381704e-07,-1.259361696684726e-06,-3.660875814235753e-07,-3.031595552859586e-07,-2.1762689190189527e-07,5.067380605339654e-07,-2.430784509561922e-07,-7.748093705078264e-07,-8.547102429169965e-07,-2.404628390152414e-07,-3.6954417121029525e-07,-4.784115549609353e-06,-4.4329268913534566e-07,-3.2960815628766994e-07,-2.1311923265416652e-07,-3.779953550179469e-07,-1.7110591846661426e-08,-2.632129064296449e-07,-1.2889758979115934e-06,2.4630045755730865e-07,-9.904850555982384e-07,-4.401225566663398e-08,2.627846743550895e-07,-4.332722591115652e-06,3.4945409859439383e-06
999.9999999999992,-0.03302963722520752,0.3448722655586219,-0.2944236765333333,-0.020362332521161684,0.3613130333158235,-0.2835200616333334,-0.020399193567618875,0.3628292869039554,-0.2723147421333333,-0.0214094081477337,0.36210667249958917,-0.2758438409,-0.04485473611577997,0.36896665846278,-0.2972120031,-0.043529347381246614,0.36894630709542475,-0.3108773280333333,-0.038891586291244805,0.3589002267304663,-0.2910496214666667,0.02158491237021047,0.3529625526458151,-0.1694237228666666,-0.10183861861469343,0.30498892170996167,-0.1849062347333333,-0.004840733488037303,0.3390272255284461,-0.2431807319333333,-0.035508958553303216,0.3074023974815312,-0.2748200183666666,0.10502783627610392,0.22187238270438772,-0.0245558412585333,-0.17074481946630402,0.25510105272815325,-0.0353335817399999,0.15440884145066208,0.04500372544231107,0.0487198483899999,-0.249393225627745,0.07658924252234613,-0.1835962789333333,0.18705126922227766,-0.1451887867840661,0.0662629691566666,-0.200271710405751,0.13759239456613415,-0.3754729688999999,0.18049628287634245,-0.18787140239114178,0.0771219449933333,-0.16554126355178628,0.16346646652680352,-0.4449644029,0.15713393315340093,-0.19719382582790293,0.0545829938189999,-0.13211947346457711,0.21160814540460438,-0.4377560255666666,0.18251003546645772,-0.1737423709394224,0.0603931567299999,-0.18288295435429808,0.15656414286043366,-0.394682765,0.08171059056140813,-0.17395060320156905,0.0478404801333333,-0.0802594083964634,-0.18501869067407822,-0.0445009556966666,0.08274248529385506,-0.5131167084877005,0.0627517514966666,-0.03909659810325092,-0.4616408339832603,-0.0267171913166666,0.08059181941424018,-0.7841406598524395,0.2682383125333333,-0.07408165111099503,-0.7849317132464847,0.2107809375666666,0.06361843230425769,-0.816428342297054,0.2957583417333333,-0.07616306553895195,-0.8129919316050138,0.1937793031,0.09309861545813958,-0.8558093184717387,0.2438381493333333,-0.06357831734491626,-0.8451078021832048,0.1067781422866666,onweer_g_ch1_g19_compr.mp4,ch1g19,1.2184273774923373e-05,0.0008408663376048098,3.299000599340365e-05,0.00032742606702034654,4.837458723732068e-05,0.0008689033890346918,2.9299528289654e-05,2.5025532955114125e-05,1.2727921279077998e-05,6.322887841787654e-06,3.4861830632877296e-05,4.7630236680806074e-05,3.742066328932783e-05,3.223818692862849e-05,1.5625638109818058e-05,4.876404092196145e-05,5.63058506227763e-05,3.485686095540846e-05,4.176412304424795e-05,3.967669955648637e-05,0.000980998705608751,3.5951177814939885e-05,3.830718794620461e-05,2.7805832768333332e-05,4.9065466072033844e-05,6.025814130931559e-06,3.499207694640362e-05,3.3548963348865656e-05,3.5039599883665536e-05,3.9689934724009313e-05,7.489455625754534e-06,2.6477486739770685e-05,0.0009663874925209789,0.0009031244214334263,6.44333914559911e-05,2.5328923023189994e-05,-5.379127458616469e-05,1.009237723983151e-05,-6.013784618874362e-07,2.2072256058405505e-05,7.423904326869838e-05,6.901808107910127e-05,-0.00016456394295670052,-7.492927548403802e-05,-2.7087793610578004e-05,2.780536574595279e-06,-0.00017844712146197043,0.0005353976375432946,-0.0002664842606615473,0.005250747863021933,0.0003089249904078487,0.014012185527916455,0.0003721802354118384,0.01610244946940721,0.0004841854427505661,0.016348537830343474,0.0003794805151364516,0.01447830618754518,0.00012304271676527207,-9.33784955898878e-05,0.00041479840570614806,-5.5242541579806653e-05,0.0008117897211022319,0.0006967476924845259,0.0007997828579616816,0.0007909869968273826,0.0009223166569082433,0.0008127279690856992,-1.7973166437232184e-06,-1.8972118614593876e-05,-4.0802250642936864e-06,-1.6509365659889492e-06,3.4215646111566287e-06,-2.235806760104981e-05,-3.948256438686025e-06,1.3469810352135142e-06,1.0221046669680696e-06,-8.77598417655242e-07,1.0820445869453285e-06,3.018150014557595e-06,-4.066216569691507e-06,-4.046637396977275e-06,1.3473606964452958e-06,2.656443504525917e-06,1.3896798771863066e-06,1.9844122984311914e-06,3.203953741738693e-06,-4.145096973662108e-06,-3.153206585593159e-05,-3.729008420350923e-06,-4.205311039623727e-06,-2.86197215457311e-06,3.2553518070277102e-06,1.0909571683818602e-07,-2.5742154876161934e-06,1.2775197633155048e-06,-1.7620524432599836e-06,1.926731312542841e-06,1.8683586301273832e-07,-1.959072340258932e-06,-2.528320886963506e-05,4.822906869214799e-07,-1.3014172690343506e-06,-8.168316193799898e-08,2.033094523161181e-06,-8.289973579450014e-07,-1.5310018386363766e-06,-9.196112280563336e-08,-4.2348085753109073e-07,1.1898963430846477e-07,9.130300568515546e-07,-1.605696309072787e-06,-7.426006396386319e-07,-1.9322517464838133e-07,-6.752623336443053e-08,6.248604860204758e-07,-6.523986544996014e-07,-1.0667679545699707e-06,-1.4350300797150942e-06,-6.184298049859439e-07,-2.8691544417228467e-07,-2.6851544725105302e-06,-3.4594385609691565e-07,-2.2914767928142567e-07,-1.5797646164480432e-07,-8.085488882867338e-07,-4.29553072643467e-08,-2.796753360288627e-07,-1.667386222375888e-06,6.80205216816022e-07,-1.4182407934542607e-06,-6.59469859120976e-08,2.2332034547910783e-07,-2.467993072012054e-06,2.9996312589729255e-06
1016.6666666666656,-0.03359094412870777,0.3449510573972488,-0.2922666162333333,-0.020815951705479452,0.3613147404824268,-0.2813947648333333,-0.020904815411736846,0.36289627001129876,-0.2702253127333333,-0.02192843094154969,0.3621628845130287,-0.2737405171666667,-0.045455552298069204,0.36904267491226106,-0.294970635,-0.04411321556732188,0.3690749797616144,-0.3086897471666667,-0.03951020900098585,0.3590246911355073,-0.2888571311666668,0.021436351490359027,0.35283277082441633,-0.1675147962,-0.10225520608334351,0.30493947873616006,-0.1826385983666666,-0.0052714215951521586,0.33904296653980626,-0.2412394707333333,-0.036057517538063334,0.307443486932754,-0.2727497007,0.10491436980968856,0.2216998911613264,-0.0226536834452,-0.1709408279410748,0.25563179794506746,-0.0344727316633333,0.15443824825579122,0.04473869188610536,0.0501981485099999,-0.2507407679989429,0.0818092149515588,-0.1875148479666666,0.1875933192584794,-0.14488790739128338,0.0680362529733333,-0.2002447442394481,0.15150488199876863,-0.3806391309666666,0.18105475625887837,-0.18750525044676955,0.07938356476,-0.16505856679675351,0.1794623463870444,-0.4502689034,0.15769693811369945,-0.1967096084831921,0.0569533029049999,-0.13181308679589443,0.22789081022280616,-0.4421127595333333,0.18302845188998307,-0.17337234124640385,0.0622625532233333,-0.18296635997903193,0.1709543216575725,-0.423423946,0.08172896598432247,-0.17382687899462843,0.0478914647066666,-0.08029382871862736,-0.1851131407571845,-0.0445001713833333,0.0826966564172499,-0.5126928057341208,0.0627956900566666,-0.03906716605821629,-0.4616547928514916,-0.0273234906933333,0.08057601367953039,-0.7832816027784771,0.2685774321666666,-0.074011550966803,-0.7841898012336681,0.2118245994999999,0.0635980581609606,-0.8155825693883476,0.2962469826,-0.07606682085169274,-0.8121634943951905,0.1949868152333333,0.09322616750683013,-0.8548845816471338,0.2449183384666667,-0.06355528641144446,-0.8442684354083164,0.1086821524366666,onweer_g_ch1_g19_compr.mp4,ch1g19,9.861506046848396e-06,0.0008207978806890714,2.80068148287808e-05,0.0003271061648602681,5.1882305008797925e-05,0.000845131679011719,2.456262009723942e-05,2.6334725268493807e-05,1.4360431251940535e-05,6.128599017429821e-06,3.4273970744893454e-05,5.0867977978314955e-05,3.249436947115529e-05,2.7361518229118917e-05,1.7328223401638654e-05,5.182307945975624e-05,5.7983147403678283e-05,3.569844480164651e-05,4.519359567763015e-05,3.4725761557714525e-05,0.0009471616795199324,3.139698850926241e-05,3.3250655123687797e-05,2.4393890614805004e-05,5.232971818078888e-05,6.155526037521075e-06,3.1972500755118135e-05,3.341713534405652e-05,3.269778122648961e-05,3.873875492852553e-05,7.698794789412333e-06,2.424383993451334e-05,0.0009392353386271492,0.0008843780731644833,6.914376685684616e-05,2.4639486257745917e-05,-5.0032624768802785e-05,1.3336026245317664e-05,1.6072027210550346e-06,2.916997787163837e-05,7.907346101588118e-05,7.308833476381812e-05,-0.0001706240839809692,-6.984787409056964e-05,-3.694648238817641e-05,-4.3538744099227956e-06,-0.00020714547858392875,0.0005110529319472577,-0.00028127826184710437,0.005303095876040691,0.0002836701074213629,0.013680099395533538,0.00034583812186458733,0.015648730624667456,0.0004387376459257328,0.01578457383360152,0.00034781749736543393,0.01408521081849559,0.00012689600877584337,-9.659263534977365e-05,0.000436312053192461,1.3601538165763405e-05,0.0008620907783518011,0.00075294059706343,0.0008510199219945541,0.0008445120612536595,0.0009521040258620737,0.0008661818539779119,-1.268360975313266e-06,-1.9731779149275665e-05,-4.0885022073578765e-06,9.942286397916975e-07,2.330742740346215e-06,-2.3327923591407223e-05,-3.970704347223895e-06,8.656055947146515e-07,1.052031637088623e-06,2.4776587231296206e-07,-6.380575720557946e-07,1.973046188055496e-06,-4.197905656135747e-06,-4.044783748730604e-06,1.9309019228478817e-06,1.7228816676020396e-06,1.654063849512144e-07,2.998395394192671e-07,2.2933554018646875e-06,-4.379423241667242e-06,-3.368914230999148e-05,-4.023674365540927e-06,-4.366846664974472e-06,-2.9769388582777946e-06,2.1917345359874025e-06,5.9201954844057216e-08,-2.8191378764166716e-06,-5.569902238897451e-07,-7.449273315302255e-07,4.059322894004644e-07,1.1386048036768474e-07,-1.6753639867183336e-06,-2.724706141013476e-05,5.714366953788372e-07,7.277574934113854e-07,1.1347027513741793e-07,3.420270459263925e-06,-1.2250101418931767e-06,6.221696176177879e-07,8.755601082564978e-08,-4.1539034107525314e-07,-6.213320059789293e-09,8.057842595270262e-07,-1.6962741068070998e-06,-1.0409489837508674e-06,-5.16841691259592e-08,1.1622901260954293e-07,7.330989628942533e-07,-9.737075614530325e-07,-1.2365817190453559e-06,-1.7973593301182714e-06,-9.348330491602761e-07,-1.64800503612617e-07,-2.2222921356455448e-07,-1.8337540971063006e-07,-9.25826111286364e-08,-5.870999400953006e-08,-1.1630227815552696e-06,-5.993791540126066e-08,-2.5902732990905197e-07,-1.7622006771978121e-06,1.0729852314015853e-06,-1.6497727393856507e-06,-7.644465470348103e-08,1.487562573574732e-07,-2.8795864117273684e-07,3.9838004844423294e-06
1033.3333333333323,-0.0341042425196943,0.34499515708593337,-0.2902606546666666,-0.021218479643552883,0.36128747529613464,-0.2794245909,-0.021353856285878138,0.3629307897981272,-0.2682892167666666,-0.02238963447076125,0.36218711533674,-0.2717936521333333,-0.045991907657075504,0.3690938983141355,-0.2929090762333333,-0.044632473320074806,0.36917402072168304,-0.3066825200333333,-0.040064103187233115,0.35911701933835444,-0.2868434478333334,0.021314194924510737,0.3526837621120371,-0.1657810644666666,-0.10264107695870402,0.30488908679336674,-0.1806215274999999,-0.005670300451462182,0.3390202435646231,-0.2394453297,-0.036574853773673074,0.3074534453760226,-0.2708451415666666,0.10479587748641157,0.22148463450029832,-0.0209439255118666,-0.1711096653575358,0.2561623540484889,-0.0339197970066666,0.1543743127169589,0.04446506458516333,0.0514610349599999,-0.25192588543320427,0.08717381784138198,-0.1912984487333333,0.18805695782685986,-0.14459529014576175,0.0696129946333333,-0.20017198199412498,0.16509048701624607,-0.3846144110999999,0.18154970345783145,-0.18713840230699924,0.0814963973033333,-0.16455522903001502,0.19496092379642038,-0.4541701217666667,0.15821280785077785,-0.1962517957734856,0.0591667673333333,-0.1314983287108835,0.24350225011309198,-0.4451615276666666,0.18347963429349268,-0.17301690606276568,0.0639257907866666,-0.18301431002529137,0.1849324735196837,-0.416064143,0.08174629295642982,-0.1737016709628047,0.0479564833166666,-0.08032681362764733,-0.1852086472218018,-0.04452120611,0.08261328785773164,-0.512261473758734,0.06298034947,-0.039056408550413334,-0.46160332070934895,-0.0279348532366666,0.08048397337453522,-0.7824136146082905,0.2689716384,-0.0739534559077816,-0.7834299537955182,0.2126886344666666,0.06349464087570263,-0.8147264755593162,0.2967707912,-0.07598240490470212,-0.8113164470856427,0.1959783270666666,0.09326213803082661,-0.8539570779229098,0.2460706845,-0.063527199799148,-0.843401227559962,0.11035838207,onweer_g_ch1_g19_compr.mp4,ch1g19,8.760726968808723e-06,0.0008005719922917436,2.3881868201264998e-05,0.00032977914621233086,5.3724509017764505e-05,0.0008210224227982167,2.0900937290318682e-05,2.6660851885436882e-05,1.5825549123267475e-05,6.5712168641572585e-06,3.184595024270034e-05,5.229664790340939e-05,2.84797852507194e-05,2.3453434648571608e-05,1.9922677874916085e-05,5.299062948358032e-05,5.7690882095839146e-05,3.435979204807801e-05,4.705054889052348e-05,3.0649876343260556e-05,0.000911588156748469,2.7272681193940965e-05,2.9071417588070686e-05,2.147672214087482e-05,5.39954759491974e-05,6.210490758569877e-06,2.916193815642246e-05,3.100047491076317e-05,3.218796715366841e-05,3.7748982842492246e-05,7.815603635795246e-06,2.240554604403203e-05,0.0009105668758633821,0.0008666185681468555,7.161889118018998e-05,2.320839349431223e-05,-4.4005510238871366e-05,1.833031591318861e-05,6.732639908665839e-06,3.85533587840957e-05,8.563136179858292e-05,7.805737294605853e-05,-0.00016198712314015852,-5.2247120238372986e-05,-4.4614296722424595e-05,-9.644858294900624e-06,-0.00023049051079228233,0.0005143105368281707,-0.00030610045235462567,0.005394985529100893,0.0002336111646141212,0.013343455391132018,0.0002896068841192701,0.015168884173925996,0.0003595356976819658,0.015191387840185111,0.00028855585051089784,0.013684940116299617,0.00012922259851912826,-9.85473866339255e-05,0.0004392972708896124,7.025896107694787e-05,0.0008828174689487406,0.0007789737064060493,0.0008716786687078368,0.0008650965389605124,0.0009461317550961154,0.0008837505454279028,-7.237909570314662e-07,-1.8355565738276e-05,-3.9060106484701465e-06,4.840799018561886e-06,9.122994240270171e-07,-2.2021377620309105e-05,-3.82424470617142e-06,4.485368665935752e-07,9.30682053926544e-07,1.1115324109048666e-06,-2.3216974714077222e-06,6.570824763045696e-07,-4.184918710581868e-06,-3.866161347058589e-06,2.7363609660072843e-06,4.592816865058033e-07,-1.0849033626407744e-06,-1.6788744484652864e-06,1.0840872768561154e-06,-4.489272196018127e-06,-3.310554461652461e-05,-4.1433007348938376e-06,-4.3928099830258345e-06,-3.004989016530779e-06,8.426327924045846e-07,7.43321758339129e-10,-3.0439344469051936e-06,-2.2871856179666473e-06,6.161482519590504e-07,-1.3924889665564782e-06,4.116039136693765e-08,-1.4999457033546083e-06,-2.6842109151562664e-05,6.147705289694502e-07,2.6687951172750677e-06,3.0486220850707755e-07,4.586408867478973e-06,-1.4411518141857746e-06,2.6952632746665046e-06,2.6997757922225514e-07,-3.193891459026174e-07,-6.470740802696267e-08,5.880279745392795e-07,-1.5468582481722775e-06,-1.1816382230695345e-06,9.062563716969643e-08,2.9258513652547255e-07,7.73479527871055e-07,-1.122333373532077e-06,-1.2003803623925097e-06,-1.876736308443465e-06,-1.1112005750233583e-06,-2.8689238425919717e-08,2.2723935135846354e-06,9.653984676973131e-09,5.033896625405262e-08,6.02597571023235e-08,-1.3475770618658112e-06,-6.334131919603045e-08,-2.0947795913096397e-07,-1.583547538500445e-06,1.3435653977010334e-06,-1.7281335210526977e-06,-7.18306589275662e-08,5.3443105097280286e-08,1.9204850160792822e-06,5.591377921801338e-06
1049.999999999999,-0.03456439546857119,0.3450336057227267,-0.2882593720999999,-0.02157044032296461,0.3612561994802975,-0.2774559070999999,-0.02175050137082719,0.3629597008091914,-0.2663534744666667,-0.022796782034706836,0.36220621102594713,-0.2698462859333333,-0.04646860358886646,0.36914371951492286,-0.2908645987333332,-0.04509190020577011,0.36926766420086954,-0.3046912609666666,-0.04055808951470678,0.35920104172575995,-0.2848466415666666,0.02120304812831501,0.35252631369552206,-0.1640448839666667,-0.10300565175677276,0.30483926902269115,-0.1786570289666666,-0.006037496800453064,0.3389817284979995,-0.2376509378333333,-0.03705877069948071,0.3074503053660008,-0.2689550369666666,0.10467237228352903,0.22122338244217477,-0.0192336406685333,-0.17124997722173727,0.2566671374358121,-0.0334611706166666,0.15427213723504712,0.044137127553573456,0.0527093924066666,-0.2527824320083984,0.09259646299509038,-0.1948391104333333,0.18848680047632188,-0.14438243152443075,0.0711915260799999,-0.19997070592536917,0.1783960194385213,-0.3877420008999999,0.18201846692754936,-0.1868586759904365,0.0836706271366666,-0.16398228863678058,0.21007836837233987,-0.4571161618,0.1587189372139402,-0.19591478249191893,0.0614233696599999,-0.13115255761376157,0.2585752374397644,-0.4473102622,0.18390425731336507,-0.17275094587359813,0.0655837514733333,-0.1829695234281505,0.19855558840954488,-0.414930522,0.08176465539065442,-0.17357331420676023,0.0480366792533333,-0.08035969183732534,-0.18530614165540266,-0.04456098625,0.08252694028048516,-0.5118131868554491,0.0632670460733333,-0.039083399542149816,-0.46147867230739853,-0.0285830245666666,0.08035253699015472,-0.7815168755846729,0.2693652486,-0.07393752984761104,-0.7826399379816842,0.2134043829333333,0.06334187905799102,-0.8138398698574966,0.2972795238,-0.07594843756880897,-0.8104418091579533,0.1968087707666666,0.09318958193521788,-0.853010737454329,0.2471934378,-0.06353575117628778,-0.842506699986539,0.1118216877033333,onweer_g_ch1_g19_compr.mp4,ch1g19,8.866914360556768e-06,0.0007844361724487742,2.043753814376121e-05,0.00033839174767782076,5.4323448085332336e-05,0.0008011450650457832,1.745969094545759e-05,2.6549453358803904e-05,1.6840069476304397e-05,8.252342967885122e-06,2.757815938733051e-05,5.3207814352626884e-05,2.478314733035263e-05,2.0063233733441877e-05,2.26286869343576e-05,5.342683315692528e-05,5.614356216747615e-05,3.136112754814103e-05,4.847788765312252e-05,2.654665310768886e-05,0.0008797145387077183,2.328805488311164e-05,2.509972751446585e-05,1.8672356815022113e-05,5.4448304394074783e-05,6.16629082838486e-06,2.614989474404442e-05,2.6344529581791828e-05,3.4479337788305695e-05,3.6184826931729246e-05,7.80489320863631e-06,2.1243282332649413e-05,0.0008849145684415599,0.000855017646165149,7.290214978104961e-05,4.7068200429677653e-05,-1.368444566562116e-05,4.74897988029976e-05,3.805005289338569e-05,7.12926497578268e-05,0.00011496409310756256,0.00010500307295462027,-0.00012417836808769806,-1.5291710874972968e-05,-2.5511509696156368e-05,8.665929944689777e-06,-0.00024163280714959906,0.0005576207993326309,-0.000324248672359046,0.005576372271158703,0.0001892827579451696,0.013073475393710357,0.00023880992364802673,0.014738301358335357,0.00028523870334514894,0.014659392596021571,0.00023575747506602502,0.013353872470761285,0.00012918948701113168,-9.85674821420013e-05,0.00043601580222938556,0.00012563452747797445,0.0008839970739920951,0.0007902621692415654,0.0008720432521049369,0.0008694567519936314,0.0009169912748969976,0.0008834697045858366,-1.9232225650090397e-07,-1.4891428524465494e-05,-3.5412730458047307e-06,9.960677813052667e-06,-6.57502347380928e-07,-1.847522563912086e-05,-3.4968470749491953e-06,1.728051931516997e-07,7.67867762016576e-07,1.5641482481959927e-06,-3.766371411797377e-06,-6.777339921689839e-07,-4.026780629834622e-06,-3.517649882539466e-06,3.6331706080270702e-06,-8.640090417072508e-07,-2.247399340282471e-06,-3.6446203643759018e-06,-2.010245466500828e-07,-4.456236409125057e-06,-2.9817566101537984e-05,-4.069674285260367e-06,-4.2792977461383695e-06,-2.935240358593529e-06,-6.155299600695351e-07,-6.125137719170857e-08,-3.2401553044815107e-06,-3.7247402125283388e-06,2.2061198735667357e-06,-3.2012714053588736e-06,-2.4846470011834126e-08,-1.4716872622797006e-06,-2.4099925302754327e-05,6.011202082439662e-07,4.223852598913342e-06,4.798353347734259e-07,5.330347640353245e-06,-1.4312603868612284e-06,4.372268695219471e-06,4.648219335331591e-07,-1.7555726728162827e-07,-4.0114156531774856e-08,2.798716245145428e-07,-1.1814697807806454e-06,-1.1650879795457082e-06,2.454992734253616e-07,4.601311641798914e-07,7.338493589522399e-07,-1.0896256511441065e-06,-9.538210152431808e-07,-1.658389453336945e-06,-1.1389670961733719e-06,1.4568242383344015e-07,4.421937257715585e-06,2.2355737103712354e-07,2.1388811708526317e-07,1.9864030858255336e-07,-1.3241985951128278e-06,-5.0303099713184264e-08,-1.1943527110381399e-07,-1.1651617404347435e-06,1.4319805887702339e-06,-1.6125836567252805e-06,-5.03046296502484e-08,-5.343291430117652e-08,3.8368763636911835e-06,6.938996577847112e-06
1066.6666666666658,-0.034955107203434366,0.34505277978998666,-0.2862249751666667,-0.021863345106176463,0.3612168053617926,-0.2754497935666666,-0.022081788209505442,0.362978764112427,-0.2643794054,-0.02313590413180877,0.3622172871425357,-0.2678614939666667,-0.04686866514512517,0.3691865450886087,-0.2888016432333332,-0.04547498406962271,0.3693505757465942,-0.3026809800666666,-0.040974535136803554,0.3592713600164821,-0.2828318406666666,0.021101702873502506,0.35237669165058294,-0.1622689178666667,-0.1033474002761271,0.30479586247383267,-0.1767299238666666,-0.006365041035371844,0.33892582828171525,-0.2358173350333333,-0.037499470655846204,0.30742611375990014,-0.2670421053666666,0.10453248803992211,0.2209479142288566,-0.0174983254752,-0.17134627769404673,0.2571959539866587,-0.0330835436499999,0.1541310778351647,0.043776904366739,0.0539810659466666,-0.25338366836508125,0.09823486572047511,-0.1980641439,0.18887182694392946,-0.1442159638063688,0.0727903554833333,-0.19967601167859841,0.19121850326205397,-0.3898657640666665,0.18245607852280024,-0.18664677130072577,0.0858677375299999,-0.16337056691450028,0.22445734859790176,-0.4588698506666667,0.1591953015539727,-0.19566559102960734,0.0637053413066666,-0.1308015031727249,0.27274989317053144,-0.4483255965333333,0.18428429136770041,-0.1725379299750704,0.0672618467366666,-0.18284428381786066,0.2115963573111597,-0.406381816,0.08178032866016645,-0.17344412275618176,0.0481505968933333,-0.08038935037835378,-0.18540415805710747,-0.044648768,0.08242577237959917,-0.5113770221956591,0.0638389066966666,-0.03911663181367652,-0.4613096615273742,-0.0292846824966666,0.0801231116952714,-0.7806020835686427,0.2699187740666666,-0.07396039231972105,-0.7818054337045868,0.2138029249333333,0.06308032711949181,-0.8129344433613397,0.2979196886333333,-0.07595966701710828,-0.8095259897662942,0.1972958638666666,0.09300011585545323,-0.8520775210505396,0.2484337623,-0.06354696499756973,-0.8415791246873171,0.1128697521766666,onweer_g_ch1_g19_compr.mp4,ch1g19,9.314885363104204e-06,0.0007714800971006465,1.8350162293404873e-05,0.0003512273032069759,5.263539014549859e-05,0.0007849455038737943,1.5073464445471021e-05,2.6176051169471063e-05,1.6538933518590747e-05,1.0710996353588868e-05,2.389296590353896e-05,5.132983192562648e-05,2.2154093406209357e-05,1.7847498710500556e-05,2.6154406081887166e-05,5.120578363934688e-05,5.2932350775863137e-05,2.821573045241227e-05,4.7181618636005054e-05,2.3279196406799694e-05,0.0008523186321806943,2.0206643534855724e-05,2.2159928226305195e-05,1.616068106389381e-05,5.282811014859408e-05,6.06758569348827e-06,2.325911264611416e-05,2.2031053951723975e-05,3.9157897608788714e-05,3.4840705778944306e-05,7.709282037573536e-06,2.0802035107729076e-05,0.0008625889510200319,0.0008483581667174472,7.083017971871459e-05,9.160845736875735e-05,3.75156192844049e-05,9.732530433299342e-05,9.123074258036697e-05,0.00011869926766812212,0.00015877088268165298,0.00014557136092733632,-5.268268815838922e-05,3.208948635339017e-05,1.8634432406081788e-05,4.571835869141035e-05,-0.00023736692799412493,0.0006390679871922538,-0.0003542679146159602,0.0058176053691897205,0.00014981048221161838,0.012855020353212917,0.00019968998006546362,0.014361686136884785,0.00022373516075909692,0.014200998855405343,0.00018979307716289936,0.013082867815996645,0.00012693881689334363,-9.663471070337272e-05,0.0004296431137964953,0.00018226986094472443,0.000859554409510605,0.0007820533042213318,0.0008455528837588988,0.0008526802454816786,0.0008670419422695895,0.0008573085996630975,3.7353294512331325e-07,-9.72162218804199e-06,-2.9594545142100758e-06,1.5703911204242792e-05,-2.155351420921935e-06,-1.3047198569834724e-05,-2.9407925552905574e-06,9.0337857841671e-08,6.48559417753612e-07,1.6090300872584183e-06,-4.779645813548509e-06,-1.882720956570915e-06,-3.6650145698744678e-06,-2.9601395890588436e-06,4.446761425834395e-06,-2.0232891138871446e-06,-3.126742206473718e-06,-5.250504107725877e-06,-1.4056709367359636e-06,-4.199144708674992e-06,-2.4006278350399032e-05,-3.7330581851797647e-06,-3.959974414700574e-06,-2.694102834539634e-06,-1.981931628742826e-06,-1.0405820251638242e-07,-3.3221218401854976e-06,-4.694539764840335e-06,3.829109188881495e-06,-4.715731108903193e-06,-6.330587361143653e-08,-1.551837156419179e-06,-1.914993882458448e-05,5.494127551261911e-07,5.255332046860578e-06,6.103179102984632e-07,5.592768101353598e-06,-1.1494475910982648e-06,5.5000606531969804e-06,6.36780871174833e-07,-1.7905029995495115e-08,8.281486247057603e-08,-4.936438962978774e-08,-6.98484764966423e-07,-9.241015029124233e-07,3.930617131097958e-07,5.923431032347935e-07,5.71825632523383e-07,-8.144590637186305e-07,-5.011552073663752e-07,-1.1782956824170238e-06,-9.413430874331783e-07,3.3380588915755084e-07,5.988312758959198e-06,4.212116420089182e-07,3.758268291237827e-07,3.35755400378683e-07,-1.058227638277348e-06,-2.1510243988679283e-08,-8.768458212140326e-10,-6.272211731181404e-07,1.3565800491641605e-06,-1.2910458988316636e-06,-1.4043736936347896e-08,-1.4590843253326504e-07,5.256951025924962e-06,7.72126679452903e-06
1083.3333333333326,-0.03521373911641003,0.34508091899732946,-0.2840847561666667,-0.02205072305969639,0.3611928216204623,-0.2733087480666666,-0.022299783597502086,0.36301422946671985,-0.2622689594,-0.02335793896514738,0.3622464537255074,-0.2657427619333333,-0.04715164318501761,0.3692420108240749,-0.2866460392999999,-0.045742110479910454,0.36944443220713413,-0.3005801070666666,-0.041272414536724804,0.3593497361541527,-0.2807260776333333,0.021037296306011796,0.3522748650396174,-0.1602557908333333,-0.10366583847083463,0.30477630623495855,-0.1747241719666666,-0.006594535831750472,0.3388846740871338,-0.2338297988,-0.03784871453813696,0.307408832571209,-0.2650335798333333,0.10437267327508383,0.22065958949946116,-0.0155375613952,-0.17140617999318095,0.25779806096286473,-0.0326906117666666,0.153840666397304,0.04335969481874405,0.0553417521266666,-0.2539469067444824,0.10416242589204397,-0.2004865938999999,0.18912694722000417,-0.14415928094435174,0.0744381124766666,-0.19934933372668415,0.20387778014034663,-0.3903982878666666,0.18277540691725205,-0.18655627512337844,0.0880753216033333,-0.16273276328013436,0.2385245680844112,-0.4589271257666666,0.15959001259901234,-0.19556186698945818,0.0659942533899999,-0.1304610196785732,0.2865627650422156,-0.4477298470999999,0.18454910768349708,-0.1724469586472425,0.0689796486266666,-0.18270357706204737,0.22443796023441206,-0.405655742,0.08179107116980591,-0.173315773998872,0.0482773616933333,-0.08041255083652209,-0.18550178060538108,-0.0447573609566666,0.0823420878924993,-0.5109692719239245,0.0643997382233333,-0.0391844940758045,-0.46112531268836426,-0.03002157441,0.07989884750083798,-0.7797784901625016,0.2704474930999999,-0.07404203433822151,-0.7810404784013206,0.2140863519666666,0.0628210255600971,-0.8121238138051883,0.2985374142999999,-0.0760397409428852,-0.8086965422456479,0.1976552734,0.09280688831517574,-0.8512505422670515,0.2495928217999999,-0.06355947034452578,-0.840730550806548,0.1137674617033333,onweer_g_ch1_g19_compr.mp4,ch1g19,1.0409914559057136e-05,0.000763930679173014,1.6099847874822075e-05,0.0003689032491773958,4.9787008522894755e-05,0.0007743997988310448,1.2707452791494349e-05,2.6286315057593586e-05,1.6584724702677872e-05,1.2895733375997627e-05,2.0587719400114147e-05,4.817658032295823e-05,1.9019701825824624e-05,1.554650043862964e-05,3.03122024956423e-05,4.7662732017845556e-05,4.890891546025106e-05,2.395862335141107e-05,4.456206692961398e-05,1.9500758056544938e-05,0.0008310771008858397,1.6947738182813828e-05,1.8702434874530705e-05,1.3833625856655803e-05,5.0217916231178056e-05,5.897043386980156e-06,2.0177501919339414e-05,1.8626074848659115e-05,4.426012454853892e-05,3.1733388744921036e-05,7.571464995576858e-06,1.973349459452019e-05,0.0008456023969397285,0.0008490850664802596,6.713878848803434e-05,0.00011871127790101376,7.246364217165747e-05,0.00013112145775366225,0.00012950557338623937,0.00014654589825509754,0.0001827030738908469,0.0001654446946373199,1.5912871370864813e-05,6.769430611833583e-05,5.062255394369403e-05,6.740203081262172e-05,-0.0002350848052299369,0.0007342516762984679,-0.0003965276337465311,0.006137012229509544,9.282694851612804e-05,0.01272578696911999,0.00013850732692652853,0.014073483262777145,0.00013973428101488468,0.01384425143027616,0.00012545556409533661,0.01290496448730536,0.00012525871376711656,-9.546876449119156e-05,0.00042986065896301405,0.00022332555667542935,0.0008215295669376747,0.0007553081681041419,0.0008047554605505705,0.0008170229194717371,0.0008107820647060607,0.0008116801650422803,9.836500309009671e-07,-3.662981621126057e-06,-2.149900536291263e-06,2.1529112190300585e-05,-3.26834542801659e-06,-6.651452418283013e-06,-2.125298520577774e-06,2.2203383847882318e-07,6.76321367253575e-07,1.3246310067169213e-06,-5.007109127283423e-06,-2.7016656251503852e-06,-3.088356548979812e-06,-2.1815798833982905e-06,4.98586510604211e-06,-2.7806642247395387e-06,-3.515117128417352e-06,-5.996251665587676e-06,-2.2663207172973483e-06,-3.6887703734881444e-06,-1.67872253476118e-05,-3.0936419374784193e-06,-3.4096068562565614e-06,-2.238141640028981e-06,-2.9826175810406446e-06,-1.173005804993431e-07,-3.23175313706402e-06,-4.849417738868101e-06,5.257247895399781e-06,-5.524443989482096e-06,-6.415827445635376e-08,-1.741958532908718e-06,-1.287294333135448e-05,4.5334134887817695e-07,5.588699447047515e-06,7.35378318949461e-07,5.298261383084083e-06,-6.517347481789176e-07,5.911000337288687e-06,8.02952191348235e-07,1.0226428555231716e-07,2.2517624690166588e-07,-3.129401647329389e-07,-1.203540435271389e-07,-5.395186555393428e-07,5.772390313668631e-07,7.201672425956222e-07,2.7692957085548994e-07,-3.785735358842811e-07,8.402231933720529e-08,-4.2598821064698477e-07,-5.881508153692638e-07,5.681212685502687e-07,6.775027727116328e-06,6.193311569620036e-07,5.779413728912722e-07,4.62786742102626e-07,-6.065211036908361e-07,2.1626446091847708e-08,1.5151566544009648e-07,-3.2100797244041973e-08,1.2059581071627669e-06,-6.823406530974249e-07,3.222219646475992e-08,-1.550822401327343e-07,5.975358557701048e-06,7.706027228170633e-06
1099.999999999999,-0.03540052932886191,0.3451297417783477,-0.2820117851,-0.02216554693279823,0.36120101667187965,-0.2712176681333333,-0.022439767828865663,0.3630828549973078,-0.2602018305666666,-0.023501531748360092,0.3623109101839731,-0.2636687850333333,-0.04737003166381744,0.3693263500966348,-0.2845455859999999,-0.04594350634245971,0.36956780620824337,-0.2985391148999999,-0.041504941621610135,0.35945650366954623,-0.2786759877999999,0.021031942787728058,0.35223606030005894,-0.1581998711666667,-0.10397005582252818,0.30479266226535007,-0.1727334811333332,-0.006762535394430333,0.33886985651901746,-0.2318813855333333,-0.03815212954382263,0.3074136831493616,-0.2630740776333333,0.10421181858612463,0.22037819476769635,-0.0134736884818666,-0.17142804724124264,0.258514495020517,-0.03245444053,0.1534686719531566,0.04287498421653595,0.0567204277999999,-0.2544295115153524,0.11052921684310134,-0.2029175320999999,0.18935355898004072,-0.14416182145659762,0.0759750989566666,-0.1989652758368736,0.2164565993176709,-0.3913404515333333,0.1830573076476643,-0.18651165294506994,0.0901280704333333,-0.1620664200300507,0.25233276740074084,-0.4595698108666666,0.15998204575583164,-0.1955089492393078,0.0680285899666666,-0.13006317502638692,0.3000941340192786,-0.4477327389,0.18479850290302016,-0.172416760761164,0.0705443805733333,-0.18249794363662006,0.2371489073152149,-0.404398233,0.08179760144794236,-0.17318538329176728,0.04841134027,-0.08043153897171781,-0.18560159472120683,-0.0448772005666666,0.08225783465571662,-0.5105286042420519,0.0651739178733333,-0.03929461883019515,-0.4609007075150999,-0.0307402154433333,0.07965770739970528,-0.7789486695314527,0.2712558701666666,-0.07412788058463107,-0.7802899556075462,0.2143090115666666,0.06253144156237006,-0.8113075226781363,0.2994143068999999,-0.0761219198596228,-0.8078854765222069,0.1979421893,0.09258856084662974,-0.8503674486280384,0.2510134583,-0.06355119485698857,-0.8398787892086199,0.1146403305,onweer_g_ch1_g19_compr.mp4,ch1g19,1.1302018845997977e-05,0.0007608897358744305,1.3989930851463838e-05,0.00039211321076815085,4.5671354952001273e-05,0.0007684222552262205,1.0621604254401542e-05,2.6803611027506255e-05,1.7114849565521373e-05,1.4144068822991502e-05,1.5794758677978424e-05,4.386661275918327e-05,1.5871123924479237e-05,1.33795239202371e-05,3.5550566179006446e-05,4.385867607141244e-05,4.491831082100954e-05,1.7069960578589055e-05,4.0729254831735096e-05,1.571828172907547e-05,0.0008151022001042639,1.395919226985744e-05,1.5239303707265028e-05,1.1654036586248725e-05,4.6496572311624724e-05,5.794374974190256e-06,1.693743485970754e-05,1.423278992541381e-05,5.001756595646844e-05,2.512771658012044e-05,7.512363169495871e-06,1.796880525718073e-05,0.000833296649799051,0.0008568385934834388,6.181264786335046e-05,0.0001369333358141259,9.565600113288824e-05,0.00015348753748535576,0.000156969957198439,0.00016140393029817764,0.00019415045872020863,0.00017257043767376646,7.374756044539835e-05,9.185209840373355e-05,7.591129334306117e-05,8.133211678675022e-05,-0.00024604860502118627,0.0008400716543056078,-0.000460865644898086,0.0065401477745472714,6.542933346516985e-07,0.012671100827522892,3.956462396939828e-05,0.013863496950278898,1.832303540340156e-05,0.013574669065471086,2.5585750330340452e-05,0.012802363316864568,0.00012474615243538518,-9.535586205341849e-05,0.000435084678609855,0.000239067208285989,0.0007677244279513072,0.0007034912177389853,0.0007481307652973959,0.0007566862461065694,0.0007545207618135789,0.0007396979849476619,1.5970315676012386e-06,2.389953916429028e-06,-1.2313904833824937e-06,2.6611368423210213e-05,-3.818448693690251e-06,-2.0087787879748214e-07,-1.141615963033213e-06,4.346170298332914e-07,8.985768239459997e-07,7.868168587134656e-07,-4.665242545595162e-06,-3.0628018487648064e-06,-2.382355588954102e-06,-1.2922191698573363e-06,5.083579401149863e-06,-3.0347104768112295e-06,-3.346908798302155e-06,-5.893978374356809e-06,-2.7035114885098755e-06,-2.9955336180062796e-06,-9.145439498921912e-06,-2.287938042306761e-06,-2.702580246310765e-06,-1.648440040096294e-06,-3.472949134571716e-06,-8.428156590656969e-08,-3.015282150573505e-06,-4.4095280591824874e-06,6.37515376919685e-06,-5.707376312699299e-06,-1.7320383547415247e-08,-1.946296038384607e-06,-6.1193185274695e-06,3.3937151395669183e-07,5.173400718082464e-06,8.523008238600975e-07,4.401213068956577e-06,1.55400427109319e-08,5.566331946216026e-06,9.527564646731528e-07,1.7698661061124604e-07,3.384764421283838e-07,-4.4992441197679306e-07,5.871274222868263e-07,-7.646910736532328e-08,7.887207638754847e-07,8.414382726158858e-07,-1.5156525427794872e-07,1.1790300080152884e-07,7.131971510852408e-07,6.02011050645784e-07,-1.385697219806479e-07,8.324279244368025e-07,6.720765308765447e-06,8.00152350791043e-07,8.088982463650972e-07,5.705832025276387e-07,-1.1572444959082658e-08,7.167758628843241e-08,3.3228166560388024e-07,6.432896356044111e-07,1.0142680093380494e-06,2.6473884836782536e-07,8.044496093594131e-08,-5.4509235185217823e-08,5.906089015236018e-06,6.824334769762598e-06
1116.666666666666,-0.035425594172804296,0.34530408020789644,-0.2797055547333333,-0.022121954554778753,0.3613447198875392,-0.2688967000333332,-0.022413744251546713,0.36328338867555027,-0.2579073890333333,-0.023475417072990716,0.36252059983084717,-0.2613712435333333,-0.04742919476815897,0.3695381131888755,-0.2822436665333332,-0.045985532545759614,0.36980939183515377,-0.2962879239666666,-0.04157494987025069,0.3596732604899353,-0.2764210904333333,0.021140352074644982,0.3523874065478231,-0.1558829991333334,-0.10420087032695041,0.3049539277673564,-0.1706129564666666,-0.00680360439361197,0.33898748205306256,-0.2297086561666666,-0.03833403391943172,0.30753478432986053,-0.2609210416666666,0.10402607883681193,0.22015738558473621,-0.0112670569185333,-0.17130607755645608,0.25950599519664086,-0.03215161379,0.1530283812119778,0.04244596253572993,0.0580262307099999,-0.2548147816352292,0.11753508305669236,-0.2047829652666666,0.18951894373179665,-0.1441543229122325,0.0770783907399999,-0.198496002652554,0.2294612562889335,-0.3906056087333333,0.18330909834287595,-0.18646922708487548,0.0916251857499999,-0.16129828681402844,0.26646041908147683,-0.4583492448333333,0.16038864176638784,-0.19552550550447198,0.0694759840833333,-0.1296132329512755,0.31394726734180034,-0.4459590825,0.18500151174988022,-0.17239734450229074,0.0716404840366666,-0.1822158584519501,0.2502976005945695,-0.394817889,0.08179037399388181,-0.1730571566601552,0.0485506410433333,-0.0804337583254617,-0.18569896865669788,-0.0450097487566666,0.08227478659370059,-0.5100889077105601,0.06615348209,-0.039403947718630615,-0.46065593671503,-0.0315213806933333,0.07948323629343518,-0.7782364863540875,0.2713978852,-0.07419000183161271,-0.7796380700211069,0.2137476679333333,0.06229780075165167,-0.8106186911582639,0.2995031138666665,-0.07618093218196997,-0.8071879047346591,0.1973475897333333,0.09247928411875979,-0.8496507470788404,0.2517142479666666,-0.06343306394457465,-0.8392278543062279,0.1147702301666666,onweer_g_ch1_g19_compr.mp4,ch1g19,1.2877118589803798e-05,0.0007664768749150247,1.283459785966528e-05,0.0004207192036856891,4.185244705450961e-05,0.0007715679570483162,9.607370645054343e-06,2.753120307199636e-05,1.8292559461684174e-05,1.4414757615459327e-05,1.1275660858626255e-05,4.081678872482128e-05,1.3492202865968912e-05,1.2144837857451334e-05,4.0915432790509184e-05,4.104003667858934e-05,4.2116944042780616e-05,1.0525112268795558e-05,3.793725740310318e-05,1.2748674692653032e-05,0.0008103855870823636,1.1809655133359539e-05,1.2571443330563653e-05,1.0083161883236298e-05,4.307573035545508e-05,5.788153409998177e-06,1.3955408295440171e-05,1.033152914612063e-05,5.667383195941934e-05,1.8101695739604588e-05,7.576039557068392e-06,1.5908799819880706e-05,0.000830964418149578,0.000875369785441761,5.739994812650253e-05,0.00014914345082256541,0.0001123669597395874,0.0001690185634724717,0.00017868074710432517,0.00016776583738383887,0.00019751194674369845,0.00017153197517460263,0.00012165586125366329,0.00010328519605951722,9.474547894009624e-05,8.792210355759027e-05,-0.00026940526970469143,0.0009503132186458901,-0.0005368546412123378,0.0070221472861350534,-9.624448860246809e-05,0.012760656910271364,-5.816962995137277e-05,0.013820710956387929,-9.456777244331452e-05,0.013492869889681115,-7.621874660046211e-05,0.012851933569547285,0.00012638817765262816,-9.704144023392941e-05,0.00044427456748553554,0.00023851828211581423,0.0007112447046218892,0.0006567898420208305,0.0006883482213410649,0.0007031311896984743,0.0007088625180277228,0.0006782676646292667,1.9120615745977368e-06,6.921739574507748e-06,-3.6927116798014737e-07,3.0148079528060925e-05,-3.5257071560001394e-06,4.712746395972656e-06,-1.466467838034698e-07,6.893446881759014e-07,1.3713559397502049e-06,1.88241627239231e-07,-3.668377986712535e-06,-2.8912483245085623e-06,-1.5823933560339227e-06,-4.408970744720676e-07,4.746486661023248e-06,-2.539052869616818e-06,-2.393303827356374e-06,-4.81664875721507e-06,-2.6129411865366425e-06,-2.108478226316792e-06,-2.890575781132724e-06,-1.4029719221841112e-06,-1.8531674080997191e-06,-9.709511643352544e-07,-3.2195407789970554e-06,9.100853045689848e-09,-2.5923163987543795e-06,-3.32428215317141e-06,6.993330654057794e-06,-5.103916859779443e-06,8.342179089325613e-08,-2.0264703268621924e-06,-6.135125998579064e-07,1.9654083249612992e-07,3.911968256520935e-06,9.290968829592232e-07,2.931042874554356e-06,7.303746193862717e-07,4.3570891222930364e-06,1.0477506384530807e-06,2.079740430301025e-07,3.84223937995146e-07,-4.397270428538193e-07,1.336569280029414e-06,3.2641176985438793e-07,9.863511519490735e-07,9.235287654310546e-07,-6.388731387475596e-07,5.65370585548214e-07,1.2797520596872229e-06,1.730992767508579e-06,2.748127517373139e-07,1.077361353289408e-06,5.664738177558995e-06,9.327050512538278e-07,1.0249650195583705e-06,6.383985388126145e-07,6.191977715559702e-07,1.2248221519566234e-07,5.176805657855899e-07,1.3226320493270275e-06,7.997615954338031e-07,1.3915931009481635e-06,1.2404430808717166e-07,1.454064305954419e-07,4.892734159663352e-06,5.104118180236766e-06
1133.3333333333328,-0.03540720906268282,0.34553575169714784,-0.2773141721666667,-0.022028692341085437,0.36154723842851305,-0.2664891149666666,-0.022335972791120682,0.3635404852962455,-0.2555290822666666,-0.023399332329985395,0.3627901236605536,-0.2589860280666666,-0.04744424158779218,0.36980054086062275,-0.2798386498999999,-0.04598166566933832,0.3700987422537065,-0.2939364303333333,-0.04159896919327328,0.3599369813138013,-0.2740652565666666,0.021332889053397124,0.35260310020508434,-0.1533985052,-0.10439526516283067,0.30517018539215307,-0.1683763989666666,-0.006792273598088409,0.33916416310599523,-0.2274663189999999,-0.03847579782710203,0.3077090341481899,-0.2586900507333333,0.10388917850455934,0.2199440601337753,-0.0088867284185333,-0.17112522182888534,0.26062118797408435,-0.0317540361566666,0.1525689632531483,0.04198093117048542,0.0592979739133333,-0.25507985946846035,0.12477050681026569,-0.206447194,0.18964752101229626,-0.1441638051616663,0.0778623163666666,-0.1978775042586371,0.2421254438295024,-0.3899097503333332,0.1835124661795119,-0.18643479469043334,0.0927575862066666,-0.1603826182043637,0.28007308527935176,-0.4572166592333332,0.16079226472761016,-0.1955413492405321,0.07053852206,-0.12901416033765026,0.32722475465613093,-0.4442479543666667,0.18517814000767663,-0.1723936876058753,0.0724038910133333,-0.18177265343068497,0.2630215234735846,-0.368361235,0.08178243513465049,-0.17292945195062662,0.0486978899733333,-0.08043490218196774,-0.1857969632423206,-0.04515378599,0.08234068634313337,-0.509635043588539,0.06714660832,-0.03952238605194911,-0.46041056021439886,-0.0323593041566666,0.079476419781051,-0.7775430904703013,0.2716729179,-0.0742060731370057,-0.779000098997289,0.2131109145,0.0622325665325039,-0.8099507391571992,0.2997584045333332,-0.07618256522957594,-0.8065043088515643,0.1967066982666666,0.09245783514423826,-0.8489817711322587,0.2525558044333333,-0.06325879920525941,-0.83860830258217,0.1148659259,onweer_g_ch1_g19_compr.mp4,ch1g19,1.4665512774714445e-05,0.00077517075606925,1.2502400963341895e-05,0.000451293518091752,3.7998023569531625e-05,0.0007782810286724629,9.61441262895685e-06,2.8524740646095188e-05,1.9931383330804053e-05,1.4068659606987914e-05,7.713194591864385e-06,3.813235594643073e-05,1.1836701533240292e-05,1.1752622169755064e-05,4.607257838644628e-05,3.869212062676085e-05,4.0114901256669984e-05,5.618569865728311e-06,3.541487718937029e-05,1.060277741063271e-05,0.0008106733097201756,1.0523101114192303e-05,1.066784588942446e-05,9.24695836225789e-06,3.9597713270447704e-05,5.848323550296212e-06,1.1321033099937618e-05,7.523641655805359e-06,6.341117290086463e-05,1.1986801623894592e-05,7.735506584475995e-06,1.3378216448171401e-05,0.0008327932462909969,0.0008981841838952317,5.3124311031643225e-05,0.00014846410869341872,0.00011663218872316819,0.00017136053201343888,0.00018737043793357614,0.00016071091915386134,0.00018775633563843398,0.00015787802829730723,0.00015103594755305937,0.0001006867622521682,0.0001018743998037039,8.318757089736149e-05,-0.0003031127708659334,0.0010546152970247746,-0.0006177716378188689,0.007527174602124224,-0.00017940292964678458,0.012902102489651028,-0.00013366517389161887,0.01384833988864251,-0.00017665024844451486,0.013494317965042663,-0.000162535656330049,0.012960700527871717,0.00013018780051013044,-0.00010020424235715341,0.00045921692687346923,0.00021968938306984756,0.0006593381727371763,0.0006013845633546973,0.0006346966725102845,0.000641921326106675,0.0006746887489237881,0.0006141695866001964,1.924552525812096e-06,1.0369139951287514e-05,4.1949758816787426e-07,3.227220237544941e-05,-2.351075978631183e-06,8.633612230527158e-06,7.963301962223998e-07,9.581739565305378e-07,1.9486523501791142e-06,-3.559909684279518e-07,-2.0551725358951993e-06,-2.300449751923429e-06,-6.954137379713781e-07,3.483090123140108e-07,3.9334068805172795e-06,-1.5918243070289608e-06,-7.110487256661821e-07,-2.696384705390517e-06,-2.0833622479918267e-06,-1.0818097783786363e-06,2.480481212282814e-06,-5.422992773268952e-07,-9.014836699797278e-07,-3.5674293929006217e-07,-2.2106509957057886e-06,1.558748334102284e-07,-2.0463580623966153e-06,-1.6710950819194416e-06,7.330260314046181e-06,-3.569018478464353e-06,2.3016839309491411e-07,-1.8943912486665555e-06,4.077981184091166e-06,4.854495551373142e-08,2.073643205932445e-06,9.61811675875995e-07,1.0592034877852582e-06,1.4026463348836596e-06,2.557857700442148e-06,1.0768610759645073e-06,2.0225884046605295e-07,3.44657147789926e-07,-2.9760896633371355e-07,2.0361333271075717e-06,6.358627973683281e-07,1.1505610517043942e-06,9.60410814643012e-07,-1.1229216511307547e-06,9.199466554782698e-07,1.7171773708494194e-06,2.7874828303635467e-06,6.130101966795138e-07,1.2758798400890245e-06,3.913034834240089e-06,1.0069697424199494e-06,1.2038976424495282e-06,6.587401188009911e-07,1.2099588948753478e-06,1.7056179652400858e-07,6.911961942905793e-07,1.9274851227565243e-06,5.994926748079516e-07,2.5285401773201212e-06,1.6041096247160014e-07,4.299070810705121e-07,3.201079427207824e-06,3.2246023176621636e-06
1149.9999999999995,-0.035364560457035926,0.34581951037615777,-0.2747959077333333,-0.021912730628465146,0.36180158518581046,-0.2638983175999999,-0.022234734981699426,0.3638487286558184,-0.2529708235666666,-0.0232988289989532,0.36311765010777053,-0.2564238697666666,-0.047435698534390225,0.3701014580446612,-0.2772608493333333,-0.04595422797415246,0.370423022014427,-0.2913973290999999,-0.041597231790235105,0.3602297647882538,-0.2715317263666666,0.021569306931157717,0.35288632730253044,-0.1506660338,-0.10455246806909937,0.3054112207148064,-0.1658427142999999,-0.0067406624503823795,0.33939662172013374,-0.2250527540999999,-0.038582723570690744,0.30792172408520174,-0.2562816853333333,0.10381488860181287,0.21969711973087364,-0.0062996883418666,-0.17087237906124034,0.2618218598502125,-0.0310382667633333,0.15213164599006737,0.04138044020566369,0.0606487124566666,-0.25516178451405425,0.13242131412044364,-0.2076542779666666,0.1897662412093285,-0.14429359987170987,0.0786021531833333,-0.1971185257535388,0.25497857775932603,-0.3887354215999999,0.18368244470838957,-0.18650450425995208,0.0937661870733333,-0.15934007990956686,0.2938226924848874,-0.4556195835999999,0.1611727208571927,-0.19565334458919897,0.07142577209,-0.12827883708351653,0.3406231020998592,-0.4421321722666667,0.18534099556655526,-0.17250508019244326,0.0730939509966666,-0.1811790588198146,0.27592202947584277,-0.368957877,0.08176537650018305,-0.17280589433792376,0.0488377018566666,-0.08042509025877968,-0.18589323748142142,-0.0452930598166666,0.08249150804677939,-0.5091948299677054,0.0676884560133333,-0.03965623048337763,-0.4602423484788999,-0.0332282705233333,0.07957023193598121,-0.7769310880791294,0.2716458077333332,-0.0741712669158395,-0.7784671423015956,0.2122750229333333,0.062264452731004956,-0.8093656186087503,0.2997073114333333,-0.07612853575334771,-0.8059374338105485,0.1958503086666666,0.09251841023120214,-0.8484123370563934,0.2530735174666666,-0.06305401680770047,-0.8381077598133828,0.1147800375666666,onweer_g_ch1_g19_compr.mp4,ch1g19,1.6476099728549067e-05,0.0007884449689949672,1.3206425468984334e-05,0.0004852074290115688,3.599106252039215e-05,0.0007901380711311302,1.0822232564432633e-05,2.9757916832067073e-05,2.2035467833760062e-05,1.288865735604177e-05,6.185233106074948e-06,3.649935041292783e-05,1.1368898538432006e-05,1.2416484605727982e-05,5.019675975353023e-05,3.765465077082523e-05,4.0326578136943646e-05,3.7790336018682418e-06,3.387870453904565e-05,9.804881895052908e-06,0.0008173125777768212,1.03351545513471e-05,9.988918906009635e-06,9.131580180698863e-06,3.770815914912586e-05,6.024168941517614e-06,9.334407426685125e-06,6.49461217477636e-06,7.066909581190305e-05,8.858741397561725e-06,8.010649681211237e-06,1.0938758054256475e-05,0.0008404039814097117,0.0009271642858622984,5.06919311888959e-05,0.0001383419916784611,0.00011202182414307994,0.00016358122332912369,0.00018598895513352072,0.00014475195012633325,0.00016890745911253988,0.00013570137229739342,0.00016018878772693822,8.892228500619292e-05,9.871394138733461e-05,7.059944566209721e-05,-0.0003467660626089521,0.0011569403566471029,-0.0006926674583744882,0.008082329065469957,-0.00022032912230909963,0.013122031534774993,-0.0001519274494448776,0.013974999309331014,-0.00018981880707223098,0.013602994286478994,-0.0002025174012753341,0.013156638047038021,0.00013554245171495683,-0.00010416266261551904,0.00047690463611158246,0.00019129967660022742,0.0006192901990621763,0.0005444888640038092,0.0005966512296331303,0.000580992795052473,0.0006632388859718571,0.0005427413042204855,1.7288204441902003e-06,1.1671557600530916e-05,1.145615112672173e-06,3.2589136152534657e-05,-4.5005725089390026e-07,1.0398236929457994e-05,1.6839559920761746e-06,1.209555179318751e-06,2.4973321864255314e-06,-5.898866254278222e-07,1.3106047082217721e-08,-1.3102505935696038e-06,2.938322539358991e-07,1.0931842435237614e-06,2.6266939701075013e-06,-2.3445750477813467e-07,1.4865126977733407e-06,3.2684756501489227e-07,-1.121838670843683e-06,8.030190069342068e-08,5.555034267654032e-06,2.8702750966051927e-07,1.5548798214939333e-07,1.771549521824473e-07,-5.625953835816241e-07,3.545151195430715e-07,-1.3819568686776989e-06,3.152611384721029e-07,7.546096253309434e-06,-1.0653676421980633e-06,4.1975755187711697e-07,-1.4918218471469714e-06,6.569630618632537e-06,-8.107777025031756e-08,-2.0730175410063868e-07,9.406320335568396e-07,-1.1255552620701193e-06,1.8975222137182971e-06,2.9330408713574684e-07,1.030405303680158e-06,1.7481696992229944e-07,2.1498182703881607e-07,-4.949038355397715e-08,2.6030151608835077e-06,7.958552984086623e-07,1.2458928636382716e-06,9.413902020077663e-07,-1.5073574601640265e-06,1.1055923288876848e-06,1.941827674093259e-06,3.6157124647493157e-06,8.120317686334172e-07,1.3861460366964318e-06,1.6103657135091025e-06,1.0117626780690075e-06,1.3086737967509596e-06,6.340162557665403e-07,1.6457706762277436e-06,2.0887768727395507e-07,8.275636632350903e-07,2.4022942430844787e-06,3.989366664514434e-07,3.4943040122474195e-06,1.8533383827494682e-07,7.45116576322375e-07,9.536942661176372e-07,3.0582663076154616e-06
1166.6666666666663,-0.03531520651178403,0.3459693215345897,-0.2725555355333333,-0.0217970699996181,0.3619233644708122,-0.2615702704333333,-0.022136763113135054,0.36401993387840015,-0.2506734246333333,-0.023200965847779725,0.3633205212928135,-0.2541226700333333,-0.047426906094715615,0.37023557932898205,-0.2749651933333333,-0.04592424529042493,0.3705778422507574,-0.2891342281666666,-0.041594600765916194,0.36034613807426247,-0.2692727749333333,0.02180392814498337,0.3530998146261802,-0.1482691755666667,-0.10469688643446844,0.3054751064026818,-0.1635572889333333,-0.0066819118427010075,0.33951929546393517,-0.2228953913,-0.03867372953407183,0.3079942873268765,-0.254128704,0.10376856308504863,0.21934110140366048,-0.0040880729918666,-0.17056022943327157,0.2630334749546842,-0.03049042048,0.15168669632822826,0.04063176852884781,0.0611360807,-0.2551054728558692,0.14063276753167425,-0.2089899932333333,0.18977559226556426,-0.14452401654034105,0.0781506157133333,-0.19636889533191276,0.26817637623223045,-0.3877262225666666,0.18374231422137263,-0.18663074191861556,0.0934428208233333,-0.15832215661099394,0.3078763407057899,-0.4542406857666665,0.16141265385627607,-0.1958087603946841,0.07099096912,-0.1275032167053833,0.3543560823247617,-0.4402897519666666,0.18537883767384353,-0.1727079869134437,0.0725709100566666,-0.18058016297128,0.2891832263320842,-0.397624344,0.08173694423838691,-0.17267843455409335,0.04897834716,-0.08040222565428352,-0.18599015322258883,-0.04543548673,0.08269205235836816,-0.508745034415533,0.0681494648333333,-0.039747221857350135,-0.46004046373681917,-0.03414187096,0.07976554188279222,-0.7763770917355798,0.2711917951666666,-0.07403993892870626,-0.7779730363375419,0.2109617562666666,0.06240306320262442,-0.8088342225567215,0.2991757592,-0.07597586568254935,-0.8054120434839628,0.1944671401666666,0.09272088681047594,-0.8478628096624834,0.2530184025333333,-0.06265922761614058,-0.83764719225261,0.1140696715999999,onweer_g_ch1_g19_compr.mp4,ch1g19,1.8337676206723276e-05,0.0008033020663575353,1.5037069660763566e-05,0.0005196004575686092,3.643517979991861e-05,0.000804138436637251,1.3233435433248962e-05,3.1123533660031625e-05,2.4911951442364526e-05,1.1489090875364459e-05,6.87111211937231e-06,3.6237248924547044e-05,1.2414793655468583e-05,1.4189950155462531e-05,5.2509054363473e-05,3.855797225102572e-05,4.28141206509077e-05,5.408114583339258e-06,3.37861832005015e-05,1.0702291926015942e-05,0.0008274087355060559,1.1304655973914179e-05,1.0902699066186975e-05,9.741280124554851e-06,3.79467709190238e-05,6.476580140207929e-06,8.330081552630524e-06,7.383893639948214e-06,7.83154236376127e-05,9.008274577612252e-06,8.525759666530057e-06,9.53073063032354e-06,0.0008509697452638276,0.0009581704274267842,5.08081056371788e-05,0.00012362855119267815,0.00010244818260382623,0.00015036290590685755,0.00017879529742875915,0.00012713416962045548,0.00014786511034103433,0.0001119698916143477,0.00014764749543016398,7.28963078346731e-05,8.56267853725835e-05,5.250286333252069e-05,-0.00040169957634458614,0.0012513750593667842,-0.000747542877199033,0.008637088859159084,-0.00020528346189392397,0.013369515035284366,-9.697498472398525e-05,0.014153044654397338,-0.000124468257175319,0.013770733447788482,-0.00018301096277743728,0.013389506439585324,0.00014239930333557034,-0.00010898283957595254,0.0004949921701181663,0.00015464244803363472,0.0005905994775355275,0.0004858427261452352,0.0005726199168714825,0.0005193472071384343,0.0006597770612965384,0.00046362648507137236,1.5226254635890119e-06,1.0153985107116066e-05,2.035676218462496e-06,3.0558143763228015e-05,1.8599307560506747e-06,9.301101222172193e-06,2.6996382968580617e-06,1.343699059946512e-06,2.7474810752853027e-06,-5.155050337092095e-07,2.6040007255220543e-06,-2.8224441231165956e-07,1.609633796140332e-06,2.0139836315406617e-06,9.173714543286408e-07,1.0572374904091195e-06,3.7678226958246323e-06,4.198708268279148e-06,-6.355416202134982e-08,1.5748828176580974e-06,5.539272653585352e-06,1.288152832698859e-06,1.5396911427198072e-06,8.081318652730395e-07,1.4356972058521086e-06,5.864884997915826e-07,-4.6097095238881315e-07,2.6521912988960954e-06,7.795163481891689e-06,2.5998400592284277e-06,6.256515580196479e-07,-6.158489359378654e-07,6.083025724739288e-06,-1.9194751642544007e-07,-2.5689832171716062e-06,8.485879589477988e-07,-3.3562721035657474e-06,2.1308625776877157e-06,-2.0712210041776213e-06,8.969797079545152e-07,1.50875127850653e-07,-4.623962242030563e-09,2.2864540686405382e-07,2.9698263149993844e-06,7.913244168814953e-07,1.232682717287728e-06,8.506721299706523e-07,-1.7053856458024959e-06,1.0920438418205464e-06,1.91700823196056e-06,4.098243499765206e-06,8.445979536658197e-07,1.366914068680804e-06,-8.572144409726658e-07,9.3362705396722e-07,1.2974540101274917e-06,5.59255320544556e-07,1.856192503047148e-06,2.2772182101680894e-07,8.908245850072851e-07,2.698811380288916e-06,1.8522248776904134e-07,4.15169596268675e-06,1.924927997307223e-07,1.0034301708439878e-06,-1.479922889407865e-06,5.29680661064468e-06
1183.333333333333,-0.03526942246388074,0.3461096189351534,-0.2705671335,-0.021687238131033598,0.3620305374825797,-0.2594399463333333,-0.022045459899130652,0.3641754202424268,-0.2485698386333333,-0.023110039537309675,0.3635075782336111,-0.2520120824666666,-0.047424083229965046,0.37033953735420216,-0.2728720719333333,-0.04589956150045198,0.37070262525600867,-0.2870697577,-0.04159722167140553,0.3604332029993485,-0.2672109240999999,0.022030254110969837,0.35325343197949877,-0.1460206797333333,-0.10484314739868537,0.30546152067343707,-0.1614355404,-0.006617544434223228,0.3396222414632764,-0.2209576964333333,-0.03875884125064066,0.3080358640540533,-0.2522195006666667,0.10376255330063995,0.21892535622752762,-0.0019861525085333,-0.1702384382757728,0.2642655027397583,-0.0301597368499999,0.15126745163778088,0.0398725301927867,0.0616554170866666,-0.25487145785712173,0.1494442923764788,-0.2105988646666666,0.1896166821926922,-0.14468209688348008,0.0778835313966666,-0.1956189837840469,0.2816819128664198,-0.3871110251333333,0.18357695202260135,-0.1866471304238757,0.0933347198533333,-0.15735469171362895,0.3221921584825327,-0.4534062823333332,0.16142606284901434,-0.19583746642798874,0.0707941394333333,-0.12668230967698887,0.36832723218548047,-0.4389346781,0.1852330354299008,-0.17282864965934916,0.0722529593866666,-0.17993387547008982,0.302721392447117,-0.392707258,0.08170650705342272,-0.17253707648523642,0.0491288474,-0.0803771291304009,-0.18609797105362672,-0.04558875039,0.08286250387964317,-0.5081828583417318,0.0686880444233333,-0.039839957557469705,-0.45983397547038257,-0.03509412712,0.0799387266514322,-0.7757615983482044,0.2708549717999999,-0.07388270726666767,-0.7774794517218854,0.2096750409999999,0.06251455969299319,-0.8082361125753662,0.2987717897,-0.07579061470414789,-0.8048869598665331,0.1931381418666666,0.09292439096546844,-0.8471484882678085,0.2530336687666666,-0.06222488681821307,-0.837181184591817,0.11324322018,onweer_g_ch1_g19_compr.mp4,ch1g19,2.0267790948172583e-05,0.0008129561574531528,1.7715392523389184e-05,0.000549484265612638,3.9186094300619546e-05,0.000813130416046838,1.6660548303047577e-05,3.2558711176925945e-05,2.799789194509472e-05,1.1092241961463979e-05,1.1140559540647819e-05,3.6706812858910936e-05,1.478400746076401e-05,1.6857506830233098e-05,5.225018524332663e-05,4.062435959485364e-05,4.72040615742247e-05,1.2321482271170176e-05,3.4489688858625105e-05,1.3144464561561511e-05,0.0008331245072834009,1.3270754777649401e-05,1.3243964465253989e-05,1.1088710690278928e-05,4.0165032351151013e-05,7.164061481792899e-06,8.378524004565821e-06,1.1350330100513088e-05,8.60109185460539e-05,1.4635742521525847e-05,9.239231631928225e-06,9.222116490940191e-06,0.0008571275245055649,0.000982695061526315,5.294117925900193e-05,9.268776453579832e-05,7.578850176037449e-05,0.00011911328639324436,0.0001529477253874008,9.60920293693554e-05,0.00011320130360753163,7.533548943871221e-05,0.00010716783490019332,4.7932631437656314e-05,5.174733270586725e-05,2.0198813076430876e-05,-0.00046158542648323776,0.0013284708642246111,-0.0007678784156211926,0.009105047845180495,-0.00011386859088384182,0.013531100770263775,5.564638899291226e-05,0.01426061185742407,4.507578738714175e-05,0.01386742772716402,-8.214552174809385e-05,0.013539491787775117,0.00014984674395907786,-0.00011391319703163834,0.0005111330037090488,0.00011111407198307272,0.0005667825780949257,0.00042096885249380816,0.0005556519538916664,0.0004532271451420394,0.0006625004796135972,0.0003732303558683637,1.3304520213842098e-06,6.261239926127453e-06,2.9598683918981845e-06,2.6268659274097052e-05,4.186628586308017e-06,5.863036803647429e-06,3.6877796524431477e-06,1.3368051008769736e-06,2.6577236106924756e-06,-1.245875378445343e-07,5.599364033377974e-06,6.134092432988959e-07,3.024640014766703e-06,2.960156372821097e-06,-8.887411878338592e-07,2.176702470551201e-06,5.70238915003276e-06,8.525482886009159e-06,9.21718689163086e-07,3.136000186553431e-06,3.065639715234642e-06,2.2876081235562045e-06,3.0157616534382456e-06,1.4044256543302187e-06,3.448164848227961e-06,8.272118882913294e-07,5.457332885368753e-07,5.259780997642045e-06,8.09511092727997e-06,7.3706360715122435e-06,8.239345961711958e-07,5.6636194959114e-07,3.11075291093685e-06,-2.7740330830283e-07,-4.566403345532558e-06,6.949830164765414e-07,-5.302796929614319e-06,2.0884244620743523e-06,-4.082089841957919e-06,6.889444216643429e-07,1.479549836086321e-07,-2.6594451857696887e-07,4.443608400587903e-07,3.040051293372643e-06,6.668468262281888e-07,1.1064122190610468e-06,6.963986807049671e-07,-1.6550243161445802e-06,9.209466375221198e-07,1.665669619732032e-06,4.104696166147908e-06,7.45692774839985e-07,1.2151178737368663e-06,-2.9937673815924773e-06,7.839456924931373e-07,1.1650919544185299e-06,4.443446249773021e-07,1.8323862200444201e-06,2.237236440079044e-07,8.704315964945798e-07,2.7428447786664504e-06,-5.746510402998488e-08,4.324099666515761e-06,1.8074971458821575e-07,1.1550073881592895e-06,-3.621565729995051e-06,7.696362631640067e-06
1199.9999999999998,-0.03507014010754455,0.34602853552463864,-0.2689805343333334,-0.021402354283909665,0.36193836094783916,-0.2577030724666666,-0.02178342510952151,0.3641252974490664,-0.2468537856333333,-0.02284744186636709,0.36349044868444225,-0.2502741510999999,-0.04723698474479756,0.37025642477534637,-0.2711869115333333,-0.04568898197111893,0.370639480700939,-0.2854100306,-0.041405356720141694,0.3603290422545256,-0.2655514682333333,0.022329459246212626,0.3532204132095592,-0.1441353297,-0.10487688534871561,0.3053725608117153,-0.1598016708,-0.006449981552377803,0.3395074969658182,-0.2194035549666666,-0.0387175813114317,0.3078911130250159,-0.2507342945,0.10378451704917796,0.21836961352834822,-0.0003420078293566,-0.169800926382436,0.2655151626711211,-0.0302809931866666,0.1508768786223525,0.03897554623060792,0.0615946206,-0.25393687160963246,0.15863147431014188,-0.2125984181999999,0.18948286970417907,-0.14491505949536734,0.0770067188866666,-0.1948478847505097,0.29526200838128297,-0.3867636939666666,0.18345174008187942,-0.18671719275280108,0.0925989018766666,-0.15651537733369694,0.33651538504333367,-0.4529977498333333,0.16145698259067076,-0.19591055011479802,0.0698833730733333,-0.125900246548595,0.3822352655894614,-0.438089669,0.18510544462094783,-0.17303335661102912,0.0712922468766666,-0.17925364066771737,0.3162972915918854,-0.390306801,0.081674799320776,-0.17237558829780464,0.0492802499033333,-0.08034930318944467,-0.18622153082129728,-0.04574356141,0.08305549971301553,-0.5076433481603377,0.0687396529833333,-0.03987657849067538,-0.45975694530855105,-0.0363286625566666,0.08028980324241529,-0.775205824949525,0.2698635876,-0.07359294690117123,-0.7771073635785195,0.2081713240999999,0.06283149963776859,-0.8076894576999324,0.2976953218666667,-0.07547740875040732,-0.8044851343696052,0.1916027495666666,0.0933260094265698,-0.8464282940359353,0.2523753732,-0.06168797997441951,-0.836849652488717,0.11224559811,onweer_g_ch1_g19_compr.mp4,ch1g19,2.1776747095161617e-05,0.0008169816976310389,2.1167893959111448e-05,0.0005722065076141848,4.478921798983946e-05,0.000816912079785287,2.085323228836734e-05,3.400830575432889e-05,3.077085531047019e-05,1.1535918449055057e-05,1.8562434941428752e-05,3.781520346047687e-05,1.852024408443484e-05,2.030881313651682e-05,4.9938099577822295e-05,4.3582961431604045e-05,5.399812412281161e-05,2.3552490858231178e-05,3.5944052338675915e-05,1.710507905451355e-05,0.0008348561940813028,1.61533479472634e-05,1.7039614576678144e-05,1.2962936392465732e-05,4.4836756360948275e-05,8.114320625007688e-06,9.558641210055705e-06,1.817998389500865e-05,9.363207222236317e-05,2.4715775675661732e-05,1.0167624672233795e-05,1.0443810262841947e-05,0.0008590531115293745,0.0009988511937340735,5.746572560663016e-05,6.435716402719266e-05,5.058293300154866e-05,8.949111359131955e-05,0.0001276385085964596,7.166358012367278e-05,8.541005375372315e-05,4.594799316702179e-05,5.6240575262535365e-05,3.02611903703843e-05,1.5053629009096035e-05,-9.406339185867282e-06,-0.0005152054190237954,0.0013931657170655099,-0.00074755666080165,0.009442333393242889,4.031146265331524e-05,0.013598444657316081,0.00027942445825790906,0.014298980327659349,0.00028762710049640876,0.01389874525568103,8.361154931402382e-05,0.013602503572930356,0.0001573459030017554,-0.00011868728280588828,0.00052650633017276,6.759390352186083e-05,0.0005630990000524942,0.0003628464325979613,0.0005620200170459635,0.00039478220979860567,0.0006816040541688548,0.0002790770834109387,1.0840338869696401e-06,6.663801050823856e-07,3.7233458765307246e-06,2.019120286191261e-05,6.318643347486013e-06,7.695724610829385e-07,4.343281654622042e-06,1.3776678542024828e-06,2.129651804572769e-06,6.445571959229483e-07,8.723076150504918e-06,1.3153466903797455e-06,4.2305822542951766e-06,3.6959318634375346e-06,-2.724821226925519e-06,3.0283645796048857e-06,7.198815399261574e-06,1.2927020265510441e-05,1.738688015304613e-06,4.397799549784693e-06,-1.0820139882511765e-06,3.0800223233803546e-06,4.2630687841920835e-06,1.7885102620450436e-06,5.306711558061524e-06,1.0487373472983062e-06,1.433991504346356e-06,7.952353987609764e-06,8.325523688093672e-06,1.2365831378818802e-05,9.905929077747813e-07,1.9735947734005835e-06,-1.699322460247196e-06,-3.245264360533394e-07,-6.000791103545487e-06,4.744710049578575e-07,-6.729945035221203e-06,1.7657968091130332e-06,-5.552570966001457e-06,4.1436479660418563e-07,1.759873802791208e-07,-5.150843089669281e-07,5.649996288995239e-07,2.7885701094338835e-06,4.6658060678787645e-07,8.535837736835331e-07,4.749648939665061e-07,-1.367313736789854e-06,6.400769599528516e-07,1.208867793980781e-06,3.6259708458140987e-06,5.509517893079883e-07,9.245676652271305e-07,-4.614695887354297e-06,5.628194529555858e-07,8.99604238605126e-07,2.9653930046616615e-07,1.5710413318788526e-06,1.9458673071528605e-07,7.523789963179307e-07,2.5130270311725785e-06,-3.4562887648593386e-07,3.970141157608913e-06,1.496531264491835e-07,1.140402631788157e-06,-5.261794204254083e-06,9.45973074456707e-06
1216.6666666666663,-0.03484980594074759,0.34594572450977157,-0.2674733315333334,-0.02108653194956876,0.3618384646894129,-0.2560522299666666,-0.021492397149097026,0.36406287187399766,-0.2452217871333333,-0.02255503317163811,0.36346786031255984,-0.2486132655999999,-0.04700511040731427,0.37020636675392904,-0.2695703988,-0.04543295605693879,0.3706010422973124,-0.2838093508333333,-0.04116379621594123,0.3602521552141057,-0.2639544998333333,0.022657055327555964,0.35307712403696856,-0.1424257244333333,-0.10479430243627802,0.30533276279755545,-0.1582753508,-0.006264528853965386,0.3393625772896211,-0.2179610341333333,-0.038636082725911236,0.30775468656269744,-0.2493424729,0.10381871143274127,0.21770984694580361,0.0010328509289766,-0.16909631511952547,0.26686822689333534,-0.0305916951866666,0.15050219222652672,0.03818071391106454,0.0614505348166666,-0.252256422346557,0.16841627426138647,-0.2147983178333333,0.18936141542226276,-0.14500306919041664,0.0761230879766666,-0.1940439509439425,0.30888737605418526,-0.3868538807666666,0.18333661735743553,-0.18658818914228656,0.0918927066666666,-0.1559061311802139,0.3507491951087901,-0.4531675962666666,0.16151389226025006,-0.19577256928877815,0.0690177234533333,-0.12524202766104303,0.3959922491644995,-0.4377897465333334,0.18499757689721988,-0.1730867454218521,0.07035964802,-0.17852910397157448,0.32987853633709635,-0.390208572,0.08161795950256348,-0.1722034054562229,0.04943342316,-0.0802929399966894,-0.18635317784769517,-0.0459008701133333,0.08327238240135425,-0.5071138424142938,0.06868532807,-0.0397623208518411,-0.45979868390841694,-0.0380421469566666,0.0808700129256395,-0.7746230300454071,0.2682250474666666,-0.07294623816511121,-0.7767819225248918,0.2053786945,0.06342874858390435,-0.8071001203722241,0.2959189181666666,-0.0747990555329608,-0.80412332495619,0.1886728770333333,0.09404629738624568,-0.8456523546288279,0.2510046456666666,-0.060847716476857536,-0.8365672994123218,0.1097529184633333,onweer_g_ch1_g19_compr.mp4,ch1g19,2.2415844208931654e-05,0.0008133395211932063,2.4936020941116567e-05,0.0005884418298348645,5.2809598962637696e-05,0.0008133767998052914,2.5305499112662583e-05,3.534341975490975e-05,3.3008487196864706e-05,1.2616903377273077e-05,2.8706674032608793e-05,3.948268093257667e-05,2.3094437396272772e-05,2.4063516674355087e-05,4.596041677049608e-05,4.713609021669756e-05,6.246038716125199e-05,3.8351604435022466e-05,3.8063604175691354e-05,2.1969942125022167e-05,0.0008293419929947502,1.936964760609531e-05,2.1736400601543447e-05,1.4808547347482586e-05,5.162305380341271e-05,9.270311546908957e-06,1.1387966738634121e-05,2.7446050061766938e-05,0.00010146661090647319,3.870885730467413e-05,1.1240230055335114e-05,1.3125542872359585e-05,0.0008532100072520316,0.0010053112002797483,6.413873749017634e-05,4.50800670711852e-05,3.427469688548417e-05,6.86511764869606e-05,0.00011066762002159214,6.105172375042372e-05,7.13331406243903e-05,3.02779499136643e-05,7.217385855143595e-06,2.999544179150221e-05,-1.7616669103994123e-05,-2.9260684394964354e-05,-0.0005545422923641496,0.0014572528540013328,-0.00068795633804204,0.009655744156180654,0.00024865025888507126,0.013534468668869351,0.000560601021725806,0.014206871070031626,0.0005889623533788295,0.013808578124108685,0.00030512392072585,0.013540881255176454,0.00016383719853923343,-0.00012261655779619967,0.0005388589751255311,2.704138281359075e-05,0.0005791325893602968,0.00030715331421842385,0.0005901508675340058,0.0003386915069068075,0.0007125796184615591,0.0001771849886914117,7.660095753842974e-07,-6.3106280445976595e-06,4.2607026390706735e-06,1.2417089567987848e-05,7.8135131650436e-06,-5.696315069334435e-06,4.722014233415923e-06,1.4962628138095647e-06,1.2324872282862e-06,1.4623766925834955e-06,1.1830202151139834e-05,1.3776971469527952e-06,5.133387275612279e-06,4.200910542984042e-06,-4.135350151569072e-06,3.206952818640605e-06,7.967805946298308e-06,1.6819993677734703e-05,1.922534982863291e-06,5.319222750569768e-06,-6.573220687990698e-06,3.6454924720179472e-06,5.2004221861399815e-06,2.017069713198489e-06,6.640551693037551e-06,1.227765728740295e-06,2.1778412276438266e-06,1.0690035681833623e-05,8.117486746338978e-06,1.6861343499725903e-05,1.1135504357350087e-06,3.3369421293563104e-06,-7.962926224563824e-06,-3.20338703023344e-07,-6.726171261691082e-06,2.02722759474109e-07,-7.553903558704043e-06,1.227297372858814e-06,-6.339987685646405e-06,9.909941345090971e-08,2.292338099693558e-07,-7.052696348769279e-07,5.804793189346049e-07,2.2293590218705835e-06,2.4495321303879876e-07,4.945201609681941e-07,2.0420590155025005e-07,-8.934055823632857e-07,3.126298190592031e-07,6.284761044477805e-07,2.7199193361432043e-06,3.1372933210447215e-07,5.252151546228296e-07,-5.541789019116164e-06,2.9584759454624774e-07,5.243294885124168e-07,1.420788033596293e-07,1.1248571632688033e-06,1.4395489817798195e-07,5.558617865997082e-07,2.0227513319680897e-06,-6.950820494741054e-07,3.120842139348156e-06,1.0371921029991325e-07,9.457179085208564e-07,-6.188212919982461e-06,1.035338279507607e-05
1233.3333333333333,-0.03445365635258713,0.34607591525765596,-0.2660064393666667,-0.020573370683872667,0.3619581994849078,-0.2544433744666666,-0.021010066767155704,0.36421266602479246,-0.2436326329333333,-0.022064973518866698,0.3636610286548259,-0.2469890286,-0.04654008372131378,0.37036125853667307,-0.2680246298333333,-0.04494510766570616,0.3707641052636131,-0.2822711367666666,-0.040685732329870244,0.36037321383263493,-0.2624241982666666,0.023024164092074088,0.35312004502492883,-0.1408559417333333,-0.10454301453827597,0.30542731777176296,-0.1569888666,-0.005984311599775511,0.3394152880451061,-0.2165726680999999,-0.038413986985222144,0.30780499163791153,-0.2480395645333334,0.10383169512021043,0.21713733077163624,0.00213986091031,-0.1680446451241373,0.26840322658512145,-0.0312471002866666,0.15013277216697848,0.0375146798855525,0.0607315679466666,-0.2500706321314982,0.1784215767436034,-0.2171084597333333,0.18924864944182931,-0.1446535872069208,0.0745980086433333,-0.19318137306038868,0.32261841657949397,-0.3868388265999999,0.18323170438911224,-0.18587901162032547,0.0904724583666666,-0.15537693597361762,0.3651291468563283,-0.4531968432666666,0.16157905832307795,-0.19502001898254906,0.0674218165966666,-0.12464363569592025,0.4099466403282949,-0.4374419613666667,0.18489916633451703,-0.17267016612172717,0.0687600381066666,-0.1777845080964264,0.3436101680707443,-0.385677278,0.0815084202853941,-0.1720330029423833,0.0496158329933333,-0.08017900223864052,-0.18647923771603625,-0.04608710551,0.08349466450572991,-0.506583686690663,0.0686766464066666,-0.039528260810009826,-0.459802402349612,-0.0398643000633333,0.08154247265089842,-0.7740424278402065,0.2662376368666666,-0.07228158255857836,-0.776473372513331,0.2016133267666666,0.06413384631955127,-0.8065011056989027,0.2937152594666666,-0.07412300941151598,-0.8037807458352826,0.1846787340333333,0.09491791818766562,-0.8448920062800299,0.2492476035666666,-0.05997746529618019,-0.8363889401200613,0.1062372015633333,onweer_g_ch1_g19_compr.mp4,ch1g19,2.239231243313912e-05,0.0008013051548898845,2.8856871864127294e-05,0.000596655398165621,6.212475453849389e-05,0.0008019929468037202,2.9750232110676885e-05,3.658575218501182e-05,3.424648673163812e-05,1.4524067191135092e-05,4.078620133571558e-05,4.0914645704434015e-05,2.8301704003528016e-05,2.7980996853122224e-05,4.120636622431637e-05,5.061596365973934e-05,7.16413304654059e-05,5.5685935637916454e-05,4.01379556248826e-05,2.747887164815425e-05,0.000816777325881825,2.278955232513031e-05,2.7062703636229837e-05,1.667660069922892e-05,5.951321940597432e-05,1.0595293197202017e-05,1.387008598660674e-05,3.8368663212124165e-05,0.0001092422402427357,5.596759761039219e-05,1.2419776464409981e-05,1.72138293279038e-05,0.0008394247532212184,0.0010006286695609793,7.178355498168564e-05,3.5439149209157105e-05,2.721445057215837e-05,5.711862829913267e-05,0.00010252515882483897,6.267990346002721e-05,6.905674447293134e-05,2.6329047336266032e-05,-3.189329847928389e-05,4.494077712432685e-05,-4.374444679957513e-05,-3.912066142775548e-05,-0.000576100719028359,0.0015173689702837028,-0.0005943061339201844,0.009719533086995464,0.0004914359907540111,0.01332494738240033,0.0008801668725137935,0.013979576547894605,0.0009288752297248574,0.013598773148508303,0.0005623196749578233,0.013343931366652297,0.00016841407782744884,-0.00012517321314796528,0.0005494150208622552,-8.502093881703898e-06,0.0006073293472443529,0.00024460753248468627,0.0006315802931484854,0.0002738890352183278,0.0007507527038906469,6.012085337725441e-05,4.7268121660851534e-07,-1.3809626873186416e-05,4.275571235655837e-06,3.956705176205399e-06,8.73002404811076e-06,-1.2814633384721348e-05,4.604443399073756e-06,1.7744440989449796e-06,3.5643961528121437e-07,2.115762529794267e-06,1.4083482893055917e-05,1.2716602620847244e-06,5.385356127491052e-06,4.217970970809719e-06,-4.8873404087631045e-06,3.147924965402638e-06,8.15466957513116e-06,1.9204766770023046e-05,1.895063120092387e-06,5.574210241092555e-06,-1.292217614809942e-05,3.755360729612358e-06,5.476578455591947e-06,2.055239079360159e-06,7.510552462553732e-06,1.3397705161613145e-06,2.633170077033579e-06,1.2804581948041974e-05,7.184853473421296e-06,1.9672581146969944e-05,1.184169283591056e-06,4.252912618810724e-06,-1.5007700425130951e-05,-2.872153358759403e-07,-6.689498495849902e-06,-8.93602248008285e-08,-7.698405399778486e-06,5.641640479187733e-07,-6.398926005328043e-06,-2.1556924389925128e-07,2.866931777278494e-07,-7.862167460388083e-07,4.901180701795531e-07,1.406270704375513e-06,7.256223122521566e-08,7.8970178420066e-08,-8.517969961736892e-08,-3.156366090731587e-07,6.1170146614893435e-09,1.9576765515113996e-08,1.4836161541394456e-06,1.0420857687715568e-07,7.431725886174739e-08,-5.750530112297803e-06,1.5826265133439027e-08,9.40617449446421e-08,-7.403834360952222e-09,5.685565177735902e-07,7.68579475629589e-08,3.0728270494122544e-07,1.3088772168043205e-06,-1.0947193555456153e-06,1.8494180076987681e-06,4.7603008874347916e-08,5.977736976501409e-07,-6.337699284786789e-06,1.0287255312422906e-05
1250.0,-0.03402285388068816,0.34612907241359714,-0.2651226654,-0.020005207123675636,0.36202299669638877,-0.2534322174333333,-0.020475334232593106,0.3642997210883072,-0.2426394506666667,-0.021522602626298657,0.36379595538654724,-0.2459462344,-0.046015016697049674,0.37045859919036184,-0.2670919721333333,-0.044395536277754735,0.3708636232664693,-0.281333513,-0.04014626564800975,0.36043165433249086,-0.2614933783666667,0.023422664858888723,0.3531148451756501,-0.1399396981333333,-0.10422091670020522,0.3055120897815008,-0.1563895429,-0.005683656963634091,0.33938825287638913,-0.2157680530999999,-0.038154233362828485,0.30778763547269505,-0.2473529657,0.10385077994739708,0.21660978350504762,0.0026417708869766,-0.16690821886894106,0.2699947841313613,-0.0324323813633333,0.14980216916680653,0.037021432192619955,0.05945022411,-0.2477541911905732,0.1882469519723239,-0.2196565995333333,0.18914407594022944,-0.14387501688983143,0.0727412427466666,-0.19230200189295174,0.3360321140018462,-0.3869150271666666,0.18313531319034776,-0.1846266929750669,0.0887354024533333,-0.15493030941591113,0.37920295049945396,-0.4533863770999999,0.1616815694414216,-0.1936842694269164,0.0654155656666666,-0.12409467861525217,0.42369027502330264,-0.4372760339666667,0.1848117321864886,-0.17180528760175512,0.0667818717033333,-0.17703387030815657,0.35706943838618077,-0.387875,0.0813814373008133,-0.17186046320225046,0.0498004601166666,-0.08004555700075557,-0.1866059704611041,-0.0462766243133333,0.08373699893174574,-0.50599630609877,0.0683543920299999,-0.03922238228093592,-0.45977829675356274,-0.04199407839,0.08241697683281506,-0.7733478636317841,0.2635412335,-0.07154644308411384,-0.7761622907077251,0.1973402417099999,0.06506324611806501,-0.8057759399202703,0.2907906810999999,-0.07338511272749755,-0.8034348716633035,0.1801875752666666,0.09593675126620398,-0.8440883604027571,0.2467207361666666,-0.059082527452811326,-0.836271924688554,0.1021773264923333,onweer_g_ch1_g19_compr.mp4,ch1g19,2.205779564863327e-05,0.0007835780766918362,3.303223890331955e-05,0.0005973460749952347,7.177974919484386e-05,0.0007853575652350774,3.4173923806397014e-05,3.83954287673815e-05,3.412228484646396e-05,1.723191889835519e-05,5.5658851414510354e-05,4.2340627681654765e-05,3.397919084398432e-05,3.212470066653099e-05,3.607423538698187e-05,5.394365410152254e-05,8.06109740250075e-05,7.58712509376021e-05,4.225566382898977e-05,3.3377069038776516e-05,0.0007999868865014796,2.6561989322199116e-05,3.2814190727670224e-05,1.8636027297302215e-05,6.78175530042407e-05,1.2018864429089255e-05,1.6875660129126506e-05,5.177025975095601e-05,0.00011643909540020808,7.706838573974855e-05,1.3662591551983913e-05,2.2136363490573737e-05,0.0008202571508202009,0.0009873188167140979,7.990470337290285e-05,4.235819304793893e-05,3.586061476787717e-05,6.096982469516805e-05,0.00010966824988324437,8.038356464122102e-05,8.279971976441443e-05,3.821464921896298e-05,-5.292251958817924e-05,7.578912037471301e-05,-5.533537548565525e-05,-3.315894199587521e-05,-0.0005715384295866954,0.0015721358749062847,-0.0004656244637531937,0.00964985056997692,0.0007722559280948056,0.01301600423930266,0.0012383747130514558,0.01365938819375393,0.0013094596422113102,0.013316495375415106,0.0008599638245704811,0.013055940483911278,0.0001712626546074559,-0.0001265849235929738,0.0005703497060488199,-3.062625663620204e-05,0.0006520937349675602,0.00018982323974417166,0.0006880629010913494,0.0002163086216839764,0.0007963797255105766,-5.5311574261515435e-05,1.9010848688455004e-07,-2.0841476933087583e-05,3.963843416235684e-06,-4.070097056136787e-06,8.782787637323323e-06,-1.962419253237342e-05,4.155421273022761e-06,2.104330939826606e-06,-4.444271995991658e-07,2.5199678429166553e-06,1.4966868194443689e-05,1.012193645680333e-06,5.1663079922870105e-06,3.913842138251955e-06,-4.824799290630241e-06,2.9059121416886965e-06,7.760024931526985e-06,1.9720981086176618e-05,1.6579228848135955e-06,5.330287892794099e-06,-1.915717452319855e-05,3.585696883859895e-06,5.268123783138495e-06,1.9651228976649878e-06,7.646951480667332e-06,1.3896330133997335e-06,2.8127261708241394e-06,1.3721889373504069e-05,5.761564698756601e-06,2.0416709715388122e-05,1.20887878314684e-06,4.679705672715981e-06,-2.1802627113814727e-05,-2.3233018279657698e-07,-6.028194275399989e-06,-3.8082179950822374e-07,-7.234481202482033e-06,-1.1206543849089738e-07,-5.858196860805776e-06,-5.020650180597512e-07,3.085081112672393e-07,-7.27030086177728e-07,3.0498883200322453e-07,3.4995197014793174e-07,-4.292137983028995e-08,-3.478741911699799e-07,-3.7004445087590093e-07,2.6859037316113216e-07,-2.3403559589577083e-07,-5.167934393217865e-07,2.1645813012527906e-08,-6.191251277666198e-08,-3.742478675164817e-07,-5.37574675740415e-06,-2.5848795321298243e-07,-3.433677676256068e-07,-1.3902892519540202e-07,-7.256166940377171e-09,2.143067367677258e-09,3.8472723967485205e-08,3.879030312164297e-07,-1.4998802284352406e-06,2.5992779840175893e-07,-1.2114699672908513e-08,1.530278357704199e-07,-5.831066278643336e-06,9.42865070098648e-06
1266.6666666666667,-0.033572020682560696,0.34619075005280525,-0.2642320309333334,-0.019418728586278893,0.362083957099236,-0.2524605345666667,-0.019923223983994588,0.3643824826809811,-0.2416880105333333,-0.02096230650126002,0.3639266061124134,-0.2449394642666666,-0.04543848818113982,0.370565857383237,-0.2662254318666666,-0.04379510450522763,0.3709702135594239,-0.2804452229666667,-0.03955128056703439,0.36049666961332444,-0.2606215551333333,0.023789369301846258,0.35307001767442703,-0.1392661779999999,-0.10380687806182186,0.3056341485062708,-0.156043076,-0.005378353731754541,0.33935464461316617,-0.2150178456999999,-0.03786733029754581,0.3077825156879408,-0.2467542330666667,0.10380538424816751,0.2160835148983557,0.0029345508269766,-0.1657139424075317,0.27160376341512016,-0.03393078824,0.1494351621622694,0.0366580702534713,0.05803345014,-0.24532176156491622,0.19772669630973896,-0.2219125786999999,0.18891191674625982,-0.1428555918483292,0.07079491963,-0.19126868176614562,0.34858696475900575,-0.3863636643333333,0.18293273330754262,-0.18308586502324287,0.08688767189,-0.15444510301963807,0.39236455692031336,-0.4529839305333333,0.1616754035583454,-0.19206228116433133,0.0632739560666666,-0.12348476844930856,0.4365227850348105,-0.4366360032666667,0.1845983641449739,-0.1706922334174471,0.0647007162966666,-0.17613107913825052,0.3696743607994518,-0.393674791,0.08122013729474149,-0.1716924660714055,0.0499951280166666,-0.07987659221567099,-0.18672817722092058,-0.04647461828,0.0840560144742828,-0.5054141607148906,0.0677783267966666,-0.03888012879768462,-0.45981210264838945,-0.0442138945,0.08339042190129083,-0.7726683755075647,0.2605786417666667,-0.07088924634984556,-0.7760481340170788,0.1931572771433333,0.06609588136589754,-0.8050489426049002,0.2876017278,-0.07275107673070402,-0.8032979255390594,0.1758087004233333,0.09705385567349359,-0.8433243711332891,0.2439079745999999,-0.058230083068277844,-0.8364895640481045,0.0981721853423333,onweer_g_ch1_g19_compr.mp4,ch1g19,2.2553342768557792e-05,0.0007601910635432822,3.744247343723395e-05,0.0005898444238131304,8.032424805828822e-05,0.0007635349419832356,3.857739790471864e-05,4.0653598518707074e-05,3.254497457319993e-05,2.0191427332237315e-05,7.140405551162497e-05,4.34289562370857e-05,3.961097401819781e-05,3.645040706033565e-05,3.105198390533206e-05,5.6103163374081056e-05,8.801708849423563e-05,9.678943716590222e-05,4.4026685744547153e-05,3.8994762580737895e-05,0.0007791132478258089,3.039792500871036e-05,3.844740730880306e-05,2.051189210941867e-05,7.53141814210363e-05,1.3431388558852588e-05,1.9789636226718468e-05,6.60366417470046e-05,0.00012289565749591907,9.957179247521384e-05,1.4882338284738139e-05,2.7256264898182973e-05,0.0007959783605263181,0.0009649517921389594,8.723860946146427e-05,7.195961622261596e-05,6.572731889143354e-05,8.57262816714133e-05,0.0001379851976473492,0.00011805356937038442,0.00011622661303368425,7.009555655919927e-05,-4.987350929575349e-05,0.00012458072860744107,-4.4321815649271036e-05,-5.887779733205673e-06,-0.0005390140559287244,0.0016242119325326752,-0.00031263922458180587,0.009437168896679912,0.001061631526162255,0.012605476402449231,0.0015990541262128292,0.013248579423959796,0.0016880058411890017,0.012962259105438167,0.0011649461236118654,0.012675657789904883,0.0001715842826194196,-0.00012636199018597322,0.0006017376683273523,-3.508670589389661e-05,0.0007083978589311693,0.00014989747449462113,0.0007531256754659265,0.00017252568263835378,0.000840089331933976,-0.00016039086356195044,-1.261356894761535e-09,-2.6099944090735583e-05,3.4143116587039528e-06,-1.0915608593404977e-05,8.26124184317422e-06,-2.4756251408662346e-05,3.493033826212346e-06,2.462963527307021e-06,-1.1006993840295201e-06,2.642806792969252e-06,1.4685040281973718e-05,9.525631214215551e-07,4.550253238486247e-06,3.3816540308816826e-06,-4.134252915305017e-06,2.5945762151585945e-06,6.986301766091131e-06,1.8774747486109596e-05,1.5314551955688799e-06,4.676409518966685e-06,-2.3771811699362414e-05,3.183215413295667e-06,4.653174902387153e-06,1.7799639546128927e-06,7.300266485696946e-06,1.357854586355587e-06,2.7162608822626487e-06,1.3598220115088099e-05,3.981225103844461e-06,1.9549888549289433e-05,1.1746395885398564e-06,4.543479822915394e-06,-2.6896963228636746e-05,-2.0236169637549262e-07,-4.910730837413868e-06,-6.476073491852054e-07,-6.2248877060643105e-06,-6.825099807203676e-07,-4.88209245567815e-06,-7.400316595137314e-07,2.750620747445489e-07,-5.422764995561095e-07,7.972310108474038e-08,-7.940320665576121e-07,-7.711136990469277e-08,-7.278122599972453e-07,-6.264197286714558e-07,7.637187790031009e-07,-3.6727954677326404e-07,-8.927572071029465e-07,-1.4651348825029792e-06,-1.484100904309021e-07,-7.551650785860247e-07,-4.598622148512713e-06,-4.954484551347961e-07,-7.282746939890776e-07,-2.414501297884343e-07,-5.047450312968233e-07,-7.191672176795038e-08,-2.0432432651257557e-07,-6.252851498075753e-07,-1.8648473738663965e-06,-1.4061635662122562e-06,-6.981217413900141e-08,-3.208354189329365e-07,-4.846683279156834e-06,7.989915656789499e-06
1283.3333333333337,-0.03304607792504857,0.3462995007158743,-0.2632887308000001,-0.01875226352006521,0.36218053103720244,-0.2514422094333333,-0.019288328351467262,0.36449821876656935,-0.2406868134333333,-0.020318705212313774,0.36409703101316304,-0.2438922543666666,-0.044751224113703615,0.37072172368930517,-0.2653074110666666,-0.04308786231232617,0.37112147974266346,-0.2795134682666667,-0.0388464409358607,0.3606006549079328,-0.2597022379333333,0.024190683183318892,0.3530280218161821,-0.1385160451,-0.10328828295806017,0.3057961991608498,-0.1556174491666666,-0.005031915180912477,0.33932865405638934,-0.2142080460666666,-0.037511101764511126,0.3078053289893993,-0.2460861981,0.10374365444267704,0.21556137620334387,0.0033050210136433,-0.16437755996198553,0.2732674596695409,-0.0352771942066666,0.14908857326934477,0.03645562668902282,0.0566635488299999,-0.24258325581002424,0.20704836371983476,-0.2237794031333333,0.1886336292383656,-0.14156755057324827,0.0688741778933333,-0.1900250288465178,0.3609948557238539,-0.3846540531,0.18265554643674684,-0.18120429335469979,0.0850779141966666,-0.1538375823266876,0.4054422151013489,-0.4513342219999999,0.16161768801260162,-0.19009235925924733,0.06116614292,-0.12280560912988185,0.4493401784582129,-0.4347110573666667,0.18434112271639538,-0.16928524864840527,0.0626440974533333,-0.1750545160217464,0.3821733684231031,-0.393749148,0.08102055798791685,-0.1715256058253645,0.0501890641466666,-0.07966874263222058,-0.18685088467185829,-0.04667250458,0.08440656248790815,-0.5048383298808463,0.0672664392499999,-0.03850056084693893,-0.45987139161496376,-0.04635675977,0.08457312960489097,-0.7720173145199827,0.2575717747,-0.07020155474470931,-0.7759891721688255,0.1890184716766666,0.06736671579424207,-0.80434797011884,0.2843684460333333,-0.07209285572219958,-0.8032214678342899,0.17147880519,0.09836748287222226,-0.8425606482977485,0.2410841553666666,-0.05737127217629209,-0.8368213038730535,0.0942514174789999,onweer_g_ch1_g19_compr.mp4,ch1g19,2.294172563718278e-05,0.0007294029793939004,4.114342980961667e-05,0.0005739156244062617,8.769528520020714e-05,0.000734130079061693,4.218173627111029e-05,4.2963505448861214e-05,3.047806766644296e-05,2.3320416837265494e-05,8.67500126542819e-05,4.420739100209697e-05,4.439044135931076e-05,4.008526393576425e-05,2.6988429120001387e-05,5.822373003008994e-05,9.351447510986553e-05,0.00011608137023669321,4.540888429208236e-05,4.379335495075274e-05,0.000751012426100199,3.3884808858680246e-05,4.330433642436008e-05,2.2453120490086895e-05,8.192422120750056e-05,1.4786916862208997e-05,2.2652661151402353e-05,8.01197802934461e-05,0.00012673173289970703,0.00012066564084699301,1.6027400672507265e-05,3.2003697073568144e-05,0.0007641776760815166,0.0009319631992664534,9.366720233415327e-05,0.00010316529130735398,9.523393423121068e-05,0.00011007656731984714,0.0001653214829271978,0.00015403615036975975,0.00014825670628244367,0.00010068909680209642,-4.508613921165125e-05,0.0001708875630596266,-3.143906348325513e-05,2.33324558637375e-05,-0.0004989966915362394,0.0016476770824143336,-0.00017393820598959097,0.009086223708466503,0.0013190511018440138,0.012067613759469525,0.0019162370236954157,0.012708500138104973,0.002026842468042788,0.012485082917427243,0.001439322571434763,0.012165971675945646,0.00016983539055242554,-0.0001251201006767353,0.0006316938989462558,-3.857121507421814e-05,0.0007685779286409915,0.00011317476951810597,0.0008210022148213229,0.00013122584913140915,0.0008733855654566506,-0.00025537809683264824,-2.1581831799123286e-07,-3.012129319956887e-05,2.5820282558006555e-06,-1.6340081203519318e-05,7.1667765545854345e-06,-2.8827040858412648e-05,2.5995487373627655e-06,2.80731371469077e-06,-1.5581868757808643e-06,2.475042154761617e-06,1.3278808639242703e-05,9.181420506864245e-07,3.5272531940335136e-06,2.580605114354359e-06,-2.865623307860033e-06,2.13548233609977e-06,5.8918197511725205e-06,1.6488451377330023e-05,1.371899090597161e-06,3.619923530222052e-06,-2.763600529486009e-05,2.5265127214051047e-06,3.62299114768393e-06,1.478797565832896e-06,6.451884031315409e-06,1.238656546640654e-06,2.3217593828091547e-06,1.246431471179728e-05,1.8686378271210851e-06,1.7180036300470047e-05,1.0744016287127668e-06,3.8061006440069453e-06,-3.096085957477506e-05,-1.8133853991825966e-07,-3.4167106292666178e-06,-8.4060450462225e-07,-4.753051416300559e-06,-1.0903960545901004e-06,-3.5170537746350744e-06,-8.920142698102725e-07,1.793506504357583e-07,-2.929922149878537e-07,-1.3214207223735376e-07,-1.8471840997739826e-06,-3.362858543855934e-08,-1.0026840946685668e-06,-8.088541251232048e-07,1.09313549277503e-06,-4.314123229774601e-07,-1.0747109920086807e-06,-2.7229087759675526e-06,-1.4879624315870098e-07,-1.0206175692679685e-06,-3.4374678404833406e-06,-6.636558012889031e-07,-1.0075148698249465e-06,-3.147322337096438e-07,-8.772128278363249e-07,-1.3611245668392112e-07,-3.9890832695652003e-07,-1.5811458016824284e-06,-2.07457062094079e-06,-2.8423971466202904e-06,-1.1860660943322304e-07,-7.560527142358731e-07,-3.4422302482524013e-06,6.1611992778908485e-06
1300.0000000000002,-0.03246128529242178,0.3464205950933182,-0.2625449979666667,-0.018031979643937334,0.36228432038667874,-0.2506093934666666,-0.01860192425448666,0.36462027574769906,-0.2398656938666667,-0.019624133992742904,0.3642746491726177,-0.2430236408666667,-0.04400278757676305,0.3708946054075747,-0.2645991708,-0.04232261839374332,0.37128821089902253,-0.278782765,-0.03808261283876684,0.36071778976449637,-0.2589837099,0.02457709341516314,0.3529906380004039,-0.1378985827,-0.1027253702105983,0.30598412331964336,-0.1554676681666666,-0.004638725647679343,0.3392978939292651,-0.2135700940666666,-0.03710063738829353,0.30783693875519674,-0.2456284761333333,0.1036615683819221,0.21508307768048074,0.0034524084003099,-0.16302556313337027,0.27491357314269754,-0.03674211035,0.14873056239023313,0.036386711485499955,0.0553074730033333,-0.23951585250650786,0.21574357750657416,-0.2257001836666666,0.18822886476454695,-0.14011932822026454,0.0673378186266666,-0.18845866429891106,0.3726232726943877,-0.3831959059333333,0.1822279422781937,-0.17913022746088866,0.0837584309,-0.15292010862072988,0.417751147571731,-0.4498611100666667,0.16147935629472793,-0.18792163253130625,0.0594971459966666,-0.12185505505489498,0.46147383544969267,-0.4330416743333334,0.1839796102077337,-0.16771151779287138,0.06097148557,-0.1736669728882017,0.39392402725778847,-0.394720525,0.08079818495985475,-0.1713597112358088,0.0503868478799999,-0.07943970579463114,-0.18697405672857006,-0.0468734297266666,0.08476172531953234,-0.5042147760167699,0.0667897591733333,-0.03807766794969247,-0.459923501815055,-0.0482538046833333,0.08575395614375392,-0.7712717786227176,0.2547245194333333,-0.06948365726990943,-0.7759191682764267,0.1851006134099999,0.0686336356333112,-0.8035534734357286,0.2813061749666667,-0.07140895486787177,-0.8031389498653009,0.1673807099533333,0.09970104442247363,-0.8417467322086363,0.2383512496333333,-0.056482792204259655,-0.8371424173548133,0.0905100513189999,onweer_g_ch1_g19_compr.mp4,ch1g19,2.2875518294508894e-05,0.0006974924893264473,4.3618379242114026e-05,0.0005538120475064444,9.353896135422138e-05,0.0007037512923080083,4.444520003007967e-05,4.569472070730915e-05,2.821840196572385e-05,2.565432623003875e-05,0.0001006945370072988,4.4157866701079975e-05,4.7587608349000505e-05,4.2476007031893674e-05,2.479117236961552e-05,5.93615460325684e-05,9.755510358578147e-05,0.0001325966804425016,4.584311554695777e-05,4.6968386018607075e-05,0.0007225212406952994,3.630508057862613e-05,4.660031450295168e-05,2.3849801543305997e-05,8.722345506798914e-05,1.5941601485852992e-05,2.4816819574934887e-05,9.340221555779751e-05,0.0001277638848551828,0.00013823304751998586,1.6993179924289475e-05,3.5809151785754486e-05,0.0007319534268913117,0.000895847159245733,9.853690860306732e-05,0.00012768297305645364,0.00011754126040748769,0.0001275661775907916,0.0001852427829926669,0.0001792682573248237,0.00016952435843913989,0.00012022015741073176,-3.765347572521565e-05,0.0002031339455461969,-2.044989021657023e-05,4.5886586894252754e-05,-0.0004571389273590762,0.001640591541834563,-5.958141477797471e-05,0.008675722093589109,0.0015231529562466572,0.011508282161285775,0.0021668833595819706,0.012157730444597985,0.0022944066851193273,0.011997869462562802,0.0016591147240043905,0.011637053804532423,0.00016702807050463848,-0.0001235086723386952,0.0006686600375365953,-4.404190862751067e-05,0.0008281160586833369,7.667610142865894e-05,0.000886960073608806,8.963903511048747e-05,0.0009077340664449127,-0.00033960070765431954,-4.2339297444764577e-07,-3.1989425670719106e-05,1.587312210017535e-06,-1.9714567749231127e-05,5.8403069308155455e-06,-3.084102721429507e-05,1.5891989203643835e-06,3.029122687886519e-06,-1.704175760918437e-06,2.0759722387282764e-06,1.0872629389511686e-05,1.022959922138192e-06,2.2967639900281514e-06,1.6278546245124006e-06,-1.3743221488088265e-06,1.7598697577481488e-06,4.724124668679925e-06,1.3138169807364517e-05,1.3175044771245902e-06,2.3773609678162097e-06,-2.9665160110261246e-05,1.7222795929733617e-06,2.3794675800072552e-06,1.087603208212661e-06,5.373475365233418e-06,1.0621669163027408e-06,1.7318648433280812e-06,1.0377697369381753e-05,-2.857598099094902e-07,1.3615508269399212e-05,9.279946302881343e-07,2.656439580334883e-06,-3.290914734174241e-05,-1.6195772136070545e-07,-1.905305261170753e-06,-9.308014012612634e-07,-3.105161946351704e-06,-1.3161537204628498e-06,-2.118087610875329e-06,-9.371450474607269e-07,1.1792663786454956e-08,-2.541189007608536e-08,-2.699582659115029e-07,-2.6209813634721834e-06,6.111307127926883e-08,-1.130838847588981e-06,-8.900303759432619e-07,1.216352739609208e-06,-4.333766037699727e-07,-1.098112089058293e-06,-3.544362128579457e-06,-7.975368800271467e-08,-1.1321290203286254e-06,-2.245394549320367e-06,-7.338845389367623e-07,-1.1381959052180623e-06,-3.444643855456815e-07,-1.1029443515861372e-06,-1.8014478712230666e-07,-5.14014849525412e-07,-2.320094563318137e-06,-2.0691841154826916e-06,-3.7704346380673302e-06,-1.5168420789691269e-07,-1.0845930585589697e-06,-2.0061470606074795e-06,4.48715629560737e-06
1316.666666666667,-0.03184428838989257,0.34652685317995263,-0.2625067417,-0.017283606825609626,0.36237556961929995,-0.2505140041666666,-0.017888599942694736,0.3647202248298458,-0.2397738997333333,-0.018903460782070072,0.36443207955246193,-0.2428782780666666,-0.04322470304067082,0.3710491598102467,-0.2646205768333333,-0.04152854513219779,0.3714341119587672,-0.2787885486333333,-0.03729033107597981,0.36081264633127696,-0.2589896594333333,0.024948894801189225,0.3529358776102444,-0.1380021592,-0.1021321751505749,0.30617833095717645,-0.1560354128333333,-0.004224370813593998,0.33925049750303743,-0.2136105631333332,-0.03665911877573895,0.3078645583291981,-0.2458592862,0.10356920802177766,0.21465226613879468,0.0029585432663099,-0.16167016391977077,0.2765193979242125,-0.0387113529433333,0.1483430561233571,0.036403191914609924,0.0533057348266666,-0.23623643011007942,0.22392880545554356,-0.2278329044333333,0.18772701480876727,-0.1385352637873795,0.0650264600166666,-0.18672377195959458,0.38363622100293465,-0.3822712184,0.18171755863321704,-0.1768991018222384,0.0816136412166666,-0.1518377706253015,0.42943045230770743,-0.4491690812666666,0.16130110988172738,-0.1855502380820736,0.05700173353,-0.12073956583004604,0.47304664459238227,-0.4322501336,0.18354483365698848,-0.1659863228055805,0.0585125032766666,-0.17209932796564248,0.40508202644430585,-0.393190652,0.08056302439812063,-0.1711950440940101,0.0505906618666666,-0.07919888770381156,-0.1870963922950844,-0.0470807882033333,0.0851393483226134,-0.5035107410126283,0.0665213153733333,-0.03765033474995629,-0.45994007594338354,-0.0497020233633333,0.08698317634236666,-0.7703482702068728,0.2521355389666667,-0.06874112145125852,-0.7757979682515419,0.1813874052433333,0.06995046886885392,-0.8025650280885187,0.2785331706999999,-0.07069584728683147,-0.803004452040466,0.1634802140266666,0.10106774039459819,-0.8407239987786446,0.2359484274666666,-0.05556053028529719,-0.8374545520617962,0.0869711100289999,onweer_g_ch1_g19_compr.mp4,ch1g19,2.2277896200365845e-05,0.0006653518740714906,4.414541881927158e-05,0.0005317598274082987,9.816164980468295e-05,0.0006729603017229928,4.486543897384277e-05,4.914795501544958e-05,2.657342081699915e-05,2.7522510226442268e-05,0.00011071874606224189,4.468230724774332e-05,4.841946802996441e-05,4.299132710896014e-05,2.4159607515147845e-05,6.0889390308391116e-05,0.0001010690161587625,0.00014381323546535074,4.657403511257994e-05,4.7813748215026595e-05,0.0006936543345511009,3.705246388184249e-05,4.753369581794608e-05,2.4351534544164986e-05,9.161774321696242e-05,1.6884831991743688e-05,2.5827501367953388e-05,0.00010327902551680008,0.00012550177959842073,0.00014944071037381417,1.7821673210378317e-05,3.7591747600400565e-05,0.0006994198743292198,0.0008583192145832075,0.0001027762210768478,0.00011952680769192797,0.00010742110009421303,0.00011306838976349247,0.00017212236693881817,0.0001680103771762355,0.00015502722928999974,0.00010483990330625315,-5.15597779884633e-05,0.00020148503245210082,-3.516466047460488e-05,3.9118995904575584e-05,-0.0004230820696667462,0.0015959848798149964,1.9366112051685144e-05,0.00824135968839714,0.001650727988299387,0.010943288471848146,0.0023269132230349285,0.01159998655945051,0.0024679783085706374,0.011502285099258458,0.0017995234328826546,0.011099303683982134,0.00016519261019928356,-0.00012296980079166324,0.0007216982132428842,-3.370910358620041e-05,0.0009018190215005136,7.021053167278743e-05,0.000964910622186036,7.985849059226147e-05,0.000964356872750398,-0.0003786540057638728,-5.549365442077183e-07,-3.261686828695274e-05,6.01953551682688e-07,-2.154965243987116e-05,4.418709432010874e-06,-3.175190114637763e-05,6.244446759484009e-07,2.9888539672564747e-06,-1.5183604819767476e-06,1.676488976581186e-06,7.83555240203815e-06,1.2251887150549644e-06,1.0788628487883813e-06,6.850187455318362e-07,1.788005828718956e-08,1.4256325080618338e-06,3.5907636977000896e-06,9.206024389897187e-06,1.3593569851406583e-06,1.1706450795737884e-06,-3.0808162701024894e-05,9.308404559831477e-07,1.1524648858714995e-06,7.125362187814667e-07,4.166007776723302e-06,8.583591202641814e-07,1.1083487854244443e-06,7.662770194448871e-06,-2.3563008349453985e-06,9.369291311337082e-06,7.587599055255301e-07,1.3369517307361833e-06,-3.3653230199231094e-05,-1.4648903634744993e-07,-5.558547910142335e-07,-8.958408785529117e-07,-1.5300272217035343e-06,-1.3633573060902538e-06,-8.44855635642441e-07,-8.678758051140757e-07,-2.16928988471551e-07,1.9627110923015965e-07,-3.332942547453418e-07,-2.939380778219218e-06,1.1906484845675587e-07,-1.0884748611030712e-06,-8.527620551270095e-07,1.1455556734705843e-06,-4.455005678697206e-07,-1.017508439608146e-06,-3.769631887436254e-06,-2.09883297585483e-08,-1.0734457255431412e-06,-1.1433161878597203e-06,-6.943481744453619e-07,-1.0964986570120968e-06,-3.290132125103801e-07,-1.185447430305939e-06,-2.0235062212682486e-07,-5.364041669269866e-07,-2.6727033259780824e-06,-1.8221412601963861e-06,-3.983050822900451e-06,-1.701611091172325e-07,-1.2399070469225842e-06,-6.93723216491401e-07,3.3325063717211797e-06
1333.3333333333337,-0.03122864855961395,0.34667516335008,-0.2623175694666667,-0.01654146056617607,0.36251337781637216,-0.2502533728999999,-0.017181135744387527,0.36486330616625046,-0.2395234509333333,-0.018188621187268744,0.364635182470136,-0.2425681789333333,-0.04245104832236019,0.3712501500649435,-0.2644876704,-0.04073973306462064,0.3716200359050792,-0.2786272425666667,-0.03650248716601108,0.3609448185403653,-0.2588391219333333,0.025277992528275294,0.3529240398945168,-0.1379494378999999,-0.10154781085600774,0.3064223171763588,-0.156488503,-0.0038119503401335387,0.33924429071587897,-0.2135104456999999,-0.036218064971906744,0.30793318214473026,-0.2459515720666667,0.10338694394750289,0.21425900457321528,0.0025929164219766,-0.1603673140177313,0.2781353089492419,-0.0405652009433333,0.14786571425865275,0.03644834056004288,0.0514808800766666,-0.2328810951965551,0.2320449216841729,-0.2296276579,0.18709806386398822,-0.13694750486691296,0.06275783001,-0.18478343405063602,0.39442443124997245,-0.3807079236666666,0.18106987024581586,-0.17468060287360485,0.0795094869833333,-0.15053400199642186,0.4408598366168879,-0.4477441348666666,0.16103537946974142,-0.18320497321776252,0.0546091911066666,-0.11944934588520455,0.48437229580591845,-0.4306962246333333,0.18300661960047668,-0.16426021065901064,0.05612079668,-0.17034938724027515,0.4160321709222141,-0.372868747,0.08030662583946155,-0.17103011446777117,0.0507742475266666,-0.07893638841133152,-0.18722011946992917,-0.04726912994,0.08551556660061678,-0.5027583790215335,0.0661085962966666,-0.037214611622722174,-0.45996459220955843,-0.0511022147,0.08819633674932821,-0.7693551616799473,0.2492764656,-0.0679617801851173,-0.7757045377537091,0.1776710854433333,0.07125226010121184,-0.8015023279972076,0.2754626438666666,-0.06994453470697491,-0.8029026731366375,0.1595544742899999,0.10246988639984976,-0.8396481252575176,0.2331264477666666,-0.0546029740202619,-0.8378196326584226,0.0833849954756666,onweer_g_ch1_g19_compr.mp4,ch1g19,2.1557474812909226e-05,0.0006331177824709473,4.366950525467726e-05,0.0005090677425161838,0.00010181808793007879,0.0006413676517309417,4.4494210950515504e-05,5.2657913686705485e-05,2.5439774448917266e-05,2.8605583930324847e-05,0.00011661981830933218,4.5528069868054134e-05,4.817294185098433e-05,4.267312001689358e-05,2.50263049954046e-05,6.191431970213822e-05,0.00010445912240513171,0.00014995103505798896,4.739783939731488e-05,4.7731256842179036e-05,0.0006630391919741519,3.71125545319935e-05,4.738862782083868e-05,2.477787741089575e-05,9.519665073172354e-05,1.7601337850840694e-05,2.6413719557846906e-05,0.000109441368862932,0.00012066149108287265,0.00015403642007359562,1.8485057638831086e-05,3.7973918524946164e-05,0.0006662106808249215,0.0008201169563615721,0.00010634358227025933,9.224328171479891e-05,7.868029269209043e-05,8.080341863936564e-05,0.00013905044905732444,0.0001376611637038927,0.00012227373261612396,7.259025195294521e-05,-8.200170198281369e-05,0.00018314203201697204,-6.455640269971924e-05,1.633299247013377e-05,-0.0003928450241948622,0.0015234093050866362,8.095791912831413e-05,0.007804825841547916,0.0017226682177493608,0.01037629393743804,0.002412428025083187,0.011030353285932416,0.0025606683347118085,0.010976954948777129,0.0018792242816484679,0.010547488993647986,0.00016486410774098855,-0.00012404788177272183,0.0007804205053083342,-2.764642654927444e-05,0.0009833896073163024,8.732533140945425e-05,0.001048893480875799,9.516432827137791e-05,0.0010414529843375151,-0.00037731855281408555,-6.352938045591918e-07,-3.253258080386458e-05,-2.9404806134862396e-07,-2.229375675629391e-05,3.066279502785751e-06,-3.202898490021945e-05,-2.1087572221027687e-07,2.6858573167069406e-06,-1.1510820557213825e-06,1.3712757097706128e-06,4.7826848219009295e-06,1.4230925462379799e-06,-6.122240060241073e-11,-1.6423921592143828e-07,1.0354489836429344e-06,1.0547860084444159e-06,2.60451111127266e-06,5.452204480165826e-06,1.412807709852901e-06,1.2875024208249687e-07,-3.146056738202999e-05,2.246736926989689e-07,6.924703660273002e-08,3.8215794618792293e-07,2.969234660835722e-06,6.389870352907058e-07,5.309020908416583e-07,4.842078907290142e-06,-4.129617209449356e-06,5.395493893115583e-06,5.745701008939473e-07,-1.6456295598793298e-09,-3.36764658708191e-05,-1.4149634983723466e-07,6.068642715999121e-07,-7.698314683520251e-07,-1.7201054956114736e-07,-1.2712849739620744e-06,3.040785924319547e-07,-7.274191493334389e-07,-4.5225498422528685e-07,3.473909875009356e-07,-3.1818780716653785e-07,-2.738883385148922e-06,1.1534212225312658e-07,-9.274412515150448e-07,-7.352107691274671e-07,9.27773396943677e-07,-4.5744675100021544e-07,-8.904547609648267e-07,-3.374050935021559e-06,-4.2322919767597594e-10,-9.042405733700363e-07,-7.589164117611277e-08,-5.873081767737833e-07,-9.353463065216731e-07,-2.997341691548853e-07,-1.1483222100760142e-06,-2.0251690837454958e-07,-4.957005076570333e-07,-2.56307144904808e-06,-1.3808753731467418e-06,-3.455551307517635e-06,-1.735996493507113e-07,-1.2265366789376834e-06,4.910444924336822e-07,2.797851068642978e-06
1350.0000000000005,-0.030614286728935472,0.3467382993870389,-0.2625834538666666,-0.015802222448643904,0.3625657154614548,-0.2504308139666666,-0.016476587975989155,0.36491204376616093,-0.2397085173666666,-0.01747738190661752,0.3647449519907231,-0.2426895548333333,-0.04168172891367799,0.37135339079663443,-0.2647880529666667,-0.039955401446132494,0.37170375501344,-0.278900059,-0.03571935600373076,0.3609780894806848,-0.2591158593666667,0.025609014753843258,0.3528236487567221,-0.1382380346333333,-0.1009597689957435,0.3065771680264364,-0.1572617644999999,-0.00340039148872739,0.3391508159124364,-0.2138207300999999,-0.03577537609384427,0.3079213223047821,-0.2464546720333333,0.10319231743616013,0.21387195659784938,0.0020160144156433,-0.15908181856585246,0.27961230602351744,-0.0425920618566666,0.14738045418113124,0.03652682911962524,0.0495755655133333,-0.22947112980835285,0.23973617146933462,-0.2314428885333333,0.18642527574840845,-0.13522766716502602,0.06049792363,-0.1827623935307323,0.40450180086537224,-0.3793202798333333,0.18036854894597792,-0.17225412411161234,0.07739689831,-0.1491715884044435,0.4515401446675749,-0.4464656122666666,0.16076084321777764,-0.18061118039765894,0.05218056043,-0.11809815130255222,0.49502346963102106,-0.4292810385,0.18244182057741118,-0.16237690919850425,0.0537257031899999,-0.16851492664696574,0.42628244097857654,-0.411463171,0.08003908967660295,-0.1708660669079101,0.0509552597533333,-0.07866407833617567,-0.18734392934362412,-0.0474559188533333,0.08591620167727207,-0.5019519330297263,0.0657424103199999,-0.03672882807299249,-0.4599839272919794,-0.05227890594,0.0894117452429361,-0.7683335765941912,0.2463660488,-0.06712195846593598,-0.7756245704157955,0.1739782389433333,0.07255024661648982,-0.8004182849504116,0.2723271102333333,-0.06913418648572837,-0.8028191652945745,0.1556483904566666,0.1038346852343501,-0.8385620223714646,0.2301541071999999,-0.05358293637509846,-0.8381879112053746,0.0797040926323333,onweer_g_ch1_g19_compr.mp4,ch1g19,2.0946576760792896e-05,0.0006012098806053889,4.270243108610948e-05,0.0004874067655944215,0.000104164588870495,0.0006094423612202983,4.40629647106043e-05,5.527038941661341e-05,2.5305710295532192e-05,2.8891841335694917e-05,0.00011868870104152283,4.717849197479598e-05,4.745289906037344e-05,4.205161079520118e-05,2.780789412172163e-05,6.307337769294376e-05,0.00010699837812276636,0.0001515151265274978,4.8863857981555935e-05,4.736692444185661e-05,0.0006308791878651167,3.6988495191115386e-05,4.6774590793787376e-05,2.5435512767251114e-05,9.756236074271498e-05,1.8118722409756617e-05,2.6869263034086675e-05,0.0001119434089007908,0.00011465453999952298,0.00015514235400650777,1.899670002336636e-05,3.6637176635589444e-05,0.0006327976633721208,0.0007825108826441813,0.00010911503494263895,3.3701653275166345e-05,2.1940803583149563e-05,2.093350270546342e-05,7.707962096959234e-05,8.017633858020615e-05,6.276386024735463e-05,1.4350754838657474e-05,-0.0001298465546838988,0.00014928830209051935,-0.00011785703317370961,-3.094701269235398e-05,-0.00037118735057101805,0.0014341874324196298,0.00012081439122761241,0.007391980084882978,0.0017328061505581566,0.009817386257340672,0.0024255377842335845,0.010459638627037924,0.00257245985181171,0.010427615951051308,0.0018897418675031864,0.009992104017071146,0.00016498277769923033,-0.00012552243484230234,0.0008262635376699541,-3.0964759688618365e-05,0.0010523880308880484,0.0001143457204393686,0.0011197808044795215,0.0001215491675678157,0.0011140895308412208,-0.0003490854083389693,-7.30695284066333e-07,-3.131215725688827e-05,-9.324956539099254e-07,-2.194037357758528e-05,1.9780665043238827e-06,-3.113079032444505e-05,-7.898614356143327e-07,2.1053992584287078e-06,-6.651117217478855e-07,1.0902522875394494e-06,1.9970778808922972e-06,1.570898012247659e-06,-7.381986592198895e-07,-7.678114193434084e-07,1.6630626306520167e-06,6.601901857155487e-07,1.9231426973443427e-06,2.1569419958216487e-06,1.4554057657527742e-06,-5.664816473221504e-07,-3.096984086952357e-05,-2.450473336224764e-07,-6.678604435168817e-07,1.5539540556991385e-07,1.951403794576514e-06,4.3556914162645565e-07,1.3692853547294397e-07,2.195411694099455e-06,-5.387103320137492e-06,1.9958534249608423e-06,3.995631564112135e-07,-1.0838294965624828e-06,-3.246878072023497e-05,-1.3885966505810203e-07,1.556266103597761e-06,-5.832331169917814e-07,8.604272849229888e-07,-1.0714965229094393e-06,1.3022850487903154e-06,-5.527374572006521e-07,-6.27014759635794e-07,4.020875626548656e-07,-2.470652655853189e-07,-2.0516911851159744e-06,2.0748036210032453e-08,-6.928718509928438e-07,-5.669719278241075e-07,6.192167969524794e-07,-4.958076384731888e-07,-7.366567378898225e-07,-2.4429833045767474e-06,-5.542959378130446e-08,-6.726403536783281e-07,9.472223574417712e-07,-4.439401957199492e-07,-7.006562187619353e-07,-2.654564066451424e-07,-1.0096873502138806e-06,-1.8411281789415477e-07,-4.117056763103338e-07,-1.9961315479429412e-06,-8.49739253833757e-07,-2.379329279308362e-06,-1.6381678551145756e-07,-1.048236225112261e-06,1.510961280168513e-06,2.7441337241775365e-06
1366.6666666666672,-0.029997875706638706,0.3467466477930344,-0.2630472723666666,-0.015078700486453085,0.3625623386022186,-0.2508020217666666,-0.015786560451908148,0.36490373283413596,-0.2400873127999999,-0.016781505051893894,0.36479201723966415,-0.2430034358666666,-0.04092017554090655,0.37139635097362106,-0.2652681445333333,-0.03918058822759718,0.37172830100724985,-0.2793535242,-0.03494375831292814,0.36095664082059015,-0.2595708762666667,0.025925470992839095,0.35266827141307977,-0.1386750926333332,-0.10038669631453379,0.3066744064342117,-0.1581749935666666,-0.0029862582624407374,0.3390142412121231,-0.2143116001666666,-0.0353237899947695,0.30786352243545856,-0.2471307516333333,0.10299398034429512,0.21352126251863332,0.0014022443340099,-0.15783931013158456,0.28096225407498626,-0.0447527964166666,0.14689530741163354,0.03668237839761757,0.0478204499366666,-0.22609241854053105,0.24694776823768314,-0.2334323977,0.18577936776049594,-0.13342560600925912,0.0587412428733333,-0.1807426559673498,0.41409772257224836,-0.3783446670333333,0.17969308379970578,-0.16972514926374094,0.07591037341,-0.14781187994148945,0.4617896190809396,-0.4457895724333333,0.16054829934635662,-0.1779090125260119,0.05034359942,-0.11674149235183906,0.5052745609132979,-0.4284394527,0.18192412699276236,-0.1604053756874142,0.05184223578,-0.16667540206538614,0.4360606329339285,-0.367906511,0.07976106519825074,-0.1707015368925451,0.0511609393633333,-0.07838348778838686,-0.1874696399820006,-0.0476666350566666,0.08631667352348585,-0.5010902402579177,0.0654933374099999,-0.03622276627445576,-0.46000591850999545,-0.0533567541166666,0.09059216755456648,-0.7672690381345035,0.2436208004333334,-0.06628495616995983,-0.7754877435451023,0.1705335094433333,0.07381212375113196,-0.7992905559435729,0.2693839813999999,-0.06832585220884378,-0.8026772493386272,0.1520247389899999,0.10517987703573857,-0.8374387221819583,0.2273567007666666,-0.052540655401566015,-0.8384931559326968,0.0762074735056666,onweer_g_ch1_g19_compr.mp4,ch1g19,2.009114598162008e-05,0.000572050195529714,4.1241316923177365e-05,0.0004689926972698018,0.00010612529120668464,0.0005799377888109659,4.285212358166739e-05,5.717889969702935e-05,2.5485577364738295e-05,2.9746671016456835e-05,0.00011757533832778041,5.03278482228305e-05,4.614252941864116e-05,4.080618624042395e-05,3.0487554660783653e-05,6.482149557817108e-05,0.00010945509771566289,0.00015072626194513318,5.172893462003617e-05,4.626029298440717e-05,0.0006003596527854882,3.637152531140722e-05,4.5512614747123975e-05,2.5461136540895326e-05,9.946486159385596e-05,1.8456877522322518e-05,2.6663963502153924e-05,0.00011118981347618575,0.00010901882787392602,0.00015419833140045312,1.9338460178107863e-05,3.4428374610644184e-05,0.000601696156759116,0.000748657626627854,0.00011211218207139178,-1.0665393351165503e-05,-2.042835828882877e-05,-2.362225111656631e-05,2.9572036931902155e-05,3.689924373957691e-05,1.7648673690585642e-05,-2.8313474724407335e-05,-0.00016819405030926905,0.00011722543741916545,-0.00015495621555686553,-6.633490330736882e-05,-0.00034607453527826505,0.0013458755755703202,0.00016957678543031983,0.007039400999383841,0.001729564769964253,0.00930909583724876,0.0024225809974754904,0.009931117118214667,0.002563937352908731,0.009908944384463516,0.001883887678906241,0.009480996343605816,0.00016424875797000924,-0.00012621135004156953,0.0008631658457818992,-3.334169618185377e-05,0.0011184432636865945,0.0001571525779547392,0.0011876360131914247,0.00016512028713678686,0.0011860771981037058,-0.00028875421426733614,-8.577082735105553e-07,-2.9508159042856287e-05,-1.3241107411485345e-06,-2.0598154363079205e-05,1.142830310862146e-06,-2.9588967539091054e-05,-1.1341242900875575e-06,1.322196835680218e-06,-1.5716356380373463e-07,8.616834720782168e-07,-2.6379796389926244e-08,1.551489397095599e-06,-1.1617640681795754e-06,-1.1443635987855628e-06,1.934660500619931e-06,1.8027346709780357e-07,1.4576617059950222e-06,-1.635866081421688e-07,1.3836347336192307e-06,-9.536554339637705e-07,-2.991942264553453e-05,-5.270289449030656e-07,-1.0908160611705369e-06,-2.2646610979527067e-08,1.1165572523040115e-06,2.601079494962821e-07,-1.2299658954741467e-07,1.8600540544637825e-07,-6.007499505907711e-06,-2.5916530378972875e-07,2.3986132736325344e-07,-1.8975460451633286e-06,-3.0756595352153835e-05,-1.2011087805661258e-07,2.2341571405908606e-06,-3.681424017663422e-07,1.5061677636095077e-06,-8.303840337618481e-07,2.064293283142479e-06,-3.5102745994953027e-07,-7.112709848623238e-07,3.749364143158291e-07,-1.861658731357061e-07,-1.005866477424948e-06,-1.7539405453263724e-07,-4.250304030719759e-07,-3.675523103590538e-07,3.3894432007664017e-07,-5.730093326608237e-07,-5.905278732978779e-07,-1.1938961655939616e-06,-2.057558813989662e-07,-4.0776254497279014e-07,1.8143624491967117e-06,-2.854024916249629e-07,-4.3184707623839014e-07,-2.0806341797274368e-07,-8.218104765308519e-07,-1.5326318906746682e-07,-2.9273941704638163e-07,-1.0704559887738186e-06,-3.4734620020326914e-07,-9.787780074499104e-07,-1.4361241834124979e-07,-7.698533107317708e-07,2.2864124817172803e-06,2.919033870478989e-06
1383.333333333334,-0.02942353944373173,0.34674657281650895,-0.2638018731333333,-0.014396686133830572,0.36255096603822456,-0.2514504765999999,-0.015138360888391955,0.36488632556025485,-0.2407401088333333,-0.016127633315859417,0.36482654157139066,-0.2435967569,-0.04019499802557515,0.37143597007887047,-0.2660171901333333,-0.03844358654833793,0.37175088769266074,-0.2800816605,-0.03420501528886064,0.36093649051495025,-0.2602939054333333,0.02618601489296423,0.35248802435883386,-0.1393014723666666,-0.09986307089476523,0.3067819610744922,-0.159277454,-0.0026252966848889932,0.338871016754307,-0.2150636438666666,-0.034918643800967944,0.3078088285037136,-0.2480680163,0.10271816054452551,0.21320067292927036,0.0007046616626766,-0.15666412046967618,0.2822597292206336,-0.0470688143,0.1464015379415397,0.036865831062772,0.0461122262033333,-0.22273356793399868,0.25386137739466097,-0.235750023,0.1851453094079492,-0.13161832444069393,0.0570099796633333,-0.17870784229118017,0.4233873219250365,-0.3782746663333333,0.17902725763896402,-0.16721229921957148,0.0744426197266666,-0.14643748131048506,0.47172975635785647,-0.4460993119333333,0.1603407227912238,-0.17524026641669674,0.04852187435,-0.11536683471881554,0.515245611100232,-0.4285525584666667,0.18141628365994178,-0.15843622683595573,0.0499787128233333,-0.16481700115024395,0.44553987218739277,-0.369880408,0.07948092295177174,-0.17053566484997126,0.05137069528,-0.07810172318195831,-0.18759771452703244,-0.0478808411099999,0.08671459420981524,-0.5001870951290665,0.0653231902399999,-0.035718517964552055,-0.4600241384630961,-0.0543163261266666,0.09175665592534459,-0.7661422444619623,0.2411524543666667,-0.06543814727318559,-0.7752970490851618,0.1672444039766666,0.07505665943287851,-0.7980994881515884,0.2667384649999999,-0.06749969175568404,-0.8024760972112415,0.1485617384233332,0.10651736660701114,-0.8362649679360521,0.2248034270333333,-0.05149472163917684,-0.8387338181163634,0.0728391797556666,onweer_g_ch1_g19_compr.mp4,ch1g19,1.8938231705184865e-05,0.0005458876363637784,4.0096652561208314e-05,0.00045159790277451593,0.00010682469541822964,0.0005536179772852954,4.1783038102432027e-05,5.805092032372032e-05,2.5188459960234383e-05,3.069679210459435e-05,0.00011683883302095129,5.219742896839428e-05,4.516130513753661e-05,3.976382187890249e-05,3.2687507947873433e-05,6.465031752191313e-05,0.00011077941659016164,0.00015072979900910644,5.339638037257039e-05,4.5446199348999586e-05,0.0005734581381760965,3.591290907518206e-05,4.4567547256218886e-05,2.5221720029707496e-05,0.0001001147564765313,1.863993469802932e-05,2.6277050394417222e-05,0.00011029233280115836,0.00010402074332884124,0.0001546774332799367,1.9503740420588135e-05,3.217692924891159e-05,0.0005742024091426474,0.0007177512446354501,0.0001134642582545155,-4.4839624849037965e-05,-4.985526096758176e-05,-5.474544891274209e-05,-5.487924418875701e-06,2.193706753809022e-06,-1.820247433300282e-05,-6.153565295946375e-05,-0.00018474137779821067,8.701555074821376e-05,-0.00017724231115570527,-9.313825781759013e-05,-0.0003072294908793634,0.0012672263286552707,0.00021969034850775857,0.00672002422606282,0.0017426846056109299,0.008860446902550478,0.002440973657680228,0.009468012164702493,0.002578677091007522,0.009455820754042376,0.0018949888288373456,0.009031213016055747,0.00016222796470408618,-0.00012560943386635094,0.0008863619389822069,-2.7776661764716393e-05,0.001167037435014685,0.00020481692001569218,0.0012376573390747631,0.0002138894963231632,0.0012418663443245273,-0.0002205723151659537,-9.274149869803783e-07,-2.744295120839743e-05,-1.5670214827179523e-06,-1.875741289930749e-05,6.119780549467198e-07,-2.7681343266347436e-05,-1.3649210819006357e-06,4.656126345819745e-07,1.8673480384848382e-07,7.69963025350388e-07,-7.677420950353765e-07,1.2973747851670471e-06,-1.4147858309103635e-06,-1.3849757190316083e-06,1.9544213583976905e-06,-3.9421560600388226e-07,1.1464411226626117e-06,-9.401179693349114e-07,1.1423535325888104e-06,-1.1772499799153464e-06,-2.836338550734077e-05,-6.973893320368092e-07,-1.3544966990569228e-06,-1.3354929533110183e-07,5.285263839149597e-07,1.273840905614281e-07,-2.7924735987808673e-07,-6.869814167969765e-07,-6.0173888686595516e-06,-7.161577785884342e-07,1.0946271810367453e-07,-2.4885630518328677e-06,-2.8703575042798355e-05,-6.722143755945735e-08,2.7146951884863637e-06,-1.7793293191791428e-07,1.9016252755034995e-06,-5.488906344202257e-07,2.6326088238273275e-06,-1.7394133163989834e-07,-6.786417365046228e-07,3.036508383713716e-07,-1.4419423020797604e-07,1.359800596979454e-07,-3.5504142012087626e-07,-1.9225761772117858e-07,-1.8760796101880242e-07,1.4027090809973684e-07,-5.960224869498137e-07,-4.3320158367530407e-07,9.74311236345621e-08,-3.455182924424009e-07,-1.7939359396751902e-07,2.5106333383839136e-06,-1.577312392197499e-07,-1.9906600084191403e-07,-1.4181266420148714e-07,-5.81048120129372e-07,-1.1715602958711539e-07,-1.7595529548746468e-07,-1.8799358215566868e-08,6.347615806119707e-08,4.2907848152746597e-07,-1.1696410359874704e-07,-4.612162377641553e-07,2.8416653311344745e-06,3.317495742024881e-06
1400.000000000001,-0.02885846228719896,0.3466662147888704,-0.2643062784333333,-0.01372803290016279,0.3624694379708938,-0.2518613204999999,-0.014503143473368106,0.36479968279616887,-0.2411570577333333,-0.015485061014122855,0.36478667541234455,-0.2439542203666666,-0.03947341692521427,0.37141349584395555,-0.2665276622,-0.03771323643596549,0.37170674852910723,-0.2805591890666667,-0.03347071587162386,0.3608518036863202,-0.2607813462333334,0.026422019505147845,0.3522641969634021,-0.1397537335333332,-0.09934815547193608,0.3068629432681269,-0.1601989696333333,-0.002279313389050641,0.3386617462385009,-0.2155985230333332,-0.034519543150489766,0.3076926409296703,-0.2487701168,0.1024213504619242,0.21288185610739735,7.705993300999946e-05,-0.15551537776949323,0.2834919989429211,-0.0492673675733333,0.14591127733281478,0.037052936568234836,0.04481849435,-0.2193919767921166,0.26040056767594294,-0.2374825800333333,0.1845223982896407,-0.12991660305394034,0.0563267790566666,-0.17666964029348423,0.4319291875364746,-0.3774007311333333,0.17837986827155217,-0.16482038131427845,0.0740433349166666,-0.14506370921797077,0.48087028374128854,-0.4454694885333333,0.1601482704847794,-0.17272633420086375,0.04779751599,-0.11398927984192725,0.524356829007955,-0.4277172222,0.180925843341947,-0.15658717383821116,0.04918408158,-0.16294989915645283,0.4542466442500915,-0.368246228,0.07920012199235472,-0.17037299661378133,0.0515737751366666,-0.07781865388394354,-0.18772487479465083,-0.04808849823,0.08711568669186848,-0.49930946880229327,0.0650036239099999,-0.03520644414917563,-0.46007945853315135,-0.0552711415866666,0.09298438128412788,-0.7649609289349478,0.2386121848666667,-0.0645711046704634,-0.7751080634782967,0.1641320848099999,0.07637873556560192,-0.7968395307104132,0.2640235871999999,-0.06665296357515547,-0.8022761752076715,0.1452911081233333,0.10791162507036123,-0.8350128000785048,0.2221995692999999,-0.050448335956709986,-0.8389703844893772,0.0696219402623333,onweer_g_ch1_g19_compr.mp4,ch1g19,1.767965978140624e-05,0.0005200549944601331,3.82983141996417e-05,0.0004338167865662334,0.00010790027752012516,0.0005275837195997352,4.018441340553587e-05,5.821164795708225e-05,2.507449549371052e-05,3.1640007024660125e-05,0.0001168734844864654,5.3758725721185595e-05,4.359577029530338e-05,3.8124734585119244e-05,3.4300730435281027e-05,6.381575281879053e-05,0.00011188597751495222,0.00015107183435210262,5.4804269541687885e-05,4.411483193726463e-05,0.0005468054103590045,3.4843788847336924e-05,4.30465204861034e-05,2.4591535337421476e-05,0.00010099768189909656,1.864953047965527e-05,2.557339498538442e-05,0.00011021887099622596,9.858529505061123e-05,0.00015578841106020196,1.9487020557933694e-05,2.9429947604067085e-05,0.0005472583896268645,0.0006870072351887267,0.0001149088321626718,-9.150682476160049e-05,-9.067744770820413e-05,-9.64928426448234e-05,-5.1545996392297414e-05,-4.368326542995785e-05,-6.476506063766254e-05,-0.00010532656394511145,-0.00020766538882354587,5.0367562269234706e-05,-0.00020975400901373413,-0.00013106617277253727,-0.00026795048240648903,0.0011896928414607026,0.0002808882905707579,0.0064057284767032084,0.0017693081647089405,0.008425622002636005,0.0024710796694086,0.009019735795298313,0.0026019292301562263,0.009012465397503153,0.0019166610520137298,0.008593571828859642,0.00016007038323104635,-0.0001250979275553286,0.0008957978695844941,-2.471454334972865e-05,0.0012043629196800548,0.00024713241434684704,0.001276899119311944,0.00025789272168524527,0.0012853750291472266,-0.00015626263831528803,-1.060662382628801e-06,-2.4689298429462766e-05,-1.6454768816583926e-06,-1.651016003481023e-05,2.6203579083060126e-07,-2.495381144715209e-05,-1.4750186627857709e-06,-2.817618769384145e-07,2.8571015084765324e-07,8.229830985846892e-07,1.0168860701544816e-07,9.758324782142378e-07,-1.4730301665506e-06,-1.4866466634237505e-06,1.8975715636434557e-06,-1.03089152488913e-06,8.462918569717401e-07,7.004426490534062e-08,8.66874356195611e-07,-1.236492592960829e-06,-2.570744759670942e-05,-7.550880339911383e-07,-1.4269240691927381e-06,-2.522382688142842e-07,1.0675561555656748e-07,4.0762499720322484e-08,-3.722184372155111e-07,-8.19683649136555e-08,-5.522293005197655e-06,8.413032193978997e-07,1.4355452559643973e-08,-2.8047030101024975e-06,-2.582283932001436e-05,1.91589493379856e-08,3.1053674892718104e-06,-5.3603626101517696e-09,2.172688331504196e-06,-2.862132768334622e-07,3.105628155600832e-06,-1.8513529552494913e-08,-5.468518228340768e-07,1.783788365204381e-07,-1.277197107195653e-07,1.1974934465189567e-06,-5.028779149731287e-07,2.943117730593408e-09,-2.273018832195147e-08,5.266306575311957e-08,-5.820971500164451e-07,-2.853460347272191e-07,1.269846817170052e-06,-4.655265479175756e-07,8.967027928795311e-09,3.121766206423746e-06,-5.3291506036289723e-08,-5.247519717768389e-09,-6.295184743801974e-08,-3.3999872389403925e-07,-8.136064640737071e-08,-7.187494284096495e-08,9.799771036880946e-07,3.817790805617634e-07,1.6705855154339377e-06,-8.80568950815899e-08,-1.5286980038026793e-07,3.2812659782667572e-06,3.914972586306093e-06
1416.6666666666674,-0.02830788046551215,0.34650696993709446,-0.2647239033333333,-0.013085178416283786,0.36231508628782433,-0.2521890437333333,-0.013895337607503522,0.3646402062117619,-0.2414928524333333,-0.014867647609134534,0.3646689152749986,-0.244228662,-0.03876815396394417,0.37131383300463194,-0.2669572329,-0.03700207816454859,0.3715829826663182,-0.2809556026666666,-0.032752888411121096,0.36068550358066737,-0.2611907536666667,0.0265986849939485,0.35201413684530625,-0.1401491288666666,-0.0988606338645886,0.3068903294230258,-0.1610472897333333,-0.001952848895561331,0.3383911575877795,-0.2160607883666666,-0.03413362562275156,0.3075076676674059,-0.2494014432333333,0.10208863842897659,0.21258971838006055,-0.00054386275399,-0.15441217560500733,0.2846349751679534,-0.0512483969233333,0.14543838566647252,0.03732965108406245,0.0436269347933333,-0.21610054843298068,0.2667261556390797,-0.2385282272666667,0.18400332208412595,-0.12818413518619026,0.0559029106833333,-0.17470222799819798,0.4401672753364519,-0.3756477664666666,0.17786225432266384,-0.16240611067605967,0.0738804437433333,-0.14375747482469656,0.48967456347553256,-0.4439118313999999,0.1600129403719197,-0.17019799165978683,0.0473578054466666,-0.1126806267625417,0.5331065603901125,-0.4260300690333333,0.18052367200400482,-0.15470950996875146,0.0486672908066666,-0.16114497396887786,0.462634820933213,-0.368488431,0.0789228935943396,-0.17021038992465765,0.05175252065,-0.07753825628851431,-0.18785280762233014,-0.0482719300366666,0.08751126005270259,-0.49843794447276535,0.0643154376233333,-0.03469151073826889,-0.46016802141660984,-0.0560513653933333,0.09421862792272123,-0.7637805368511771,0.2360908244666666,-0.06370712650096817,-0.7749200336720623,0.1615111935766666,0.07771291005966721,-0.7955793637179963,0.2613380383333332,-0.06581251458286852,-0.8020770267228788,0.1425426547566666,0.10928634807559728,-0.8337687642154877,0.2196503298,-0.04943377226105287,-0.8392159977820544,0.0670447394889999,onweer_g_ch1_g19_compr.mp4,ch1g19,1.6761115583010655e-05,0.0004944435464644494,3.659776646459245e-05,0.0004168404017645709,0.00010769233885275811,0.0005016283291792617,3.859012902614724e-05,5.7298227153723605e-05,2.5367911385803248e-05,3.274901358740622e-05,0.00011736699535159414,5.383046592568316e-05,4.219910779701607e-05,3.656048075421318e-05,3.573515131759211e-05,6.213257483327787e-05,0.00011211289098585343,0.00015156233026255642,5.492033626395833e-05,4.2942377988317366e-05,0.0005198992598407529,3.396675790147746e-05,4.167540327412955e-05,2.4179647019864474e-05,0.00010058130641959208,1.864094206025624e-05,2.514232793530181e-05,0.00011048975059441181,9.325696680676132e-05,0.0001571273335885528,1.9423490437351135e-05,2.693465955730551e-05,0.0005205616085030971,0.0006570504753895986,0.00011459861489746781,-0.00013579117028402862,-0.00013107064817663178,-0.00013670612167168147,-9.634289975154297e-05,-8.73902332411756e-05,-0.00010878128957640833,-0.0001464951887111409,-0.00023187951799725606,1.2763609094124279e-05,-0.00024064200677535323,-0.0001682803143209099,-0.00023434995978991222,0.0011171402395373118,0.00034899984855909724,0.006114361846011188,0.00179959200699082,0.008003728254867433,0.00250080348292479,0.008581269993019563,0.0026200360443044213,0.008570431667051548,0.0019401057542890081,0.008165300389367264,0.00015758392844260373,-0.00012441861871692568,0.0008870074230849206,-2.8026508637031045e-05,0.0012160342038998891,0.0002711692620471205,0.001290126498291992,0.00028291825951919916,0.001305248316051632,-0.00011805003608644728,-1.0477758606381293e-06,-2.1673757327757788e-05,-1.5682994134542282e-06,-1.445040576453926e-05,5.150267362446366e-08,-2.181975415257529e-05,-1.4510311348997218e-06,-8.208338945535591e-07,2.656640101515393e-07,8.258219154914912e-07,2.3221311334565227e-06,4.10244826199189e-07,-1.3984852220487914e-06,-1.446196998671334e-06,1.9420542148749653e-06,-1.7208286181778055e-06,5.351384751646104e-07,2.5433515497728443e-06,3.6612477090412915e-07,-1.1956101519197168e-06,-2.235451671304865e-05,-7.579399402135856e-07,-1.3675799649544628e-06,-3.502692963548623e-07,-1.6195105643114883e-07,-1.4261339592902753e-09,-4.3879780319488016e-07,1.8374583358927432e-06,-4.66240061104577e-06,3.913470589355674e-06,-4.40162747942638e-08,-2.825308812518818e-06,-2.2550599000432767e-05,1.2334344820277374e-07,3.4297482871390933e-06,1.0782100144068367e-07,2.350016217851669e-06,-1.0312417886555965e-08,3.4974740609249065e-06,8.251248854680145e-08,-3.2904012315556063e-07,1.4565386934122526e-08,-1.3887272557477153e-07,2.0904618679887343e-06,-5.605656191441341e-07,1.142672922285276e-07,8.872368281256583e-08,7.31007190842357e-08,-5.190320351023266e-07,-1.2617684600042609e-07,2.239390667342407e-06,-5.137908327972875e-07,1.1523015189465849e-07,3.6423310161415245e-06,-8.292271438831047e-09,1.0462057714706645e-07,4.699870810674962e-09,-7.39848814683657e-08,-5.49146512877176e-08,-1.1710327431094712e-08,1.8476577619115092e-06,5.757164429707523e-07,2.6540349313738843e-06,-6.431166703877151e-08,9.47447503695794e-08,3.6290479395804724e-06,4.5502672951796895e-06
1433.3333333333342,-0.027760237460644304,0.3463198073488558,-0.2651266797333333,-0.012456473377357422,0.36213798947676695,-0.2524986928666666,-0.013302471598097493,0.36446042939724865,-0.241809066,-0.014265645667236954,0.3645237246771441,-0.2444843440666666,-0.03807802492713603,0.3711787303367636,-0.2673658704333333,-0.036307243994899985,0.3714272441319116,-0.2813340563666666,-0.03205192317117185,0.36049599834046053,-0.2615804409,0.02674891507478343,0.3517651739341971,-0.1405099410999999,-0.09842073967290892,0.3068699440118116,-0.1618651514,-0.0016302338366610315,0.3381170592181611,-0.2164939571999999,-0.0337535715680065,0.3072978485338144,-0.2500052502,0.1017471740086255,0.2123874247686627,-0.0010267554643566,-0.15334719503250296,0.2857129221916154,-0.0532505527666666,0.14497462444301384,0.03773807382919969,0.04309735634,-0.21281687644255723,0.2726863469493793,-0.2402327249,0.1836886666452082,-0.12638902546911057,0.0563447465066666,-0.1727310145102714,0.4479199565359686,-0.3754518817666666,0.17760827344395003,-0.1599060807953576,0.07469660915,-0.1424618497098057,0.4979999669989312,-0.4441398618999999,0.16018007402330478,-0.1676006664763322,0.0478555707866666,-0.11137842772420123,0.5413985549969474,-0.4260646337666666,0.1803658254944403,-0.15278458870549655,0.0490126837033333,-0.1593329926984825,0.4705339518102598,-0.369891077,0.07864582002299234,-0.1700507910556245,0.0519627225133333,-0.07725911542599255,-0.18797951051284903,-0.0484840109366666,0.08782922352280638,-0.4974904769838104,0.0640343632299999,-0.03417121832661665,-0.4601591431441063,-0.05679906928,0.0953672971613449,-0.762479324684563,0.2345083599,-0.06284664220325367,-0.7745389514041696,0.1591669444099999,0.07896021965847007,-0.7942071203119389,0.2596540585999999,-0.06497493460748542,-0.8016767755043094,0.14009693189,0.11064556220228391,-0.8323314254640722,0.2180174769666666,-0.048419666982676655,-0.8392111131314585,0.0646753787323333,onweer_g_ch1_g19_compr.mp4,ch1g19,1.633539223517945e-05,0.00047398493861441064,3.5633837679192195e-05,0.00040217994297693077,0.00010764427751545966,0.0004812588657814899,3.764090040958895e-05,5.5732562343684376e-05,2.5770713240217273e-05,3.3983741191857445e-05,0.00012013572730315618,5.3540575918305185e-05,4.153072007375736e-05,3.5692602893839456e-05,3.640044796849303e-05,6.016405112856218e-05,0.00011229463277590962,0.0001544814281743477,5.471082475540493e-05,4.247320789285535e-05,0.0004995131886089006,3.374050077873339e-05,4.104382951942586e-05,2.4206030432973902e-05,0.0001002034121677186,1.8648386721234383e-05,2.523600068347342e-05,0.0001126209586005007,8.887779493649617e-05,0.00016160180578662754,1.935747172567503e-05,2.4902746816928533e-05,0.0004998644621436595,0.0006327866160836816,0.00011416653693385959,-0.0001755088109401751,-0.00016725466257307963,-0.00017237973930219136,-0.0001357150810126592,-0.0001265059596894197,-0.00014792038679054638,-0.0001837372385633389,-0.0002489852718555588,-2.2802319985068464e-05,-0.00026957832888846803,-0.0002036027784452552,-0.0002029252173817315,0.0010590537529174514,0.00042681143281171407,0.005865660595122286,0.0018560824031867307,0.007675100189334917,0.002562549706789694,0.008247096516905809,0.002675715731350394,0.008241558366520518,0.001992897067850894,0.007836960852252797,0.00015553964993002316,-0.00012431576566819218,0.0008662190061234259,-3.3089439338528754e-05,0.0012097501636407965,0.00028695324381328055,0.0012845184920968057,0.00029904290945956675,0.0013077749127346349,-8.969372357952602e-05,-9.698943198422083e-07,-1.8549550946866357e-05,-1.4510673858306457e-06,-1.2668739579852531e-05,5.713284851434117e-08,-1.8550087962068893e-05,-1.3886003168229846e-06,-1.096249359542571e-06,1.9824535941673332e-07,6.919885949643633e-07,5.331359200835002e-06,-3.70299586239341e-07,-1.2797308153522216e-06,-1.3647554422166094e-06,2.1102816518111513e-06,-2.2915460466719038e-06,1.9380639951260708e-07,5.711360432510298e-06,-3.4641460860376686e-07,-1.0963552958260138e-06,-1.8757509970999806e-05,-7.788125821287483e-07,-1.2532020450812555e-06,-3.955122869570413e-07,-2.039753513808876e-07,-2.9307637607900905e-08,-4.678915658150595e-07,4.563485317232407e-06,-3.898208244856541e-06,7.603801194126504e-06,-9.065391428748812e-08,-2.5794495772788415e-06,-1.9159390460186865e-05,2.2447285614191596e-07,3.497573353629225e-06,1.320502250464505e-07,2.407581409883067e-06,2.325527523152875e-07,3.5915395330076152e-06,1.0204126130361601e-07,-7.624531239375048e-08,-1.5919393190579136e-07,-1.689703075508298e-07,2.648002016871195e-06,-5.403877221199041e-07,1.1631301154768877e-07,1.1772286857756679e-07,2.0102462915456431e-07,-4.12477725291546e-07,2.4626493501881953e-08,2.834084154428107e-06,-4.981856167201508e-07,1.158229109443691e-07,3.7951070452799223e-06,-3.622702302910323e-08,1.0528025322745777e-07,4.8445881458418686e-08,1.698050362249551e-07,-4.0387097439378156e-08,-5.066203591830199e-09,2.426066958554897e-06,6.257317183891703e-07,3.1882095641811217e-06,-4.8659827918109693e-08,2.5326706089992043e-07,3.670133457840926e-06,4.894453942795893e-06
1450.000000000001,-0.027241851179225677,0.346104408852708,-0.2655476812333333,-0.011879776839711611,0.36193241782193486,-0.2528370634666665,-0.01276146310960281,0.3642514809117647,-0.2421517650333333,-0.013716224451291795,0.36434922608996234,-0.2447668695666666,-0.03743128606897832,0.3710117725643569,-0.2678159789,-0.0356581454228267,0.3712413031207937,-0.2817538042,-0.03139423453315708,0.3602769908522659,-0.2620104318,0.026795875087896947,0.3514986317005196,-0.1408677730999999,-0.09806104632399826,0.3068235507503408,-0.1627656206,-0.001348542747816995,0.3378165134294691,-0.2169323513333332,-0.03340220746791739,0.30706150706179236,-0.2506287053333333,0.10134469813393111,0.21221820955398,-0.0014869747161566,-0.15232963806986188,0.28674569378638887,-0.0553104822133333,0.14455266993572294,0.03822314222064458,0.0427309965166666,-0.20955155900853523,0.2783736273947384,-0.2420978819,0.1835909038876879,-0.12453401320421358,0.0569776187633333,-0.17085899973896843,0.4553699248022082,-0.3754471531,0.17761321474855774,-0.1573471980219859,0.0756187997966666,-0.14131293833387887,0.5059881395172798,-0.4445559072999999,0.16059144011872525,-0.16492895189402396,0.0484701814733333,-0.11025041501853894,0.5493959993359514,-0.4263116453666666,0.18043853494462717,-0.15080210030885668,0.0495384963833333,-0.15763448321117554,0.4781412908009841,-0.383700669,0.07836105804773784,-0.16989864635217097,0.0522009136033333,-0.07697263838058566,-0.1881014447265644,-0.0487217972099999,0.08814322235544643,-0.49663312110234,0.0637660857033333,-0.03357510024829724,-0.4601512947912311,-0.0574851629466666,0.0964967263888107,-0.7612231001768051,0.2329471856,-0.061982287930583566,-0.7741542503398271,0.1569089823766666,0.08018668701234614,-0.792879978701705,0.2579903668,-0.06413737145680024,-0.801280124330912,0.1377389689233333,0.11196166282598999,-0.8309788635531353,0.2164696595666666,-0.04741594555859991,-0.8391872537602623,0.0623725317656666,onweer_g_ch1_g19_compr.mp4,ch1g19,1.593634063381952e-05,0.00045464154111720566,3.4856528858189954e-05,0.0003889776198451015,0.00010764704318642676,0.0004618867264258189,3.687394468019372e-05,5.4213892101782444e-05,2.5787196867321712e-05,3.475124873611236e-05,0.0001268685504386401,5.260522807952145e-05,4.086829199175269e-05,3.497539786901549e-05,3.775540790546573e-05,5.726863903542919e-05,0.00011259728973012727,0.00016139585141374826,5.385132789215794e-05,4.196827741065609e-05,0.0004801143622245402,3.360153423391537e-05,4.042532155283481e-05,2.4401271206211432e-05,9.992019640814301e-05,1.860127305714801e-05,2.537354882600767e-05,0.00011840793038249306,8.502336578427262e-05,0.0001708040053738925,1.924792928988103e-05,2.2949071214587162e-05,0.00048000604789681883,0.0006111042697063746,0.00011350775817533612,-0.00021143875527460942,-0.00019906938914472435,-0.00020347881159862144,-0.00017038597833464363,-0.0001608295257158932,-0.00018171460273910692,-0.0002159820366973274,-0.00025930175711411416,-5.0460379099171334e-05,-0.0002948041680034295,-0.00023436624712183722,-0.00016888728577050768,0.0010157131871374406,0.0005133951824423239,0.0056403791223626565,0.001953389182058281,0.0073695203204194705,0.0026691711722977587,0.00792903044051799,0.002785248458105506,0.007931236579655545,0.0020889945986374953,0.007528990088039373,0.00015412250714292393,-0.00012473680318906698,0.000846585262122934,-3.532920597668828e-05,0.0012129054220616309,0.000303017661170639,0.0012888565742860184,0.0003155333720769149,0.0013195164557540811,-6.351436822151742e-05,-7.348904360755608e-07,-1.5051950349737086e-05,-1.2944174766752872e-06,-1.0758073528245256e-05,2.694485572856712e-07,-1.4878310118981078e-05,-1.2827613403280872e-06,-9.907663388373575e-07,-2.6712869558801197e-09,3.8698881646124416e-07,8.530079495119688e-06,-1.1357053589369452e-06,-1.1661675156717005e-06,-1.2345810202388857e-06,2.450981652728647e-06,-2.704489877402601e-06,7.145719795817805e-08,9.041188088666438e-06,-1.070086368699585e-06,-9.973604562279057e-07,-1.4665482874586722e-05,-8.391843542084479e-07,-1.1474993573477336e-06,-3.709704535842916e-07,-3.1158060332047966e-08,-6.618305142469876e-08,-4.876166128308402e-07,7.572676320983917e-06,-3.366241343390947e-06,1.1197795492104427e-05,-1.375699729076892e-07,-2.1746146015087875e-06,-1.5330157074646994e-05,3.2493123317987963e-07,3.3242787814992464e-06,9.170061169485122e-08,2.317251101037605e-06,4.36197543019324e-07,3.41739535157559e-06,6.166405389551209e-08,1.3739441539691516e-07,-2.936376376003283e-07,-1.8195501011153984e-07,2.771781356021674e-06,-4.233194431496299e-07,4.422625633850224e-08,8.706799153394914e-08,3.543850765778694e-07,-2.3151913766253143e-07,1.532794591867398e-07,2.9703309096823413e-06,-3.961093731763329e-07,4.6191635865115883e-08,3.6279788965815816e-06,-1.026461866309794e-07,3.276663440464136e-08,7.805430987615033e-08,3.759526086849672e-07,-3.4454798661697316e-08,-2.443536516598657e-08,2.6073519251422636e-06,5.662709068991798e-07,3.1941628781585884e-06,-3.93809506980004e-08,3.3482422373213525e-07,3.4579670290165903e-06,4.831599623978613e-06
1466.6666666666677,-0.026727623813940244,0.3459294879044364,-0.2660464429666666,-0.011314722352215483,0.36177139082703014,-0.2532715902666666,-0.012232176881561918,0.3640859338585558,-0.2425936927333333,-0.013177740542459867,0.3642168494462154,-0.2451444540666666,-0.03679296491650653,0.3708821168281481,-0.2683550323999999,-0.03501812796863043,0.3710907644356657,-0.2822551895333334,-0.030744573294132414,0.3600902967887041,-0.2625271136666666,0.026817299005452357,0.351291611852519,-0.1413194421666666,-0.0977081565159327,0.30678253796211497,-0.1637161274,-0.0010693060245346932,0.33756289245522747,-0.2174466181999999,-0.033051744226644746,0.30685458431453777,-0.2513149818,0.1009391533668645,0.21209718163495064,-0.0020654843761566,-0.15133613599478496,0.28776685125155044,-0.0573372271466666,0.1442199781404345,0.03885690666978542,0.0421967551166666,-0.2063809900356061,0.2839292646685734,-0.2437598148666667,0.1836638067104231,-0.12245214693621508,0.0571993306566666,-0.16914747869453461,0.46260473779580535,-0.374995485,0.17780575140716615,-0.15454134663575914,0.0760205600699999,-0.14031718556241224,0.5137753507367918,-0.4443914332666666,0.16117995624910342,-0.16201717358249934,0.04860223842,-0.10925889417599194,0.5571788762091244,-0.4260488127333333,0.18068020277988178,-0.14859095072045406,0.0496608853333333,-0.1560780123634788,0.4855327367877876,-0.391735256,0.07807717797707416,-0.16975175882659668,0.0524339267866666,-0.0766855220280978,-0.18821982635613432,-0.04895424812,0.0884542383314915,-0.49584006663828567,0.0632358830166666,-0.032978935689105544,-0.46020375083233667,-0.0581312247699999,0.09764567126549535,-0.7600524484669502,0.2312933509333333,-0.061139648548987735,-0.7738864831275014,0.1548267417766666,0.08144657692891359,-0.791629069895249,0.2562558304333333,-0.06332382198660386,-0.8010050939999389,0.1355712716566666,0.11329680399985737,-0.8296837644744612,0.2148407560333333,-0.04650049674191904,-0.8392606992266716,0.0604705179989999,onweer_g_ch1_g19_compr.mp4,ch1g19,1.524394965228209e-05,0.0004417156683036636,3.366273707864434e-05,0.0003794343027312187,0.00010803264595537789,0.00044943245725913023,3.56925339027946e-05,5.332548395685873e-05,2.5558302056294092e-05,3.469103711167975e-05,0.00013695141800550297,5.117064370359282e-05,3.9699763554127166e-05,3.38497909951435e-05,4.0266532499893176e-05,5.446047826182176e-05,0.00011285398726372185,0.00017197232062588806,5.248959600330826e-05,4.0964570215678036e-05,0.00046808335321047985,3.290497206386776e-05,3.928164677201134e-05,2.4249112089888865e-05,0.00010001540204224704,1.854375668445551e-05,2.506168964530755e-05,0.00012738578707120022,8.207558459145804e-05,0.00018384419053807675,1.912184451629912e-05,2.084395816083408e-05,0.0004669280498507757,0.000597437573392729,0.00011295237197271614,-0.0002357578395363489,-0.0002189345235449307,-0.00022336108654802574,-0.00019228331325131003,-0.0001841618618195962,-0.00020464381362126003,-0.0002387636325129818,-0.0002564834323095516,-6.431381318626192e-05,-0.00030964174301209964,-0.00025362926365297587,-0.00013301938743992596,0.0009949465379611082,0.0006032412021752912,0.005491557417987847,0.002084386678450906,0.007176768714833282,0.002817056641240035,0.007725002190943525,0.002942262202157049,0.007744902050661364,0.0022228094422450527,0.007341263158058559,0.00015334285805405196,-0.0001255694822774971,0.0008355978300881321,-3.473712082064927e-05,0.0012209774579422285,0.00030740605676159415,0.0012993503753222075,0.00031913524399686987,0.0013373356382001649,-6.0610543396603766e-05,-2.788305379672362e-07,-1.1742555501344827e-05,-1.1798445275617251e-06,-8.84414238881637e-06,6.18236339284452e-07,-1.1434410081005702e-05,-1.18622107198681e-06,-6.029909375608586e-07,-2.590716479616972e-07,7.496005990231256e-08,1.1346886743245671e-05,-1.5741024176000922e-06,-1.1396397555058798e-06,-1.1168413321811702e-06,2.936564489129026e-06,-2.779013605519243e-06,1.579568890504562e-07,1.1935827816928648e-05,-1.5101977779653383e-06,-9.658419560696895e-07,-1.089184233889938e-05,-9.466820784281707e-07,-1.130038925842595e-06,-2.2971236291069505e-07,3.0981414108322944e-07,-9.938282861757712e-08,-4.891981014385707e-07,1.029076452447641e-05,-3.1625401837908005e-06,1.4092130558224522e-05,-1.689562696148172e-07,-1.780937375086823e-06,-1.1838925530891762e-05,4.1931047925889573e-07,2.635569619637951e-06,2.1717106544998937e-08,1.922286903239778e-06,5.550453539006221e-07,2.688565262810777e-06,-5.832264093963421e-09,2.5478087702425734e-07,-3.741130364269509e-07,-1.5738828359653023e-07,2.4969255305035952e-06,-2.3281864233767036e-07,-6.391008048042161e-08,2.7612166822628495e-08,4.725053942380202e-07,-2.1178552378407165e-08,2.364121624822825e-07,2.6892924210182643e-06,-2.2629703224172196e-07,-5.9374560575795256e-08,2.843742073326656e-06,-1.656183317940039e-07,-7.334021713719778e-08,1.1043201124489085e-07,5.011978075335087e-07,-3.5348550109129915e-08,-3.950002073585375e-08,2.4107634531388682e-06,4.187414460619563e-07,2.748690830963824e-06,-3.556835761251905e-08,3.556258918973963e-07,2.7069531759482057e-06,4.0836816640012205e-06
1483.3333333333344,-0.02621745218416905,0.3457336242375488,-0.2668286138666667,-0.010758381945492664,0.36159419691522676,-0.2540004353666666,-0.011711627189234805,0.363903892741543,-0.2433245599,-0.01264815883401921,0.3640659921894613,-0.2458137337333333,-0.03616250818984173,0.3707322647656339,-0.2691843565333333,-0.034387052887150556,0.3709208676863683,-0.2830508748333333,-0.030103042800505613,0.3598849828210149,-0.2633341396999999,0.026826465578846097,0.3510749061407947,-0.1420228788,-0.09738275699524095,0.3067259903122435,-0.1649228864999999,-0.0007946068565563734,0.3372918267617184,-0.2182253007333332,-0.03270547563183574,0.3066297414631155,-0.2522669201333333,0.10053001344253495,0.21199077276632178,-0.00283874710449,-0.15039476667278392,0.28876144032903167,-0.0593984138766666,0.14398094771808187,0.03950308643688323,0.0416342780033333,-0.2032705409452314,0.28940044427382555,-0.2453931589666667,0.18406954787996996,-0.12030474146640184,0.0574449199233333,-0.16758830912068884,0.46974604019846095,-0.3745453755333334,0.17838826009704525,-0.15163592193378067,0.0764718866866666,-0.13948999551262636,0.5214821413005418,-0.4442783085999999,0.16220718844212217,-0.158977918624715,0.0487644969166666,-0.10841495814928036,0.5649262161530069,-0.4258389308666667,0.18128018517347236,-0.14630227916365993,0.0497915662833333,-0.15466442690705456,0.49284627516159707,-0.391539127,0.07779501678112848,-0.1696029698014394,0.0526609901833333,-0.07639997760148343,-0.1883422902757142,-0.0491801042766666,0.08874054581504247,-0.4950185185791791,0.0624977013466666,-0.032390656693784395,-0.460231104601264,-0.0586948631799999,0.0987620585907792,-0.7588644627446838,0.2294852162333333,-0.06030433808129867,-0.7736226958738052,0.1528866379099999,0.08267349494515967,-0.7903606072919729,0.2543715338999999,-0.06251650410327378,-0.8007322376451903,0.13355330949,0.11459439779878595,-0.8283725700253017,0.2130972482333333,-0.04560961330203764,-0.8393375351298427,0.0587028274089999,onweer_g_ch1_g19_compr.mp4,ch1g19,1.4673129238452168e-05,0.00043188492481538714,3.2187969519557886e-05,0.0003725231546054181,0.0001088663979041277,0.00043995100814039667,3.4186546933173916e-05,5.2766706630834375e-05,2.525282693683863e-05,3.449402893219888e-05,0.00015000807952969132,4.9439539194763246e-05,3.807580305113392e-05,3.24223898089963e-05,4.431159383200833e-05,5.1623869227166024e-05,0.00011317482422336661,0.0001856008507337746,5.081955489436385e-05,3.9495417353350834e-05,0.00045892442633735874,3.174753083018307e-05,3.767159259526687e-05,2.3958410114165196e-05,0.00010051542935229647,1.8480719473580006e-05,2.4405019776287027e-05,0.00013941712784160278,7.940092530005242e-05,0.00019944467241745216,1.8984490649051698e-05,1.8707841479473333e-05,0.00045674196639123,0.000588811295648699,0.00011263205004588065,-0.0002487981394606567,-0.00022837288062154288,-0.00023302540001377198,-0.00020293760858503234,-0.0001964019092373357,-0.0002166517570452185,-0.0002514408096578282,-0.00024787249419826906,-6.745891893858243e-05,-0.00031653146218370894,-0.0002627657438889348,-0.00010084280198330475,0.000983688024286854,0.0006965382593532,0.005395935543919616,0.002246243713054307,0.007036583434336902,0.002994386360436813,0.007567960310863688,0.0031274645952506066,0.007605671845674069,0.0023887071109612696,0.007203959073391019,0.0001537555697404794,-0.0001272628671845529,0.0008274248956801674,-4.0121278798237376e-05,0.0012230702680321992,0.0002994637848697264,0.0013036304269293134,0.0003106913812041561,0.001341855831737312,-7.495206644497696e-05,2.7760140544828034e-07,-9.360514115917092e-06,-1.149151360728547e-06,-7.144858810403431e-06,1.1433825705340435e-06,-9.066573381637588e-06,-1.146492412739727e-06,-1.708554332109783e-07,-5.999864849806568e-07,-2.1896808502886084e-07,1.3479371105674774e-05,-1.7331355545693287e-06,-1.2090767154806924e-06,-1.0531768645059193e-06,3.5613772569501655e-06,-2.690539542078445e-06,4.78287566908737e-07,1.4104156507899992e-05,-1.6931998654837828e-06,-1.0078348026107926e-06,-8.473352783906775e-06,-1.1033242095416576e-06,-1.208802269496138e-06,-8.596362748030402e-09,8.048788611321508e-07,-1.4433128376152798e-07,-4.838426118404883e-07,1.241646177973123e-05,-3.122176838593153e-06,1.60972363248296e-05,-2.0425604744136712e-07,-1.422430998533433e-06,-9.499360576693227e-06,4.693205407557359e-07,1.4744258357045699e-06,-6.001494617433574e-08,1.191804241954357e-06,5.435873111590869e-07,1.4780536600487661e-06,-8.433440111537705e-08,2.531102101664229e-07,-3.953415679280335e-07,-1.1010924391923568e-07,1.9347529592541288e-06,-2.165002779091311e-08,-1.8188690500223817e-07,-4.479069009952055e-08,5.293901055987796e-07,1.9417997475972216e-07,2.2666818918773217e-07,2.118289204540022e-06,-3.554866295062078e-08,-1.7752702669515297e-07,1.5429441808765921e-06,-2.0520811590447275e-07,-1.873489620869837e-07,1.3453108173998464e-07,5.010348342004706e-07,-4.009992649459654e-08,-4.308925545634924e-08,1.92372507880403e-06,2.3887948344249484e-07,2.028755103805572e-06,-3.5524780869470696e-08,3.2228969340249895e-07,1.4838868910727905e-06,2.752326462987081e-06
1500.0000000000011,-0.025772152568040094,0.34550940329396573,-0.2675453696666667,-0.010252009464586839,0.36138699135526076,-0.2546381816999999,-0.011239045452066328,0.3636911146792443,-0.2439737701999999,-0.012166837953966139,0.3638832968358063,-0.2463994879666666,-0.03557837677127614,0.3705540537113683,-0.2699127888666666,-0.03380276153105071,0.370723446805928,-0.2837411701333334,-0.029505610008956976,0.3596524526318785,-0.2640417719999999,0.026827945503406364,0.3508277492406749,-0.1426549687,-0.09707904758592477,0.30665679506868293,-0.1659931807999999,-0.0005659251381190006,0.3369915825655994,-0.2189554357666666,-0.03240854671587228,0.30638335633813285,-0.2531507765333333,0.10013101595838365,0.21189008598148099,-0.00362381189449,-0.1495522726650397,0.2897263619128928,-0.0613301885566666,0.14400761274916002,0.040210738493834185,0.04060090309,-0.2002314306323999,0.29471515101492035,-0.2465497796333333,0.18465612088064262,-0.11796647201481031,0.05640107659,-0.16617610968665814,0.4767557206962854,-0.3733298789,0.17914839206296237,-0.14854933777844342,0.0754057819933333,-0.13879721041740065,0.5290233200677243,-0.4432857313333333,0.16332822127061264,-0.15573046378617925,0.0474584371466666,-0.10774330302818615,0.5725419938474177,-0.4248362943333333,0.18201264814319504,-0.1438059601770495,0.0486066004266666,-0.15340078678359922,0.5000385249278864,-0.394477099,0.07752354749781588,-0.1694472880753998,0.0528729660133333,-0.07612419547863265,-0.18847267161261122,-0.04939178148,0.08904202291908453,-0.4942134594672934,0.0615707769733333,-0.03182869858357399,-0.4602934884433067,-0.0592894640899999,0.09990994408603422,-0.7576735159213059,0.2275637055666667,-0.0595438594054057,-0.7733632889585289,0.1509422236099999,0.08394669843733253,-0.789091166763845,0.2523819398,-0.06178460953450586,-0.8004613252776751,0.13153331059,0.11593374488989229,-0.82706747671586,0.2113133691333333,-0.04480853127034599,-0.8394498159781419,0.0569332820956666,onweer_g_ch1_g19_compr.mp4,ch1g19,1.4464347854087161e-05,0.0004221034676048285,3.001132441566606e-05,0.00036622148351376366,0.00011016552525341475,0.000430373499356249,3.202750202783528e-05,5.2932330253729726e-05,2.441131225855793e-05,3.436855792454545e-05,0.00016638548630115688,4.776578185975984e-05,3.564217977995453e-05,3.0338928885849674e-05,4.923312932949458e-05,4.9012261857046854e-05,0.00011336690226572895,0.0002029027295083475,4.917319563279759e-05,3.726160999605103e-05,0.000450019868295154,2.96294936991084e-05,3.5219028696035005e-05,2.3260162756707198e-05,0.0001015048970290913,1.8351957437700785e-05,2.306965210730592e-05,0.0001546434746833836,7.670564901104057e-05,0.0002188317364444334,1.879123928228285e-05,1.6340845472783587e-05,0.0004466306205548098,0.0005819175350827361,0.0001127885069039741,-0.0002574526876963676,-0.00023538304820885144,-0.0002409193979360574,-0.00021155729142739615,-0.00020599446861958076,-0.00022559157131511664,-0.00026109477989245977,-0.00024520630609205907,-6.930943626369906e-05,-0.0003229371617902105,-0.00026826925719550303,-7.278566409911405e-05,0.0009658603878788195,0.0007870967382450924,0.005302700895873646,0.002439637148389829,0.00689758974330023,0.0032110751564232696,0.007414089964456457,0.003358256332914724,0.0074712321963235715,0.0025901920428577944,0.007065187180549328,0.00015474510410014856,-0.00012939789479996167,0.0008244639044581732,-5.228695063859734e-05,0.001214745704145184,0.0002754258321049686,0.0012964532915696503,0.0002858175368635884,0.0013349546758046095,-0.00010429550902689547,8.029438855176694e-07,-8.27865858993987e-06,-1.25263915491752e-06,-5.851454929050445e-06,1.686490261868687e-06,-8.111385275018407e-06,-1.2304950511470283e-06,1.4568115899416864e-07,-9.607276189536333e-07,-3.854355211257501e-07,1.478603979659283e-05,-1.5138959500499476e-06,-1.4389689126075132e-06,-1.115401224864593e-06,4.227472284774994e-06,-2.3194510974471474e-06,8.218528818774523e-07,1.5528915813742148e-05,-1.5122660123786187e-06,-1.2091304197734562e-06,-7.701328477085251e-06,-1.323984549021457e-06,-1.4457843202559794e-06,1.9637635248253616e-07,1.3105221335551616e-06,-1.9868498068616627e-07,-5.143480669014268e-07,1.3766115015933013e-05,-3.0518370690487843e-06,1.741590569079939e-05,-2.449745974449478e-07,-1.210215271881167e-06,-8.605677523980512e-06,4.528283418799687e-07,-6.358521566034483e-08,-1.1879209182108169e-07,1.3979890257650434e-07,3.801412735524707e-07,-9.969027773609334e-08,-1.455964061199539e-07,1.167796471782409e-07,-3.429738869667489e-07,-6.440381324585249e-08,1.2227981795225497e-06,1.5523625887878311e-07,-2.694246987462113e-07,-1.0070789355344791e-07,5.361055222963896e-07,3.7503076722845005e-07,9.786698983951303e-08,1.391459159176784e-06,1.2764089772544597e-07,-2.729038337846631e-07,-1.417263834320763e-07,-1.9023750466943593e-07,-2.695134830310695e-07,1.5277453849778372e-07,3.5261167780498726e-07,-4.3778170237225366e-08,-1.700359372825235e-08,1.272074000092873e-06,6.922695927238602e-08,1.1863837906285618e-06,-3.6372520577650057e-08,2.650477498239284e-07,-1.0950091343217828e-07,1.388944997313117e-06
1516.666666666668,-0.02537759109302206,0.34518706992155673,-0.2683752391666667,-0.009790270876535619,0.36108574705290114,-0.2553979917333333,-0.01080986002916053,0.36338229037308306,-0.2447463958999999,-0.011728451299246148,0.3636037756310633,-0.2471052596,-0.035043262598195866,0.37028362518969554,-0.2707441355666666,-0.033267948390291915,0.3704333178091833,-0.2845363616333333,-0.028956939268298513,0.359326577126017,-0.2648533190666666,0.02682314208643142,0.3505319722791395,-0.1434089466,-0.09680812967306232,0.3065513905653502,-0.1671202216999999,-0.00037207549877358925,0.33660977620112237,-0.2197970488999999,-0.03215373323470674,0.30606336050110866,-0.2541252538666666,0.09974267314442743,0.21180098214081977,-0.0045816774111566,-0.14877785388362644,0.2906611338723475,-0.0632396212266666,0.14421073184552757,0.04099217591268166,0.03923916842,-0.1972591458418626,0.2999219832578167,-0.2475023164999999,0.185550406945616,-0.11545342147489397,0.0549084436666666,-0.1649306269167645,0.48354955418227036,-0.3719604165,0.18026790429434283,-0.14525796671455024,0.0738649544899999,-0.13829521350991794,0.5363380868502937,-0.4421332377333333,0.16481030960254656,-0.15227730463438383,0.0456999074033333,-0.10726175607518644,0.5799175165410073,-0.4236968999000001,0.1830637056349669,-0.14113386879696874,0.0469783778633333,-0.1523016020517133,0.5070037237940862,-0.405833274,0.07725804157234993,-0.16928861290801211,0.0530652903333333,-0.07585318535865028,-0.18860657116879356,-0.0495847020933333,0.08935888000951131,-0.49341114681727827,0.0605562379933333,-0.031259638635711115,-0.4603664687865668,-0.0597866123999999,0.10110340843705098,-0.7564980323559916,0.2255653088666666,-0.058786712102609,-0.7731157947069213,0.1491348036433333,0.08527216738216999,-0.7878340886727854,0.2503079385666666,-0.061055947414412254,-0.8002018025103755,0.1296500072233333,0.11728375897101176,-0.8257667415920332,0.2094658332666666,-0.044024192791634394,-0.839611815809899,0.055322096279,onweer_g_ch1_g19_compr.mp4,ch1g19,1.4884610916647087e-05,0.0004148126917024032,2.818100110591771e-05,0.00036021611358333865,0.0001119584381470991,0.0004233838325334061,3.0202006005056163e-05,5.349514096264514e-05,2.3305840693320725e-05,3.399552533283126e-05,0.00018375784209374721,4.648577774490595e-05,3.360418954731286e-05,2.8646253859220486e-05,5.456306553162676e-05,4.7014372627925804e-05,0.00011375290509318785,0.00022144156759817713,4.7850040348362696e-05,3.5424031746230195e-05,0.00044409689366480296,2.768962785342303e-05,3.3170221938896734e-05,2.2965999323802234e-05,0.00010296391612661368,1.8169056689127024e-05,2.207202016002303e-05,0.00017088808362386563,7.391669164982564e-05,0.00023935262189166807,1.856416361152359e-05,1.5111619977054471e-05,0.0004395142870992009,0.0005779317286041005,0.0001135393957420431,-0.00027073179151498856,-0.00024833857551935984,-0.0002547454641726852,-0.0002256967609028578,-0.00022278916676830407,-0.00024083742304947535,-0.0002774289611582283,-0.0002498526235279317,-7.826153138227437e-05,-0.0003341697768216919,-0.00027820732968499246,-5.5525270485601684e-05,0.0009435305752868516,0.0008645405780676849,0.005217819963565153,0.002639564607880973,0.006800294791140225,0.003440177670966252,0.00730914540628237,0.0036077300994076084,0.007385553600436567,0.0028016856927533065,0.006969295542975306,0.00015639955350971887,-0.00013186021535053908,0.0008232941404131426,-6.837139529448343e-05,0.0011977061913191229,0.0002430655010192844,0.0012800336725865462,0.000251999134173769,0.001319423109064691,-0.00014389438072562964,1.216148271469498e-06,-8.602212651667905e-06,-1.463992454459073e-06,-5.439236361194666e-06,2.14223754037205e-06,-8.547123601214199e-06,-1.4779561452337389e-06,2.528621324255812e-07,-1.3256368696955943e-06,-3.557869048056458e-07,1.54077713840813e-05,-1.0756034812653567e-06,-1.8125149498095351e-06,-1.3113043712552361e-06,4.760871706409917e-06,-1.8000388755731211e-06,1.0086621914521186e-06,1.6422630399634972e-05,-1.1144376755258345e-06,-1.5916080482617335e-06,-8.387198109827626e-06,-1.5899472453735413e-06,-1.8219346140572671e-06,2.906316783253252e-07,1.7295944025271568e-06,-2.5607593846290825e-07,-6.059018874580667e-07,1.4461897113392024e-05,-2.9275673271154462e-06,1.8065707159132864e-05,-2.9122008246658695e-07,-1.0533349263809878e-06,-9.14650262031367e-06,3.5424239508467056e-07,-1.9563547245519124e-06,-1.6413919788857347e-07,-1.1959451284665678e-06,3.7699655061957594e-08,-2.0217634744766336e-06,-1.9888138541188474e-07,-1.1792351131920276e-07,-2.3006843403528885e-07,-2.8132685015690696e-08,5.583934282608215e-07,2.3808071401159312e-07,-3.3640969052269256e-07,-1.519119394540139e-07,5.12043497168209e-07,4.775415470402826e-07,-1.9230405507076517e-07,7.021934498084852e-07,2.0618753288408674e-07,-3.560117896325948e-07,-2.174730499847694e-06,-1.4372522205551667e-07,-3.316611329432786e-07,1.3536919394659263e-07,3.5544186917716494e-08,-4.547334156871597e-08,1.001410379017539e-08,6.363742287205899e-07,-6.580581191037361e-08,4.4192775201535966e-07,-3.8364601127363284e-08,1.6451794712091497e-07,-2.0660780659174565e-06,2.4340848918128307e-06
1533.3333333333346,-0.02500679151685878,0.3448654503839811,-0.2692226414,-0.009353510348027845,0.36078599522073534,-0.2561589682333333,-0.010406660117908865,0.36307570138497747,-0.2455197810666666,-0.011316620989655957,0.3633256052614844,-0.2478107158666666,-0.034536441298605156,0.37001107380046316,-0.2715839839,-0.03276200409880746,0.37014276116325984,-0.2853433012333333,-0.028436295776136294,0.3590008532596778,-0.2656737879333333,0.026803702508515263,0.35023014016996795,-0.1441388993666666,-0.09657076722828664,0.30643325900407337,-0.1682538031999999,-0.00019966700443380843,0.33622599346344045,-0.2206469172666666,-0.03192301468480139,0.30573939150851,-0.2551192000666666,0.09935573081650254,0.2117255450086242,-0.0055097008378233,-0.14802065154754565,0.29156116797562104,-0.0651395022666666,0.14452444383221658,0.04187908086316477,0.0379035192266666,-0.19432078365570313,0.3050162181388548,-0.2485166847333333,0.1867866464219505,-0.11275608310050461,0.05346170644,-0.16374136253460134,0.4902062745833231,-0.3707581957666667,0.18180349136417684,-0.1417538324063551,0.0724191124499999,-0.13786344410953388,0.5435012262588594,-0.4411706108,0.16671811218722843,-0.14861007681131308,0.0439889016866666,-0.10684365269724565,0.5871512800061707,-0.4227387845333333,0.18448096779956022,-0.1382763102728458,0.04536758655,-0.15125831113323632,0.513827587679511,-0.362741679,0.07699357025147323,-0.16912712196762988,0.0532596736199999,-0.07558302136433506,-0.18874323740306734,-0.04977922061,0.08971438807330491,-0.4925830589071652,0.0595585801666666,-0.03067054093274921,-0.4604409561208269,-0.0602731551833333,0.10233692023137667,-0.7552825684946636,0.2235962217333333,-0.05801375949100808,-0.7728806986798807,0.1473142731433333,0.08663455413066576,-0.7865351203709218,0.2482697046,-0.0603116535034327,-0.7999575276187078,0.1277509940566666,0.11864307257093827,-0.8244432375009423,0.2076833707666666,-0.043231372587059926,-0.8397916488496602,0.0537073677123333,onweer_g_ch1_g19_compr.mp4,ch1g19,1.612748400405385e-05,0.0004077584253351183,2.7389159500273278e-05,0.00035357296350209974,0.00011353295146852443,0.0004165467060140433,2.942405656117431e-05,5.41869738443671e-05,2.2363456381289645e-05,3.303697832484969e-05,0.00019981947554121446,4.520188608180893e-05,3.267581529550766e-05,2.7983551301149954e-05,5.9979274082998894e-05,4.541313274222367e-05,0.00011418607794345087,0.00023840166598260523,4.644000665112934e-05,3.465461150955837e-05,0.0004378871095471072,2.645051591227785e-05,3.225430645875326e-05,2.3239378369796007e-05,0.00010423996424368456,1.7876025299153105e-05,2.1669799437023377e-05,0.00018606146822520615,7.074825726058836e-05,0.0002576565275771073,1.8243431143751083e-05,1.5133250598406373e-05,0.0004322591238752686,0.0005740184293461973,0.00011411680140663588,-0.0002811132011084358,-0.00026016062689584486,-0.00026737088613777634,-0.00023851229205279882,-0.0002388611847553266,-0.00025503068329223394,-0.00029261542724023476,-0.00026035706868960746,-9.206274985641009e-05,-0.00034501750300315387,-0.00028697640004663393,-4.8690512016151695e-05,0.0009131691360128684,0.0009235522024032844,0.005138730515067911,0.0028231686161711293,0.00670474862048286,0.0036476168276181704,0.007200959419873953,0.003835282257242067,0.007292821748512503,0.0029980950571367295,0.006873618692018817,0.00015865925136918628,-0.00013449403521895083,0.0008258058793259076,-8.722478996549001e-05,0.0011838026106319463,0.00020020675070993093,0.0012675758363770806,0.00020811580656327156,0.0013133569076383882,-0.0001937503246991234,1.4584270781540351e-06,-1.0967073303315075e-05,-1.7017708730600448e-06,-6.754223463053719e-06,2.167845073114914e-06,-1.0992798118163838e-05,-1.7651493850072448e-06,2.3443450844218725e-08,-1.6343772188337628e-06,-3.0097271243815994e-07,1.567611046847031e-05,-7.636714680516728e-07,-2.225091695275753e-06,-1.545056546847523e-06,5.248518143011081e-06,-1.3869576168164445e-06,7.993162260658624e-07,1.693617326506073e-05,-8.33738163605892e-07,-2.029474085552709e-06,-1.1038727702130684e-05,-1.7850101022135487e-06,-2.2284086298218748e-06,3.4438313726482545e-07,1.7392381542663444e-06,-3.1318815102518703e-07,-6.597853549171637e-07,1.4799578614139025e-05,-2.886170159352799e-06,1.833940694450918e-05,-3.428759618954495e-07,-9.574040143847159e-07,-1.1640093432657775e-05,1.7754269932590854e-07,-3.943653164588979e-06,-1.926227085343028e-07,-2.710546306850136e-06,-4.562379142607265e-07,-4.017288513803264e-06,-2.4145513134781996e-07,-3.984491689634472e-07,-7.600711249432183e-08,-9.185185730177123e-09,1.13502561140104e-07,2.05434657052699e-07,-3.758090245578766e-07,-1.9420646393960433e-07,4.819281639473903e-07,4.855342217373462e-07,-6.327189247739168e-07,2.2953632298554814e-07,1.796014452883353e-07,-4.184240895426281e-07,-4.232856816312342e-06,-7.334498368749526e-08,-3.6782390720452834e-07,7.982766907226661e-08,-4.2063618368825907e-07,-4.365410072674057e-08,3.249406331141458e-08,1.8147597620887596e-07,-1.5715908897181243e-07,-5.133452454491467e-09,-3.989464571973417e-08,4.422232743689354e-08,-4.088574315265459e-06,4.812966844816017e-06
1550.0000000000014,-0.024745111906743025,0.3445232563216986,-0.2701532159333334,-0.00900717152739816,0.3604705535144585,-0.2570005033666666,-0.010094554418237494,0.36275298464041517,-0.2463766223,-0.010995724182336753,0.3630306000750862,-0.2485986684,-0.0341306214651628,0.369719871407424,-0.2724879012333333,-0.03235752746281378,0.369834812564621,-0.2862168718666667,-0.02801479138811434,0.3586574375916902,-0.2665605192999999,0.026769894429850897,0.3499264356199768,-0.1449541314666666,-0.09637894657691569,0.3063133913203335,-0.169408974,-0.00010079857869887958,0.3358246671621049,-0.2215849448666666,-0.03177567257509605,0.3054013818680997,-0.2561808943666666,0.09898251159379672,0.21166190294443368,-0.0065555482411566,-0.14729503768198537,0.29246088007715676,-0.06703773195,0.14495044178378802,0.042822409064800886,0.03618422784,-0.19151648655720085,0.3101714999473083,-0.2494277596,0.18825476885392403,-0.1098418088167348,0.05135671399,-0.1627516644820069,0.4968152574621217,-0.3694854587999999,0.18360313360801672,-0.1379875537553559,0.0702406057866666,-0.13763406290587835,0.5505619922394827,-0.4401481060333334,0.16887429625049852,-0.14462891787143864,0.0415536542106666,-0.10658430838150834,0.5943192325189185,-0.4217399845333333,0.18612614122201543,-0.13517411224189593,0.04309002425,-0.1503904707722808,0.5206022777977358,-0.366501,0.07673510573080793,-0.1689658489451036,0.0534370060066666,-0.07531796693304113,-0.1888800404719295,-0.0499574981033333,0.09005535672245839,-0.49174389828199117,0.0585062872333333,-0.03014320817963085,-0.4605411505417144,-0.0606390883199999,0.1035794825469829,-0.7540800122580773,0.2215870623999999,-0.05731029654660722,-0.7726876530212772,0.1456369194433333,0.0880070824846791,-0.7852479965592565,0.2461943468666666,-0.05963355371979058,-0.7997582411005025,0.1259960947566666,0.11999021882140093,-0.8231207267130369,0.2058396928333333,-0.04254723586681653,-0.8400189059280485,0.0522215310923333,onweer_g_ch1_g19_compr.mp4,ch1g19,1.9124362373971225e-05,0.00039503050260975676,2.6588559474504302e-05,0.0003444187905802245,0.00011559974135940364,0.0004036470496021745,2.860097241226402e-05,5.442457721725429e-05,2.1152118012115217e-05,3.18640316845522e-05,0.0002139834607530996,4.361180766990984e-05,3.1282803912654175e-05,2.7391028157839293e-05,6.475201251643187e-05,4.4376293094266634e-05,0.00011484109105487128,0.0002535983670360191,4.475681136614528e-05,3.350632291265165e-05,0.0004244855856418278,2.5253201171870673e-05,3.0833514576648505e-05,2.4391107872806405e-05,0.00010594004283994575,1.7456528833784967e-05,2.1584234728032264e-05,0.00019955082402330806,6.700797854269555e-05,0.00027378259331365274,1.7810418293574237e-05,1.5044696392053427e-05,0.0004185153410350347,0.0005645234767396047,0.00011500636869579985,-0.0003152981188003735,-0.0002955927649268426,-0.00030356015530614135,-0.0002755179752869939,-0.0002788039458690542,-0.00029274966422985956,-0.00033120918286276357,-0.0002940370392007267,-0.0001243778818474006,-0.0003794822805915642,-0.00031788132242917874,-5.91088206339619e-05,0.0008667721340924986,0.0009593079018398979,0.005012871881687635,0.0029793468446256753,0.006511443088633025,0.0038272390780141508,0.006982134240931308,0.004034300418930975,0.007078389676615117,0.0031666488933227172,0.006673885052719699,0.00016135253328076422,-0.000137262728829204,0.0008213866996919096,-0.0001133221107298606,0.0011738138263669854,0.00015366118745884798,0.0012602922022057765,0.0001604045959756083,0.0013131213142715964,-0.00025182302277891464,1.5204190150346847e-06,-1.574981863294949e-05,-1.9649479236044354e-06,-1.0141593118454985e-05,1.6738894390612317e-06,-1.585278216325513e-05,-2.081191317956669e-06,-5.348995908453827e-07,-1.6808595970122834e-06,-2.17618832344496e-07,1.552162701864634e-05,-5.060620595366081e-07,-2.6558318655857787e-06,-1.8154136676236326e-06,5.668530015979338e-06,-8.954297763981638e-07,1.002925392422645e-07,1.6905714561730026e-05,-5.945706211540413e-07,-2.5107707411082608e-06,-1.6120510820862414e-05,-1.892002711316768e-06,-2.646085006151533e-06,3.322413916028978e-07,1.2634346030057212e-06,-3.649348287563053e-07,-6.645512315426771e-07,1.4734249198827006e-05,-3.0460096763361837e-06,1.806619685715302e-05,-3.948579152233339e-07,-9.50120343459234e-07,-1.6521496303708925e-05,-7.427297277505592e-08,-5.609299519706133e-06,-1.5189937213183637e-07,-4.1874828683221345e-06,-1.080205222168793e-06,-5.663064575958456e-06,-2.1569587962737402e-07,-6.545960006918931e-07,1.2378822696452488e-07,-3.419967266489365e-08,-5.065696361575409e-08,7.015676274692748e-08,-3.175204870694072e-07,-1.761031378290724e-07,4.6108834735314735e-07,3.9792293104791983e-07,-1.1865445083334278e-06,7.355756318080235e-09,5.55288964578577e-08,-3.9089544434305785e-07,-5.872316362853845e-06,4.749630194472275e-08,-3.060963366942659e-07,-6.50023696427912e-09,-9.904785642903835e-07,-3.9617000527773084e-08,6.618227485783564e-08,-2.9622297289701293e-08,-2.1121382583316858e-07,-1.3612727594168594e-07,-4.14829404686734e-08,-2.8243914396371318e-08,-5.756648495554809e-06,7.015178815884054e-06
1566.666666666668,-0.02450703580149805,0.3442368006030112,-0.2711091999333334,-0.00867153947464389,0.36020538112448086,-0.2578703417666666,-0.009793623939657622,0.36248028675682814,-0.2472633427333333,-0.01068624949555062,0.3627859050804853,-0.2494164312333333,-0.03373831071511872,0.36947475731033946,-0.2734176909666666,-0.03196718539109064,0.36957729169627423,-0.2871160933666666,-0.02760646905663932,0.35835888769925567,-0.2674732134333333,0.026740890239801744,0.34967204967365295,-0.1457986001333333,-0.09618787577655101,0.3062473520653986,-0.1705798958333333,-1.6048837246475433e-05,0.3354719626372407,-0.2225497071333333,-0.03164654147733332,0.30512062519428346,-0.2572628359,0.09865912443389868,0.2116350125835998,-0.0076878595111566,-0.14657913309066153,0.2933688366523029,-0.06892892139,0.1454916237730504,0.04385784822887521,0.0338329430280666,-0.18874324251736382,0.3151982737921033,-0.2502058043666667,0.18990248130224344,-0.10666288177347041,0.0479134179833333,-0.16179776021690248,0.5032763442138621,-0.3679459462999999,0.18560541490408883,-0.13392066724224774,0.0665817516443333,-0.13742383853317125,0.5574712295761513,-0.4388204682,0.1712259500037409,-0.14033033285992205,0.0376488567039999,-0.10635930197092551,0.6013402361585438,-0.4205012678666666,0.18794658672184542,-0.1317930774078194,0.0394509047566666,-0.14955847313507575,0.5272275861789318,-0.377996027,0.07648861924602395,-0.16880462392127404,0.0535909430733333,-0.07506313183645495,-0.18901736643302505,-0.0501149415366666,0.09047497707874137,-0.49091146150473325,0.0573936275833333,-0.029674116957021157,-0.46067299477495377,-0.0606851533966666,0.10496877563491627,-0.7528796402308822,0.219738403,-0.05659580455818432,-0.7725451816444893,0.14458594301,0.08953652389766228,-0.7839551617830818,0.2443181302333333,-0.058938029849003114,-0.799608971728217,0.1249048951566666,0.12139325802774456,-0.8217686728016457,0.2042777014333333,-0.041894259333344216,-0.8402904518371984,0.0515841863289999,onweer_g_ch1_g19_compr.mp4,ch1g19,2.1504135298571052e-05,0.0003772773854647122,2.5201905429765914e-05,0.0003338274343832797,0.00011701140780650635,0.00038541581109094247,2.7068350076928704e-05,5.369994608417496e-05,1.8994621824871167e-05,3.173674493933745e-05,0.00022697254538077264,4.3586305832075796e-05,2.9170785295865536e-05,2.6181778168577196e-05,6.938119962327783e-05,4.382717867920328e-05,0.00011478437615991401,0.0002676933954474804,4.464092434182637e-05,3.161548096398949e-05,0.000405174591748726,2.3946845879759785e-05,2.871563147387376e-05,2.551169833936167e-05,0.00010693265627670161,1.6943406316319806e-05,2.1522344650202236e-05,0.0002118226991283905,6.277495814052004e-05,0.00028886843248291326,1.7286302135400466e-05,1.448670576919066e-05,0.0003994976376899198,0.0005508734775401823,0.00011587668058968499,-0.0003653178705867017,-0.00034851500941513776,-0.0003571899176635262,-0.00033027069262528755,-0.00033129127899230115,-0.00034318986263958865,-0.0003817822850453813,-0.0003542355749365607,-0.00016325704257070373,-0.0004323460015350815,-0.00036192293855267973,-8.560702225266799e-05,0.0008030514265362698,0.0009904018038128526,0.004845726735357751,0.0031192140064790356,0.006231010449210107,0.00399178650213373,0.006664269073722334,0.004219081293628711,0.006758024095125166,0.003319571327040152,0.0063823143378393425,0.00016421180997822592,-0.00013998557346118796,0.0008024192995518589,-0.00015855443173701817,0.001153310689615063,0.00010498531267623355,0.001242367445311259,0.00011229331698665817,0.0013054894259809957,-0.0003094587607686536,1.4813595796838158e-06,-2.236274211134864e-05,-2.0219448214181547e-06,-1.5249549040362134e-05,3.117263867170018e-07,-2.250678811364661e-05,-2.217632583117514e-06,-1.4413844806708926e-06,-1.4000870815318698e-06,-1.6785974223439168e-07,1.4953722126337951e-05,-5.105384125581549e-07,-2.863733855309764e-06,-1.9048573870258441e-06,5.9363822603997e-06,-4.838215163381012e-07,-1.3177830010251168e-06,1.6338582139581747e-05,-5.93914270494151e-07,-2.806672541969332e-06,-2.297993013511499e-05,-1.695471683779102e-06,-2.8406140401014716e-06,3.886340067073803e-07,9.878166299454623e-09,-3.9751753425103243e-07,-4.719140840555475e-07,1.4198618657328781e-05,-3.303415931497712e-06,1.7321495640791585e-05,-4.345912114580905e-07,-8.893557017963246e-07,-2.322824526090421e-05,-2.9224026891427174e-07,-6.675748515704793e-06,-1.4224180634817873e-08,-5.437677240895351e-06,-1.735033244007937e-06,-6.689341798783829e-06,-8.589665400319835e-08,-8.178960288985437e-07,3.771153235917714e-07,-1.4631553664513662e-07,-7.275567890250212e-09,-2.1283457408081528e-07,-1.434510301600005e-07,-6.271266142173772e-08,4.4103874635725514e-07,2.2356346369068315e-07,-1.7485942428595885e-06,-4.67017243291875e-08,-2.1061173564765237e-07,-2.453417805934066e-07,-6.842540904726042e-06,2.1614889441954558e-07,-1.3011675786454463e-07,-7.613337776460351e-08,-1.5790341968642614e-06,-3.7162366784203573e-08,1.2498805448486362e-07,-4.958941107020444e-08,-2.492565046885968e-07,-7.138131448377484e-08,-4.5286954992143885e-08,-2.0965798003618603e-08,-6.814077983135394e-06,8.621538511574642e-06
1583.3333333333348,-0.024383921619917984,0.3439425399795305,-0.2722724352333334,-0.008427245405793104,0.35992698756896596,-0.2589538180999999,-0.009586057183210562,0.3621936282899539,-0.2483668675999999,-0.010470331780533318,0.3625258456436227,-0.2504533648,-0.03344832534572709,0.36921712402008117,-0.2745294476999999,-0.03167797970038518,0.36930859761059315,-0.2881997266666667,-0.027299785185926604,0.35805100555903135,-0.2685678730999999,0.02669378860309217,0.3493739692205916,-0.1468947618666666,-0.09603271375817193,0.30615692866075844,-0.1718616708666666,-1.5710202611125482e-05,0.3351053452362266,-0.2237426166,-0.03160792640580246,0.30482950969740785,-0.2585345844333333,0.09836460843860036,0.2116028601741281,-0.0091470335578233,-0.14591860307958507,0.2942047243792103,-0.0708762664133333,0.1462248436540927,0.04495864599938207,0.0308872714880666,-0.18606928349004437,0.3199745257971805,-0.2510602925666666,0.19171026025701715,-0.10335053068755302,0.04364839732,-0.16098620936132718,0.5093726894069354,-0.3670976559666666,0.18775633946272072,-0.12972535952086717,0.062056483181,-0.13735164191327093,0.5639704429629471,-0.4382808782999999,0.17367335944179865,-0.13592385190915018,0.0328715703773333,-0.10623800824682206,0.6079315392125009,-0.4200391679666667,0.1899034067749699,-0.12828138860642116,0.0349796886533333,-0.14884721934648118,0.5334577800767812,-0.357887685,0.07625489504071445,-0.1686430304091176,0.0537147489999999,-0.07482026945050149,-0.18915526032943775,-0.0502426023799999,0.09087616814220546,-0.4900916239851733,0.0562797105266666,-0.02920785002837519,-0.46082342781264074,-0.0606758489866666,0.10633027366433256,-0.7516938745055055,0.2178787286666666,-0.055860528994037206,-0.7724100994429542,0.1435643675766666,0.09104009110325835,-0.7826790714974512,0.2424348817333333,-0.05821653734271117,-0.7994628287884274,0.1238390558233333,0.12276371866181952,-0.8204206176001615,0.2026882949333333,-0.041248418446992244,-0.8405609314675357,0.0508808423356666,onweer_g_ch1_g19_compr.mp4,ch1g19,2.3303273649912016e-05,0.00035222857586738037,2.3198910775951768e-05,0.00031861788401218587,0.00011701045145759251,0.0003601124636117378,2.4826123726584766e-05,5.1892576741481854e-05,1.704341436944128e-05,3.227397717713221e-05,0.00024091234201944678,4.4095452681875584e-05,2.61593807472254e-05,2.4314138233415933e-05,7.504375240619526e-05,4.3557628015351125e-05,0.00011395668017739241,0.00028319415730456365,4.505646344470505e-05,2.8632200940201317e-05,0.0003789946530240539,2.2491559598386295e-05,2.5719075952265648e-05,2.6286824920322974e-05,0.00010659309674121178,1.6533189311294802e-05,2.131455218691288e-05,0.00022506714771381537,5.945929554952129e-05,0.00030529919615865993,1.684633704269794e-05,1.33229353170016e-05,0.0003731918017044304,0.0005309134688677623,0.00011572455733778106,-0.0003922821401707334,-0.00038041099527285976,-0.00038941220945780196,-0.00036439183237782887,-0.00036098184804631836,-0.0003705122865255322,-0.0004075009411080185,-0.0004049391063078462,-0.00018979478785880743,-0.0004648314815390851,-0.00038543049472492224,-0.00010110847884859643,0.0007418581694665103,0.0010436452555965155,0.004596015087848162,0.0032936269036517953,0.0058256443279055565,0.004199336599484881,0.006219931585827027,0.004446716342818055,0.006318449924008227,0.0035075772791968215,0.005969962811554396,0.00016494773086227937,-0.00014091699853675344,0.0007689327881910652,-0.00019945121501720807,0.0011303378118916448,6.816015404270083e-05,0.0012212651022943223,7.68937193889151e-05,0.001299206959451789,-0.00035054554564676975,1.243419054776807e-06,-2.9724001739103272e-05,-1.820805887176486e-06,-2.1519603564012092e-05,-1.7256531127989037e-06,-2.9814863629753957e-05,-2.1038297436973047e-06,-2.478771121578689e-06,-8.464668670557268e-07,-2.697607062203875e-07,1.4719260601539398e-05,-8.158634830005954e-07,-2.780804831667109e-06,-1.7634069938765203e-06,6.062090045903011e-06,-2.534331448335851e-07,-3.3136945217983036e-06,1.6001164741279546e-05,-8.845294766539058e-07,-2.842296751374717e-06,-3.0347115318732942e-05,-1.216122641848306e-06,-2.7408867893522214e-06,4.470267367273971e-07,-1.848650339343679e-06,-4.2355064100147574e-07,-1.4899168026682024e-07,1.3882319846115534e-05,-3.58148814376382e-06,1.7021071452364118e-05,-4.725944050981862e-07,-8.052168955212034e-07,-3.06336509051815e-05,-4.3898643626612656e-07,-6.859502912299503e-06,2.076772490504417e-07,-6.133088057354526e-06,-2.29392711762426e-06,-6.837644298201021e-06,1.381651142139481e-07,-8.445149530978232e-07,6.240715737942338e-07,-3.2225434899126965e-07,1.2984786707224485e-07,-5.513733611049506e-07,1.4010840217899106e-07,1.390769297446911e-07,3.7239157008273796e-07,6.67668441958316e-09,-2.198733936753168e-06,-5.5783983011558535e-08,-5.323898590628533e-07,2.2419022490781637e-08,-6.928505925854645e-06,4.2316662324915646e-07,1.5325500974582118e-07,-9.646697186388447e-08,-2.0738941515356783e-06,-4.455672557978394e-08,2.178721322587518e-07,1.8040804211507154e-08,-3.2634917095815167e-07,4.244932273892727e-08,-5.7315035789712946e-08,7.435211900703596e-08,-6.997683565527883e-06,9.209047196925172e-06
1600.0000000000016,-0.024309379360993828,0.3436179099472347,-0.2734032247666667,-0.008237374109780333,0.3596086971834894,-0.2600166603,-0.009429418536036786,0.3618653027982116,-0.2494609009333333,-0.010305097530646025,0.36222429123057925,-0.2514811212333333,-0.03320333976349494,0.36891361372875037,-0.2756204734666666,-0.031431971547539135,0.3689956485093349,-0.2892583856333333,-0.027035880896818437,0.3576986519917647,-0.2696405262333333,0.026625040283079795,0.34901877552082033,-0.1480477655666666,-0.0958929994766007,0.3059982170770181,-0.1731435760333333,-5.446643438712402e-05,0.3346998260234923,-0.2249366470333333,-0.03160131072360105,0.3045003442570581,-0.2597900365666666,0.09807609542465577,0.21153874898499142,-0.01070722679449,-0.14528365452729403,0.29491672027247556,-0.0726987499533333,0.14698682716573236,0.046068331389446895,0.0274906422580666,-0.1835567271406158,0.32434154609385546,-0.2512596631333333,0.1935190137636992,-0.0999967711300139,0.0383575887933333,-0.16029976777179622,0.5150016720165016,-0.3650015145999998,0.1899194846518852,-0.1254787586635552,0.0563532740843333,-0.13736367297296248,0.5700100497061845,-0.4362989781666667,0.17611006847483832,-0.13145196277139595,0.0269747398206666,-0.10621556594053047,0.61408854490232,-0.4181977818,0.19184592674949952,-0.12471647432125614,0.0294780147833333,-0.1482577209750276,0.5392471682593455,-0.36133182,0.0760339823455578,-0.16848247722412024,0.0538246640633333,-0.07458836029452574,-0.18929267206304948,-0.0503580394399999,0.09129831920061483,-0.4893441270644532,0.0549805435966666,-0.02870546967156174,-0.46103458440396067,-0.0607030275866666,0.1077167994438915,-0.750635871637769,0.2157076319666666,-0.055117371224670704,-0.7724010916837329,0.1423378872766666,0.09257789498569508,-0.7815328720821877,0.2402153945,-0.05748919350602149,-0.7994477250060723,0.12255029909,0.12414078689160751,-0.8192215302069742,0.2007255566666666,-0.04060715579363915,-0.8409615776063011,0.0498729695156666,onweer_g_ch1_g19_compr.mp4,ch1g19,2.3894683992931483e-05,0.00031920479817637457,2.0507206753309106e-05,0.0002959187627574632,0.0001149390687867343,0.00032686034525969214,2.180763182474742e-05,4.858246353449136e-05,1.6207481782141006e-05,3.260703632537483e-05,0.00025565829381357446,4.348695083748082e-05,2.241448072129907e-05,2.166358572284542e-05,8.132291333707015e-05,4.297991447146664e-05,0.00011024275933419836,0.00029910284743535424,4.445106914865211e-05,2.4775354035469993e-05,0.0003446527539787889,2.0759622672136382e-05,2.203664379081668e-05,2.6260359228714862e-05,0.00010436699991817197,1.6134083113688758e-05,2.0798585364696083e-05,0.00023890874809542932,5.6577184655701974e-05,0.00032253374828432026,1.6382190608115002e-05,1.1881602437873676e-05,0.00033867228648517785,0.0005031405603614976,0.00011343883030240553,-0.0004004001255032582,-0.00039230174855817645,-0.00040213576037340223,-0.00037887491437509676,-0.0003693892985473594,-0.0003772103922053269,-0.0004118606522983432,-0.000437663838258078,-0.00019734702694695295,-0.0004801136850671415,-0.00039100600407969736,-9.942991488564925e-05,0.0006847061610510395,0.0011178411033987382,0.004246077590750392,0.0034916257033968776,0.005285497491138156,0.0044262434134385974,0.005631272793254831,0.0046998917353453466,0.005737509535385071,0.0037214168365908816,0.005422835174056393,0.00016275026883797196,-0.00013944760184320942,0.0007165939013365144,-0.0002379920912420073,0.0010887246705121988,2.2722783150439342e-05,0.001181176174812371,3.255241085996033e-05,0.0012609064098237745,-0.00039777215747085337,7.721846900382443e-07,-3.7132267033958276e-05,-1.4682388754687517e-06,-2.8168733892038156e-05,-4.3606938387435775e-06,-3.717632932139819e-05,-1.8247902004958172e-06,-3.406574181604417e-06,-1.5732315267025652e-07,-6.849316214010056e-07,1.5091743436954506e-05,-1.5126976601341286e-06,-2.5071114507936567e-06,-1.4910362902550958e-06,6.3271872009939494e-06,-3.8532318906657736e-07,-5.7229627442971515e-06,1.613399393874856e-05,-1.5576215561755918e-06,-2.7049574445526307e-06,-3.7772752556116534e-05,-6.214697115434759e-07,-2.452417104043414e-06,4.1435765944746023e-07,-4.2221429117672375e-06,-4.612931481997269e-07,1.6753230375052864e-07,1.4083777054732477e-05,-3.93153053030024e-06,1.7383829136560062e-05,-5.238971697354321e-07,-7.267045226855369e-07,-3.819656473005065e-05,-4.52077660312941e-07,-5.966554085175436e-06,5.031429995544081e-07,-5.963709449565141e-06,-2.636548074671291e-06,-5.918221605814977e-06,4.488433514216182e-07,-7.157430570478303e-07,8.046847579288458e-07,-5.08529916876013e-07,2.876534463897131e-07,-8.369587537448182e-07,5.080596861198249e-07,4.250830918717793e-07,2.59247994412427e-07,-2.1962213346085293e-07,-2.376147333309094e-06,-4.589473123467582e-08,-8.082264297006237e-07,3.873867687323224e-07,-5.9551697106017066e-06,6.568321739800617e-07,5.166737488643246e-07,-3.9876523779007675e-08,-2.3706142509451855e-06,-6.058384262628746e-08,3.434330346808787e-07,1.199168186223181e-07,-4.0445052156489245e-07,1.427325265243158e-07,-7.446266488468337e-08,2.402305232211723e-07,-6.108571143433116e-06,8.440804915181467e-06
1616.6666666666683,-0.02427576496358768,0.3432301029453136,-0.2747369636333334,-0.008079344503710563,0.35922265869000286,-0.2612848295666667,-0.00930542404486786,0.3614691167193793,-0.2507598261333333,-0.010175393595650756,0.3618477750130719,-0.2527112528,-0.03300066619004663,0.3685419276802309,-0.2768831332999999,-0.031227250912000185,0.3686189747925311,-0.2904980976666666,-0.026813956170066062,0.3572900557973115,-0.2708879729666666,0.026551602482970164,0.3485643278510426,-0.1493523545333333,-0.09576725403916916,0.3057608056388133,-0.1745165998333332,-0.00011625558223950505,0.33422882126160747,-0.2263182176333333,-0.031624218241653235,0.3041111401992174,-0.2612117235666666,0.09782084397539206,0.21144185218775932,-0.0122703278678233,-0.14465472870808332,0.29550054255222247,-0.07457293034,0.1477987166590873,0.04719934781535863,0.0244108163714,-0.18108472185779104,0.3282639247241395,-0.2518936469333333,0.19546796628390709,-0.09644270193197944,0.0337715310566666,-0.15970010054830414,0.5198586019357198,-0.3648704896666666,0.1922408758442926,-0.1210069503803945,0.0514788770176666,-0.13748852755321167,0.5751952574385917,-0.4365536449666666,0.1787643814801094,-0.1266899204457483,0.0218873835506666,-0.10624493101263367,0.6193396708924714,-0.4185841212,0.19396247084100732,-0.1209278209660363,0.0247044474166666,-0.14773357272048002,0.5442031084963008,-0.365409911,0.07582417207880515,-0.16832295025708888,0.0539369503999999,-0.0743680977941964,-0.1894297573926609,-0.0504738333399999,0.0916981740812087,-0.4886828426860565,0.0539296014533333,-0.0282048907150959,-0.46129058378908505,-0.0607793236433333,0.10910419965611445,-0.749620600673084,0.2144880573666666,-0.05438902096747635,-0.7724136210814891,0.1415066721766666,0.09412142345875996,-0.7804284146683176,0.2390547967,-0.05677280757855357,-0.7994472752040888,0.12171687269,0.12552356740078094,-0.8180195157565342,0.1998007588333333,-0.04003534657121428,-0.841367359222582,0.0491869545756666,onweer_g_ch1_g19_compr.mp4,ch1g19,2.3420873937463256e-05,0.00027865790289996115,1.825222762727935e-05,0.0002656307929042237,0.00011044623794539537,0.00028615123721684063,1.9137486171917052e-05,4.441005602967342e-05,1.6265290025074473e-05,3.200073079127146e-05,0.00027115097318522783,4.156146818983193e-05,1.9092266165493606e-05,1.9324249359386255e-05,8.800361940899849e-05,4.2317785788562035e-05,0.0001040524070471747,0.0003158051122937877,4.25447731255747e-05,2.1182134116199762e-05,0.0003032343017776475,1.9595244343663647e-05,1.879815003031973e-05,2.5847236229297044e-05,9.992546259369171e-05,1.5630912502925293e-05,2.0474246906129037e-05,0.0002533223075023759,5.356683128394555e-05,0.00034069402604941523,1.5797498735552512e-05,1.0766815140424567e-05,0.0002971347822968067,0.00046917669751911476,0.00010860550536169842,-0.00037478614779535115,-0.00037039816693085046,-0.00038089501306924216,-0.0003600704550976019,-0.0003454643840364965,-0.00035191476514866523,-0.0003836087091566275,-0.00043907051761006154,-0.00018543858435410114,-0.000461247180607161,-0.00036690662635141714,-7.219199041857966e-05,0.0006258006106830334,0.0012122193194021049,0.0037773067003459638,0.003709943670182602,0.004613245600337727,0.004677029429365232,0.004914241931268284,0.004975329873507774,0.005031385292187561,0.00395703277805116,0.004745783710444334,0.00015750987560326908,-0.00013561751709100948,0.0006463456560326523,-0.00027057415802417907,0.0010306639856199754,-2.8754254781810517e-05,0.001124349161492151,-1.7816146504873835e-05,0.001197600625088483,-0.0004578576495179475,1.4777450797059713e-07,-4.279205935820491e-05,-9.727960098489903e-07,-3.412488963640004e-05,-7.257631364371529e-06,-4.2716148390232084e-05,-1.3791240902263895e-06,-4.106701793033374e-06,6.98461856426596e-07,-1.3119351133156293e-06,1.5842409868259475e-05,-2.5552385450112775e-06,-2.000409169488728e-06,-1.078975745425089e-06,6.690216562003625e-06,-7.259335774250942e-07,-8.330263604912427e-06,1.6534114314402072e-05,-2.565550803174545e-06,-2.324825330160239e-06,-4.329830581487613e-05,3.1414528047483994e-08,-1.9393521698704378e-06,2.865543763183153e-07,-6.83392365418866e-06,-5.136076848352164e-07,4.558040729068686e-07,1.4613443626572627e-05,-4.2907500668935405e-06,1.806205311198916e-05,-5.923825187630267e-07,-5.876959582571978e-07,-4.399524751118745e-05,-3.181311784901828e-07,-4.06466367507198e-06,8.169112844775492e-07,-4.834712078331848e-06,-2.6633925248589306e-06,-4.010961778732857e-06,7.913005927179366e-07,-4.664900207315879e-07,8.854033360873582e-07,-6.371771043977013e-07,3.6438976693232715e-07,-9.901529385903062e-07,8.953466935048188e-07,7.437369640413593e-07,6.324513561073347e-08,-4.1601550624408445e-07,-2.2118646413603705e-06,-9.804901153116385e-08,-9.598124716714751e-07,7.898249120601426e-07,-4.043913467619923e-06,8.718697125923083e-07,8.975463504342322e-07,8.683603213074006e-08,-2.3823449177337993e-06,-8.028593416951835e-08,4.780937701082089e-07,1.60977655741379e-07,-4.4193554159072027e-07,1.4828757565753696e-07,-9.214133237342597e-08,4.422127709947513e-07,-4.263902164786204e-06,6.318690166849766e-06
1633.333333333335,-0.02432638309366477,0.34283234261670714,-0.2761568143333334,-0.00800171860865068,0.35882509087641673,-0.2626367736666667,-0.009257434646651708,0.36106131105134065,-0.2521409799666667,-0.010125543696262056,0.36146017587592094,-0.2540268718666666,-0.03288271832554467,0.36815395371762166,-0.2782404254333332,-0.031106996154444747,0.36822723042253436,-0.2918301472333333,-0.02667905913739535,0.3568669248474532,-0.2722273509333333,0.026465413514089636,0.34810357629336036,-0.1507274943,-0.09568281998118874,0.30550404634102146,-0.1759536071999999,-0.00023818296660251263,0.3337483640836857,-0.2277668772333333,-0.03171535965442929,0.303710400018222,-0.2627011472999999,0.09756720021949174,0.2113476243032885,-0.0138574862478233,-0.14405777215896287,0.29605924638109743,-0.0764241042033333,0.14863262249602677,0.04835131870801898,0.0213567208147333,-0.1788911791614797,0.33191704670183597,-0.2524331385333333,0.19747477063963112,-0.09273939307214356,0.0291257379166666,-0.1593881102490248,0.5243949976332948,-0.3645683219333332,0.19463599663069678,-0.1162965991037612,0.0465045826876666,-0.13787432539577676,0.5800480898321012,-0.4366213518666667,0.18150335364444256,-0.12163615123982624,0.0167035218973333,-0.10652470418766688,0.6243195267544551,-0.4188643772666666,0.19614164537100628,-0.1169553125478224,0.0198624561533333,-0.14749164079520724,0.5488911929097109,-0.366699606,0.07561698844011144,-0.16816846861566168,0.0540317880966666,-0.0741508440535223,-0.18956340706206012,-0.0505714645033333,0.09205849524918436,-0.4880636828236784,0.0529524654133333,-0.02777511001916834,-0.4615562494577123,-0.0606972466833333,0.11032508380856766,-0.7486622674763103,0.2131735459666666,-0.05369645683718918,-0.7725082135582515,0.1406342484433333,0.09548052771325138,-0.779382951460088,0.2377523254666667,-0.05609801286762625,-0.7995400685015008,0.12082233759,0.1266830778219244,-0.8168623747993986,0.1987473585,-0.03950170987016439,-0.8418813837882291,0.0484221348556666,onweer_g_ch1_g19_compr.mp4,ch1g19,2.312202228042952e-05,0.0002339666225554869,1.7517528833659055e-05,0.000228340273466633,0.00010195192543315989,0.00024192622010433163,1.7955967659106347e-05,3.980101040064043e-05,1.7610378306399298e-05,3.0460609345353014e-05,0.0002879892931328707,3.869668194710527e-05,1.7282929578156893e-05,1.8407145501298373e-05,9.508520155907138e-05,4.184685501340765e-05,9.422979491500137e-05,0.00033364817446649396,3.964630412221764e-05,1.8940412915299993e-05,0.00025907996904529226,1.999703253266124e-05,1.70831852500566e-05,2.597750008496274e-05,9.204912975483158e-05,1.5145805509060032e-05,2.1067587645979688e-05,0.00026883370650217177,4.9539602081062565e-05,0.0003599296991333336,1.5214365499891851e-05,1.0262892661380275e-05,0.0002518637154837569,0.0004338115008434694,0.00010022410747506407,-0.0003092412342970952,-0.00030941862820687806,-0.000320156425092771,-0.0003016508778471656,-0.00028380980105489363,-0.00028952251426355786,-0.00031827069778385126,-0.00040546813890939394,-0.00014984187878055516,-0.0004054792584242298,-0.00030915937363502763,-2.197518108323874e-05,0.0005675246448647911,0.0013306879598666338,0.003238082220006979,0.003957165810849784,0.003884499830324654,0.004955677811452884,0.004145710973830496,0.005269911066034253,0.004281217739775906,0.004222108364728846,0.004019137244080746,0.00014975328147167962,-0.0001301743850820593,0.0005687138797093039,-0.0002868233556861944,0.0009559296498127548,-7.151197462892305e-05,0.0010483629688406544,-5.941105995389835e-05,0.0011137345391954725,-0.0005116315296361256,-3.525430116918056e-07,-4.636895611479273e-05,-2.2336057098488294e-07,-3.861481709379642e-05,-9.968912113606864e-06,-4.625810117720176e-05,-6.492719191012939e-07,-4.4774581154808976e-06,1.6012551691606084e-06,-2.042152575085898e-06,1.6770203238057765e-05,-3.694468532131474e-06,-1.1562129778088754e-06,-4.1252267184293695e-07,6.9472200628513175e-06,-1.3132536837384874e-06,-1.0594006947856087e-05,1.6968856462837816e-05,-3.676038509914142e-06,-1.5851951323444385e-06,-4.687700248580475e-05,8.008201729029577e-07,-1.0960201434050648e-06,2.2054527137517683e-07,-9.257309533828876e-06,-5.943580566323217e-07,8.055858895004422e-07,1.5307929032501205e-05,-4.680260813999391e-06,1.878364642630352e-05,-6.880950907321705e-07,-2.43861848791217e-07,-4.783048708107881e-05,-8.166292141318296e-08,-1.3547680123802756e-06,1.0718930348643122e-06,-2.7911303925114393e-06,-2.28334115714387e-06,-1.3291809056358515e-06,1.0812140091610148e-06,-1.5488636852126607e-07,8.270751557665476e-07,-6.678903656377065e-07,3.343939426670047e-07,-9.747677246257932e-07,1.2140263408110266e-06,1.0162168486748502e-06,-2.0487127607754725e-07,-5.570913647728071e-07,-1.6564771228087472e-06,-2.023816427307994e-07,-9.496002250506036e-07,1.14111785743926e-06,-1.4170372179181568e-06,1.0006591301601608e-06,1.2090092116073978e-06,2.344610017500871e-07,-2.0347864330258457e-06,-1.041272820524766e-07,5.732750944861854e-07,1.224968725332744e-07,-3.78957916300189e-07,7.860208510089744e-08,-1.1151354372562966e-07,6.416759461011429e-07,-1.633329290047102e-06,3.11171704351664e-06
1650.0000000000018,-0.02453040210270966,0.3424366216896084,-0.2776883914333333,-0.008042002349497713,0.35842752309141485,-0.2640988120333333,-0.009322952596065824,0.3606532787672542,-0.2536313052,-0.010191590714683157,0.36107075883672674,-0.2554581810333333,-0.03289972552834534,0.3677724148446903,-0.2797230720999999,-0.03111846157442149,0.36784204313985563,-0.2932915130333333,-0.026681536930048422,0.3564540368686308,-0.2736910542666667,0.026355099909181327,0.3476232945942373,-0.1522030443,-0.0956610247083047,0.3052561312432901,-0.1775311792333333,-0.00048095689283311104,0.33326238536917446,-0.2293142247333333,-0.03194247359425549,0.3033163555868111,-0.2642976895,0.0972672965477139,0.2112673544581054,-0.0155292435478233,-0.14352641869748775,0.2965497625331456,-0.0783629358233333,0.14943935258683713,0.049639296074401755,0.0174923841780666,-0.17709904666131962,0.3349637472516356,-0.2530884901333333,0.19947708392149502,-0.08877734572004396,0.0228823763933333,-0.1593906658823466,0.5280382969429783,-0.3643373012666666,0.19706198516398063,-0.11132393284869979,0.0397634528343333,-0.13853739060242604,0.5839073741298682,-0.4367092418666666,0.18426013006091996,-0.11631416340058207,0.009804086824,-0.10705860093406151,0.6283466326410969,-0.4191328703666666,0.19832120195828234,-0.11270941415809643,0.0134080751733333,-0.14755551968002764,0.5526805857941592,-0.343623698,0.07542304552430877,-0.16801668529734534,0.0540782853066666,-0.07394541316475833,-0.1896945974814186,-0.0506209300899999,0.09233474058289715,-0.4875198476430001,0.0522676413999999,-0.0273850831404113,-0.4618397091167329,-0.0606304414266666,0.11140392442206781,-0.7477101291470567,0.2117661188666666,-0.053066980302108144,-0.772570829961869,0.1397131053433333,0.09669097808327046,-0.778337895463288,0.2363152833,-0.05548589205756406,-0.7995899408109529,0.1198796131566666,0.12768201019261902,-0.8157401608405214,0.1975998439,-0.03902795919808555,-0.8423976300658216,0.047608026569,onweer_g_ch1_g19_compr.mp4,ch1g19,2.289914712463137e-05,0.00018580539981772685,1.8141177970816562e-05,0.0001855348451782392,9.027469711264343e-05,0.0001943268093723101,1.8130885583845152e-05,3.493405940100246e-05,2.0024402271494412e-05,2.7825785145247173e-05,0.0003056229378351218,3.428843404224821e-05,1.6984674517609426e-05,1.879129010139734e-05,0.00010241180652395388,4.056637222730096e-05,8.208085884586097e-05,0.0003511761683147454,3.522112776173341e-05,1.8119280461083428e-05,0.00021156383518245017,2.161908315472193e-05,1.6852838777900093e-05,2.645425285386729e-05,8.12899521123477e-05,1.4571151821435711e-05,2.2350925150618384e-05,0.00028494412424487874,4.428302474114604e-05,0.00037921061497669223,1.4534695634021803e-05,1.0547037440656565e-05,0.00020276002286561374,0.0004007844276340077,8.859223529878977e-05,-0.0002091725249612841,-0.00021432686636122452,-0.0002247212461212982,-0.00020874656457439512,-0.00018967738242464178,-0.00019479015508882465,-0.00022077378993289965,-0.00033498657779863783,-9.192418703103244e-05,-0.00031549132728516874,-0.00022078913822537225,5.154420179414354e-05,0.0005099592531023465,0.0014671976271509362,0.002631215866127928,0.004218092895526372,0.0031088824199309245,0.005231182933491975,0.0033243538552435834,0.005567532355125031,0.0034847872309031803,0.004503608592802095,0.0032467142485844394,0.00013979909588391858,-0.0001232143485648237,0.0004884795850503067,-0.00028720917236171173,0.0008643239823238692,-0.00010168921004928399,0.0009521738590478054,-8.800297751442498e-05,0.0010045591570360273,-0.0005495774364670063,-5.851942544875947e-07,-4.663494402224208e-05,7.740958997525556e-07,-4.064365696441081e-05,-1.2184065128207381e-05,-4.6523039331212225e-05,3.7485154233377977e-07,-4.393804636971424e-06,2.4133111058284103e-06,-2.767531417300695e-06,1.7590496662125895e-05,-4.7274688120056285e-06,2.473810841782941e-08,5.264047106686251e-07,6.90505416620646e-06,-1.939494685434581e-06,-1.2196489081263864e-05,1.7246104985732988e-05,-4.690236243283061e-06,-4.6591096269053717e-07,-4.717001184877302e-05,1.6457874905113374e-06,7.597705749700525e-08,2.701578887735267e-07,-1.1204775829096188e-05,-7.055568762907972e-07,1.213483108995549e-06,1.5889731944833973e-05,-4.9986115388519305e-06,1.9382696590403254e-05,-8.064530624929766e-07,3.5021175985241186e-07,-4.837560995999695e-05,2.1345640418332941e-07,1.849565951233496e-06,1.2116226290230692e-06,-7.458201719910102e-08,-1.5285468380898381e-06,1.8360626527796946e-06,1.2531893466161356e-06,1.6213071744325792e-07,6.27829330376871e-07,-5.64391518996252e-07,2.567573933787028e-07,-7.516474731842091e-07,1.3912589907590034e-06,1.180951844385811e-06,-5.029615027122478e-07,-5.738219252165814e-07,-7.816405621863194e-07,-2.420812193849152e-07,-7.392142499143297e-07,1.3609404901258895e-06,1.6705409630376696e-06,1.0077887757820873e-06,1.3799194970545079e-06,3.6557734855328566e-07,-1.3541900857729932e-06,-1.2398858084662597e-07,5.99612647951571e-07,6.416203776075247e-08,-1.976587736596473e-07,3.2797100611343116e-08,-1.2546020003722617e-07,7.879571987022323e-07,1.515410483481448e-06,1.919256034392475e-06
1666.6666666666686,-0.024768038218948955,0.34221259494751727,-0.2791338373333333,-0.008110574653327143,0.3581963235569519,-0.2654709139333333,-0.009416139204380024,0.3604129777743517,-0.2550338834666666,-0.010285745855059673,0.3608416958045174,-0.2568079565333332,-0.03294677003368572,0.36758549079213765,-0.2811067571666666,-0.0311624628560591,0.3676500810535447,-0.2946517695,-0.026715973010717164,0.3562400878233591,-0.2750563244666666,0.02623590606803061,0.3472351621890509,-0.1535612478999999,-0.09565427739270753,0.30518367908006655,-0.1789639557,-0.0007545459914774702,0.33292173662939056,-0.2307633398,-0.032205609915650524,0.3030904853883442,-0.2657851393,0.09696734090974345,0.21130294929911558,-0.0169881436278233,-0.1430117888886279,0.29702054239403847,-0.0801196176266666,0.15027296069007925,0.05112486305413716,0.0141956906380666,-0.17547505943824399,0.33734214993077183,-0.2536381154666666,0.20170615631527827,-0.08450489391507532,0.0174459855166666,-0.1594089373728757,0.530635149974413,-0.3640390813666666,0.19976352371874712,-0.10606220848391858,0.033935524391,-0.13920266728785438,0.586649306995133,-0.4366737493,0.1873349741057021,-0.11072059182377254,0.0038106562606666,-0.10763416087503275,0.631234288000207,-0.4192994683333333,0.2007609675067078,-0.10815036527667804,0.00778685849,-0.14763891464283097,0.5553934287680338,-0.346025407,0.07523649181234325,-0.1678751293802161,0.0541151299699999,-0.07374648295512513,-0.18981990174931437,-0.0506599182333333,0.09259109478449488,-0.4870610434740788,0.0517154197633333,-0.027045789186136884,-0.46217559331699987,-0.0605457059733333,0.11234365407634726,-0.7468255532138477,0.2107881472,-0.05253359916724888,-0.7726662436359616,0.13913860101,0.0977526672120373,-0.7773576707218278,0.2353502866,-0.05496847063227133,-0.7996630489258747,0.1193292695566666,0.12851775308305904,-0.8147091437764774,0.1970176490666666,-0.038729699435934,-0.8429441861254537,0.047275476569,onweer_g_ch1_g19_compr.mp4,ch1g19,2.2588624866444227e-05,0.00013699260793145816,1.9967459729442666e-05,0.00014140732090256466,7.614249216084774e-05,0.00014559759339462694,1.955704387275375e-05,3.0443027555293144e-05,2.307781840958242e-05,2.451422741208152e-05,0.0003233484747518646,2.9039281935543773e-05,1.8147492713400578e-05,2.0350766206497646e-05,0.00010904771401993812,3.8731448715577104e-05,6.875196373947919e-05,0.0003681275747842034,2.9989816380312964e-05,1.8746783822750764e-05,0.0001623293582381582,2.427101163295038e-05,1.803664434604409e-05,2.7222413687571325e-05,6.834349071172412e-05,1.3842137101378841e-05,2.422737620770425e-05,0.00030079343954220124,3.855716610708248e-05,0.00039861769563895083,1.3705815052223882e-05,1.1480727292525885e-05,0.00015222831609859255,0.00037567419692774375,7.463391862409751e-05,-9.382249678258432e-05,-0.00010338949475833929,-0.00011269018554824222,-9.963410936854759e-05,-8.182418892112565e-05,-8.59014199349175e-05,-0.00010910392466388767,-0.00023859548808270303,-2.24818430221769e-05,-0.00020560176942978307,-0.00011685139154948853,0.0001424528040945673,0.0004537591025435379,0.0016005958841633975,0.0019856016660490714,0.004473842099918815,0.0023005210851922485,0.005493478207428681,0.002465595165052854,0.005858237533210607,0.002649429611649484,0.0047822955915093075,0.002437190482051947,0.00012787651992750875,-0.00011479399050354226,0.00041539944045983066,-0.0002717445775507568,0.0007642713019264324,-0.00011872712865803514,0.0008451772061390038,-0.00010396114511925822,0.0008873074999670049,-0.0005638849869988055,-3.196002910863064e-07,-4.284352575312086e-05,2.147800620217253e-06,-3.964726991243803e-05,-1.3481005145314715e-05,-4.2725233218377344e-05,1.812714807711514e-06,-3.968456512436049e-06,3.0641508205364096e-06,-3.392910976175295e-06,1.7989833023814584e-05,-5.447080421163261e-06,1.6588556718507524e-06,1.8765109805448397e-06,6.400461360391875e-06,-2.494334984365636e-06,-1.2698227527174208e-05,1.7153869775393015e-05,-5.399034885925593e-06,1.152552970521342e-06,-4.342252700461963e-05,2.720137716516193e-06,1.6976718647833264e-06,6.734958215286704e-07,-1.2324848952078942e-05,-8.378733546393852e-07,1.8657322695231115e-06,1.6094218318381614e-05,-5.17455488352291e-06,1.955838768805884e-05,-9.360619656386208e-07,1.3775059306710026e-06,-4.48341479495272e-05,5.141402315881866e-07,5.066363798698286e-06,1.2077935860783257e-06,2.853100300732784e-06,-4.947907904002997e-07,5.029557126183318e-06,1.2712356343749316e-06,4.270744731456034e-07,3.0925544047988427e-07,-3.387550856729631e-07,2.2256420963944293e-07,-3.6150250246958487e-07,1.3931171191108804e-06,1.205282458980551e-06,-7.735032773413339e-07,-4.629580501933081e-07,2.8931663433772206e-07,-1.2511765532428393e-07,-3.673044666355283e-07,1.4065620238468021e-06,4.81042314381155e-06,8.916479743886775e-07,1.377602718148386e-06,4.5573128939911047e-07,-4.264631154337407e-07,-1.3200910391532377e-07,5.50965099584298e-07,7.585102306039553e-08,7.006968293395014e-08,7.616900951994951e-08,-1.270845063157674e-07,8.578309656030236e-07,4.737722813503909e-06,5.866198442309902e-06
1683.3333333333353,-0.02503146173216468,0.3421057882430974,-0.2804372598,-0.008212213111231046,0.35808352644825464,-0.2667055173666666,-0.009541704769611394,0.36029073505267223,-0.2563030282666666,-0.010413257694265564,0.3607305922563137,-0.2580285722333333,-0.03302355705204793,0.36751951287903395,-0.2823587129666666,-0.03123801970201222,0.3675786715871156,-0.2958787947,-0.02678063051088928,0.3561480778205427,-0.2762897929333333,0.02610082624184782,0.3469689862627209,-0.1547729457666666,-0.09567723741719487,0.30522967193316247,-0.1802278269666666,-0.0010589398321376475,0.33269777291560226,-0.2320593762333333,-0.03249728881695142,0.3029825422879113,-0.2671084935333333,0.09664836990434858,0.2114460085112997,-0.0182106375011566,-0.1425054925361933,0.2974931980686943,-0.0816265574066666,0.15113950664120854,0.05279892493467199,0.0109233066080666,-0.17407538431397027,0.3390543111769741,-0.2538975173666666,0.20416016568846626,-0.07983242016020457,0.0125895789933333,-0.1594730283815219,0.5323989060464205,-0.3635782877999999,0.20273240483800836,-0.10032097317640834,0.0287960756476666,-0.13988295194118383,0.5885214508243894,-0.4364121157,0.19073563654498552,-0.10459436756778834,-0.0015214578026666,-0.1082309054718332,0.6332899432638653,-0.4192591090666667,0.20346494369895285,-0.10315851758461872,0.0027626568033333,-0.14778064534416133,0.5572845251650858,-0.387659818,0.07504977837436703,-0.16775047156832584,0.0541429231199999,-0.07354765511717616,-0.1899330466236045,-0.0506887146033333,0.09287409083533225,-0.4867263706463503,0.0511545076466666,-0.026705024465700406,-0.4625107730294879,-0.0603728061866666,0.11325600462174912,-0.7461154656346538,0.2097296953666667,-0.052000093656538626,-0.7727819984442429,0.13866152791,0.09878114035659123,-0.7765658029335076,0.2342872755333333,-0.054451063476243365,-0.7997596262653683,0.11886826089,0.12929033649744334,-0.8139125190806386,0.1963378213666666,-0.03845512772519043,-0.8435073214299975,0.047104780789,onweer_g_ch1_g19_compr.mp4,ch1g19,2.271300765415806e-05,9.416001100979792e-05,2.3067659718129665e-05,0.0001009167977831094,6.129700638699086e-05,0.00010284759220140155,2.2354828793737578e-05,2.6682810488988772e-05,2.6640235367609936e-05,2.0813199173379963e-05,0.0003412979019765966,2.3092465265041543e-05,2.0867745309350283e-05,2.3165720641802182e-05,0.00011464160381343602,3.6123537304091254e-05,5.4995343815243336e-05,0.00038487605200171487,2.412026394251187e-05,2.0936207463538157e-05,0.00011861735568548853,2.7776859798688274e-05,2.077115023109705e-05,2.8273940058267674e-05,5.488366958428265e-05,1.2955168732681133e-05,2.6570789785080584e-05,0.0003166691353429112,3.2933703067823555e-05,0.0004179051458328501,1.2728909228562822e-05,1.335515288264366e-05,0.00010695125844199385,0.00036396750727490235,5.995001517675496e-05,4.4602729394264596e-05,3.211430914951155e-05,2.501994575045345e-05,3.506336711191026e-05,4.7556410832648585e-05,4.454700098483187e-05,2.3457361646634788e-05,-0.00011141380683273047,5.9433143883131455e-05,-6.934617288759802e-05,7.197056953387272e-06,0.00024348635732844643,0.00040506786879077587,0.0017241445124833296,0.0013890349709197117,0.004726418774240093,0.0015861855948171597,0.005748338500481919,0.0017028782312446392,0.006143911703573399,0.001908510790739277,0.005060703452643633,0.0017222196649347766,0.0001147016811807937,-0.00010523587270831091,0.0003545957760712565,-0.0002409100927049038,0.0006610974051635456,-0.00012017638021995362,0.0007341060284598757,-0.00010422648390916102,0.000767891652778131,-0.0005436208746558812,5.005927233434824e-07,-3.572005095940436e-05,3.6744295283823167e-06,-3.5524459112124715e-05,-1.3638250968133757e-05,-3.564414233531886e-05,3.435809230611193e-06,-3.266635062528986e-06,3.381180833980086e-06,-3.7964113905726157e-06,1.782960005289877e-05,-5.761793716552254e-06,3.4455375019473207e-06,3.4174826784746764e-06,5.403200641902082e-06,-2.918280385122567e-06,-1.1933109396343002e-05,1.65747175438665e-05,-5.71920962551474e-06,2.9760893023855263e-06,-3.6560738840498774e-05,3.828663842878846e-06,3.465503937248726e-06,1.3614734186791997e-06,-1.2430399594496502e-05,-9.864593373405877e-07,2.6148105046379326e-06,1.5813327358631172e-05,-5.1459420634923726e-06,1.9102070341571412e-05,-1.0726863234866814e-06,2.5484391482799517e-06,-3.804327455018515e-05,7.453918945234902e-07,7.688885960803688e-06,1.042258719491793e-06,5.452011759488235e-06,6.485767572317679e-07,7.639390318532704e-06,1.1209301144981076e-06,5.883457009771804e-07,-7.847806080945996e-08,-3.005863388830315e-08,2.7703006359238155e-07,1.297267353689995e-07,1.2079067335780725e-06,1.0700511655451302e-06,-9.608978018794615e-07,-2.357456542661741e-07,1.4062141764750668e-06,1.6441834092191545e-07,1.0424019978846146e-07,1.2624369331085748e-06,7.411578905244847e-06,6.693395849682998e-07,1.1906643508070328e-06,4.881139502925807e-07,5.953835659256501e-07,-1.2389938799242816e-07,4.3643335902851886e-07,1.897408352828712e-07,3.805005713605514e-07,2.650082933561142e-07,-1.1291356253569623e-07,8.162019356611862e-07,7.435067917279753e-06,9.47643000892597e-06
1700.000000000002,-0.025415523443691326,0.3423255504987919,-0.2813245425,-0.008465071743142677,0.3582881354994009,-0.2675306428333333,-0.009810284641147464,0.3604890521355523,-0.2571697577666666,-0.010684073904315413,0.36093872125952337,-0.2588627382333333,-0.03325352818632623,0.3677528437991673,-0.2832006206333333,-0.03146886358534144,0.36780474644891514,-0.2966971247333334,-0.027007430958513177,0.3563567094208722,-0.2771172653333333,0.025904347838912933,0.34700064033412814,-0.1556272496999999,-0.09577454036823893,0.30543909065837915,-0.1810155073333333,-0.0014369055754119423,0.3327938527745596,-0.2329549872,-0.03287342434065107,0.3031575332676306,-0.2680010526999999,0.09632700296591695,0.2117998656394548,-0.0190526180903333,-0.14206444616998665,0.29794657408581765,-0.0826202826033333,0.1519855044223226,0.05472066806507173,0.0081024607880666,-0.1732766589033768,0.3402190988535841,-0.2536689648666666,0.20659304934657804,-0.07476696011193695,0.0074244821266666,-0.1595926255723683,0.5336608670730201,-0.3626934767,0.20566294594068074,-0.09419056521087163,0.023197441781,-0.14048527870179836,0.5899024719720929,-0.4355610480666666,0.19411120268620213,-0.09804863991947241,-0.0072194161493333,-0.10882945970982467,0.6349041624720413,-0.4186176167000001,0.20615343956832863,-0.0977373476796567,-0.0025778980066666,-0.14798062837513556,0.5586997134269641,-0.391331553,0.07486505258037102,-0.1676470261704438,0.0541536570466666,-0.07335114125831976,-0.19002973769702766,-0.0506998689933333,0.09313160358574779,-0.48642150160201425,0.0510680771866666,-0.02644013998500856,-0.46275753723898416,-0.0599284528166666,0.11385807349513082,-0.74553779051529,0.2092178852,-0.051601122384157753,-0.7729311775188376,0.1382992677766666,0.0994610957506382,-0.7759173401983857,0.2337636984,-0.054061191106868696,-0.7998895495217071,0.1184940216899999,0.12977050171568916,-0.8132412413290022,0.1961528626999999,-0.03829561867477603,-0.8440568779226889,0.0469045961056666,onweer_g_ch1_g19_compr.mp4,ch1g19,2.3322512555676712e-05,6.137925336369166e-05,2.7135492776977657e-05,6.804032901624293e-05,4.717500887874333e-05,7.004545733931674e-05,2.623356569343118e-05,2.385518366573966e-05,2.9865488797028087e-05,1.6591508452339284e-05,0.00036023110108251267,1.6745568215303897e-05,2.4794464873570702e-05,2.6987999898194527e-05,0.00011956454563023846,3.244951628230751e-05,4.291020073016693e-05,0.0004024214096422926,1.782659332598665e-05,2.4428173118850022e-05,8.453998369945e-05,3.1808896052267715e-05,2.4694840082403633e-05,2.9748564946910468e-05,4.2052009665826614e-05,1.1889052899363986e-05,2.9272401831330587e-05,0.0003334079200400748,2.7834192419012088e-05,0.000438329337699247,1.1586121885819695e-05,1.6030829232751933e-05,7.126600193214671e-05,0.00036585983768833814,4.5674489012411365e-05,0.00018882104176078964,0.0001749402449916281,0.00017074326262922712,0.00017776755678972184,0.00018095457035138932,0.0001792357952225407,0.00015939931154980403,3.195290200879734e-05,0.0001439379322207284,7.653781982317547e-05,0.00013676153465857322,0.00034208401080015535,0.0003644670551218527,0.0018256881161949872,0.0009041466967884835,0.004989978048759218,0.0010344236948560538,0.006017744652172468,0.0011085255872776653,0.006455923261586142,0.0013395745987640566,0.005355531139709624,0.001171132374051276,0.00010148306953016684,-9.55266386649215e-05,0.0003088986858311304,-0.00020000706051391754,0.0005488973183256519,-0.00011550289833343399,0.0006127950760327021,-9.894553385968596e-05,0.0006438035069519042,-0.0004988574011689824,1.748415160575634e-06,-2.648950162180897e-05,4.862230850995782e-06,-2.8577152130665752e-05,-1.2380391579917028e-05,-2.6524908423203996e-05,4.724272158667089e-06,-2.488695806605243e-06,3.1415639062417816e-06,-3.758891137211141e-06,1.7442326246453975e-05,-5.514654572372208e-06,4.786094910447155e-06,4.666847102344012e-06,4.044123437363384e-06,-3.0967495805129596e-06,-9.847285570602046e-06,1.608911269510576e-05,-5.491785818750883e-06,4.414133925794471e-06,-2.781765906353684e-05,4.597743323638784e-06,4.7776850541122854e-06,2.1572536749426214e-06,-1.1289930507868948e-05,-1.1289658145841567e-06,3.203369799697428e-06,1.54000599696346e-05,-4.796574159909367e-06,1.8629572718787526e-05,-1.1957199308543826e-06,3.4760827967162954e-06,-2.9155256921615304e-05,8.553574410975283e-07,9.306445605156702e-06,7.270364646305288e-07,7.327517226408703e-06,1.7261623217842942e-06,9.259535933429407e-06,8.1095182333156e-07,6.228220922745583e-07,-4.624616120254398e-07,3.31203007789758e-07,3.985616340725906e-07,6.602602607135285e-07,8.529524319061834e-07,7.810448834702656e-07,-1.0493439002861776e-06,1.0073146070219807e-07,2.3759973487681584e-06,5.812969508328872e-07,6.203235017544889e-07,9.364346239170129e-07,9.070116204756024e-06,3.652555997957496e-07,8.364934217471464e-07,4.4082674437345487e-07,1.5576926273922923e-06,-9.689482911629373e-08,2.6232400990580445e-07,3.7372041138566876e-07,6.956709623749546e-07,5.619963830186041e-07,-8.101861908203489e-08,6.568258203234075e-07,9.178024255394266e-06,1.189719412601185e-05
1716.6666666666688,-0.025805998623758177,0.3427259005331632,-0.2819247235333333,-0.008755665780142337,0.3586794249508307,-0.2680531694333333,-0.010114092840539678,0.3608765711795945,-0.2577354907666666,-0.010991473885168928,0.36133124083476903,-0.2594051524333333,-0.033524959984234506,0.3681162479858586,-0.2837893943666667,-0.03174189841166124,0.3681680960396616,-0.2972678859,-0.027278306375149896,0.35670068219617174,-0.2776949357,0.025617178188205813,0.34727639987826847,-0.1561368704,-0.09597668214002456,0.305681420848207,-0.1816145484333333,-0.0018207463451531969,0.333089239589471,-0.2335364022,-0.03325816638339487,0.3034734298638903,-0.2686321124,0.09598479249626662,0.21233174553732626,-0.0195276157786666,-0.14178300415984862,0.2983447876179353,-0.0834519885566666,0.15278644642827852,0.056728380514289585,0.0053350052080666,-0.17305906893743495,0.34071503466790354,-0.2533044372666666,0.20902894309923029,-0.0694235237183599,0.0027858275133333,-0.15971190716435213,0.5344112041548291,-0.3615551621,0.2086059811109585,-0.08779544872194249,0.0181830188843333,-0.1408686989624243,0.5907624508028275,-0.4343381804999999,0.197511863867778,-0.09120396898778388,-0.0123896807859999,-0.1092810590434139,0.6360496412208322,-0.4176040139,0.20885687737595482,-0.09201304330755634,-0.00741654882,-0.14817928152321141,0.5596124301968192,-0.377921164,0.07469757453433544,-0.1675598663284498,0.0541699754333333,-0.07317466823880456,-0.19011398395896403,-0.0507161107633333,0.0933860048532373,-0.48609866391742956,0.0512898701666666,-0.0263246444617307,-0.46282155327110497,-0.0592017097766666,0.11417766300683736,-0.7450211881635167,0.2093646586666666,-0.05154853683918426,-0.7730261788935014,0.1387239096433333,0.09979974154242663,-0.7753459535885919,0.2339355634333333,-0.05402515434741497,-0.7999752875938266,0.1189769968899999,0.12992103739946934,-0.8126793600161349,0.1966964933333333,-0.038448269259681415,-0.8445479103065509,0.047691398029,onweer_g_ch1_g19_compr.mp4,ch1g19,2.4392835605583424e-05,4.0191489747345456e-05,3.179217573604961e-05,4.4021782568872386e-05,3.5578537192225724e-05,4.865881869181275e-05,3.0808571219796406e-05,2.2187208842449623e-05,3.234480252637346e-05,1.2615364174668546e-05,0.00038006838506783163,1.093089723074269e-05,2.954831792801128e-05,3.1440409177118895e-05,0.00012407944513704151,2.859538961061002e-05,3.416835144714726e-05,0.00042100739542456656,1.2042095966968826e-05,2.886831318808815e-05,6.168066559312049e-05,3.5879631512721375e-05,2.9444592873431065e-05,3.125057340945273e-05,3.138161907083439e-05,1.0661665231940839e-05,3.184382636413058e-05,0.0003510762483788548,2.347369715380854e-05,0.0004597584585852682,1.029482677526916e-05,1.9358219065687773e-05,4.716067418865156e-05,0.00037709881207707277,3.361276678264738e-05,0.00032751996160632486,0.0003128471077662232,0.00031228634512389403,0.00031626887040068347,0.0003058808129356429,0.0003059002708124883,0.00028631780306998574,0.0001771962712393914,0.00021709552186253064,0.00021986465190216954,0.00025963044176612385,0.00042874662911837657,0.00032216945146790443,0.0019096608391652842,0.0005265748703248974,0.005268528818277553,0.00064817860815903,0.006309314032029871,0.0006930925887384155,0.0067954367686719214,0.00094526323644777,0.005668364798435105,0.0007856709743254568,8.926782094922773e-05,-8.645536724177636e-05,0.00028124194262347645,-0.0001496593055377656,0.0004410408608725184,-9.666795899729394e-05,0.0004967794998004387,-7.966727791546661e-05,0.000529085120413014,-0.0004245971318220849,2.8133034972385564e-06,-1.5959456297869763e-05,5.512099300421338e-06,-1.9425939850683286e-05,-9.97202623621194e-06,-1.6104644440411503e-05,5.460766132018254e-06,-1.8399461611264684e-06,2.314418732041293e-06,-3.104718351212747e-06,1.7331026985684524e-05,-4.380704743013524e-06,5.549439672774727e-06,5.395006813312037e-06,2.6092118158037565e-06,-2.916108835789959e-06,-6.764992955935697e-06,1.6250037034429775e-05,-4.412842114943711e-06,5.28671894195735e-06,-1.7744471593476047e-05,4.930174843098726e-06,5.522659762953825e-06,2.750560211052386e-06,-9.152411808806871e-06,-1.228706713987485e-06,3.497358741004326e-06,1.5305063705857365e-05,-4.00150615450739e-06,1.8729291033114888e-05,-1.2740468309824725e-06,4.091504481972323e-06,-1.880289360668201e-05,8.0908863263156e-07,9.768709003783716e-06,3.189880441321598e-07,8.266425692866369e-06,2.5439246438879506e-06,9.744816263971646e-06,3.9658600625828125e-07,5.36846758854368e-07,-7.886812868410268e-07,6.731274935360457e-07,5.637991258253701e-07,1.1110456153163185e-06,3.9197937155124257e-07,3.893412043376188e-07,-1.03325267089188e-06,4.583088128107284e-07,3.018011801666396e-06,1.0527020795108552e-06,1.0657299216033774e-06,4.876771468863193e-07,9.6483364662411e-06,3.3619342148171984e-08,3.784866593334627e-07,3.2240226381274683e-07,2.2916857809433716e-06,-5.034035072149663e-08,5.915579288478807e-08,5.871234708690216e-07,9.868594754615822e-07,9.266361404617513e-07,-3.1071048332576326e-08,4.027186795555994e-07,9.80227584438022e-06,1.2851995735613857e-05
1733.3333333333355,-0.02638153933609473,0.3431171099200686,-0.2823803543666666,-0.009263625004146759,0.35906004549710174,-0.2684418363999999,-0.010628545658493228,0.36125730929294475,-0.2581683953333333,-0.011515423301856849,0.36171644123762514,-0.2598219920666667,-0.03404239449254497,0.36846765767213246,-0.2842196892333334,-0.03226045506958742,0.3685198498804782,-0.2976836889,-0.02779794901788051,0.35703090396801024,-0.2781161259666667,0.02526625653251075,0.34754758485391263,-0.1565277154666666,-0.09632080806981247,0.3059102113008715,-0.1819272850666666,-0.00230243405681773,0.3333786564378539,-0.2339771303666666,-0.03376994433162635,0.303778875652928,-0.2690739403,0.09568470225499545,0.21283662179492424,-0.0199218340533333,-0.14174461429230278,0.2985861977660469,-0.0839193480799999,0.15359191360912197,0.05865741829177993,0.0026927354013999,-0.17323531985435778,0.3408615218194041,-0.2525662903666666,0.21162374180817123,-0.06415880344369355,-0.0021693034166666,-0.15989264063702424,0.5347688018769841,-0.3599365880333333,0.2117400595835385,-0.08151631199773991,0.0127820711676666,-0.14119926660386128,0.5911588307115562,-0.4326145601999999,0.2011436231954312,-0.08444535744307291,-0.0179157294293333,-0.10968311241409717,0.6366902630064035,-0.4161096797666667,0.21174612667939724,-0.08634286897798624,-0.0125851034333333,-0.14840784195830076,0.5600938074164571,-0.373962969,0.07456917547672405,-0.16747906269213914,0.0541488183933333,-0.07303929404900926,-0.190194315097671,-0.0506962458366666,0.09364142986615406,-0.4858289501452866,0.0514054038366666,-0.0263469781335257,-0.4629139691990593,-0.0584113881966666,0.11436741741607646,-0.7446674971671059,0.2093977462,-0.051531864912653734,-0.773136320123862,0.13995706641,0.0999879787274988,-0.7749464111454412,0.2340142847666666,-0.05400935521567014,-0.800072246590418,0.1203257789899999,0.12988038623077167,-0.8122694246488973,0.1971058356666666,-0.03866483578318908,-0.8449874313878283,0.0493495049956666,onweer_g_ch1_g19_compr.mp4,ch1g19,2.714188073685272e-05,3.096558535759463e-05,3.712234273799759e-05,2.9968119029045685e-05,2.714645200224197e-05,3.9049179496760464e-05,3.617327748769758e-05,2.1001876571446083e-05,3.4217287310805655e-05,9.627368583359219e-06,0.0003970094393431846,6.96255882417443e-06,3.507882125140785e-05,3.6685687182108964e-05,0.00012698345449816474,2.550898407975077e-05,2.9165714068501756e-05,0.0004368931095213064,8.032639817334063e-06,3.422562671916179e-05,5.0184336651580154e-05,4.0360613021602135e-05,3.494352981047923e-05,3.3684377045418445e-05,2.3636226448339804e-05,9.355272986494945e-06,3.5019716435767616e-05,0.0003661207287401612,1.9969108415009407e-05,0.00047787129318989884,8.951177735311375e-06,2.366806166109643e-05,3.491970605027672e-05,0.00038990529794322073,2.4963863946757496e-05,0.00043911316521910146,0.00042461307027996605,0.0004282211426666971,0.00042901011476620366,0.0004024325074280938,0.0004041362312880978,0.00038475560456280886,0.0002999590874015274,0.0002608242968282542,0.00033775589327733927,0.00035442989317377264,0.0004894585966224206,0.0002688750834643191,0.0019496378800849088,0.0002681419253942209,0.00550386412672515,0.0004239162698173778,0.006561363503830314,0.00044931133724273106,0.007092992087775483,0.000716734036050204,0.005937967454437454,0.000561663820732323,7.930481429049629e-05,-7.896916481157591e-05,0.0002598747231936881,-0.00010534870628039782,0.00031168045947962194,-8.705148995981266e-05,0.0003564651541241319,-7.07760106324539e-05,0.0003913652917207496,-0.00035091826267638084,3.6581212227494233e-06,-5.458791655046305e-06,5.576216293218274e-06,-9.721161526052678e-06,-6.7546141477754445e-06,-5.640944247880065e-06,5.597698970041165e-06,-1.3744212041809103e-06,1.2316813633626962e-06,-2.0695403358167356e-06,1.7757474671457145e-05,-2.916765844261915e-06,5.603933383838935e-06,5.542895300098285e-06,1.474904663809032e-06,-2.3935894112292106e-06,-3.1033508933357303e-06,1.7356189949700623e-05,-3.005769810773017e-06,5.451504072171561e-06,-7.4481494140213586e-06,4.709431880105895e-06,5.56989517244674e-06,3.01004917212839e-06,-6.286194294598173e-06,-1.2463663255438118e-06,3.398630937685736e-06,1.5810013384442954e-05,-2.6480869689147196e-06,1.966714403454396e-05,-1.2725827790653041e-06,4.295898203266839e-06,-8.281893801698235e-06,5.624288071150899e-07,9.096080353209638e-06,-1.4204407936685936e-07,8.187322827816923e-06,2.9887115180220414e-06,9.109711317416107e-06,-7.877957952336187e-08,3.890942081870851e-07,-1.0251625588143505e-06,9.302661574058085e-07,8.382028923553898e-07,1.383708613593449e-06,-1.2385390472417155e-07,-6.948351983309623e-08,-8.792319661165598e-07,7.53484124439528e-07,3.2393118047557936e-06,1.5964815601235572e-06,1.3445760152953152e-06,-3.143184904270135e-08,9.155008223414975e-06,-3.0734299202038305e-07,-1.3146745342423994e-07,1.1418712466326777e-07,2.6910910399358665e-06,9.392418312285523e-09,-1.7529471859002975e-07,8.858829247520447e-07,1.2105746039440227e-06,1.4064864071339304e-06,3.012288668137273e-08,6.551862500078923e-08,9.308587645781423e-06,1.2301575926910622e-05
1750.0000000000025,-0.02699092939991501,0.3436669542277175,-0.2822488267666666,-0.009835982516209724,0.3595793159041084,-0.2682280027666666,-0.011203921798357065,0.3617852365015749,-0.2579988573666666,-0.012100388015470904,0.3622439033231059,-0.2596541369666666,-0.03461826077965236,0.36894910472312836,-0.2840645393333334,-0.032839270343794955,0.36900592435227497,-0.2975119589666666,-0.028376340538944476,0.35749305601172376,-0.2779552460666667,0.024850939065583534,0.3479238029089587,-0.1563608592333333,-0.09672283502863542,0.3061712955407791,-0.1817075758666667,-0.002807096814543623,0.3338178316495326,-0.2338548559,-0.034305759599533366,0.30421237565901205,-0.2689441918,0.09538101625619168,0.21333662274898094,-0.0197824165546666,-0.14179440525093845,0.2987759125860798,-0.0839335473966666,0.1543810226157539,0.060596519273867784,0.0006936592580666,-0.17355761618156018,0.34097076147348326,-0.2511123418666667,0.21426662816802008,-0.05859526628813,-0.00676021184,-0.16013975857679186,0.5351587964898236,-0.3571123043999999,0.21491391137347418,-0.07488775860222706,0.0078007838476666,-0.1415038690141797,0.5915897120274316,-0.4295448514333332,0.20480710133785035,-0.07730727047002056,-0.0229606530893333,-0.11010269145468443,0.6373964830488795,-0.4132701482666667,0.21468566062030472,-0.08033588779383123,-0.0173350132166666,-0.14870280581185275,0.5606351993857253,-0.353621095,0.0744495640023207,-0.16740565984486794,0.0541200775333333,-0.07291413301686216,-0.1902695833168734,-0.0506701191366666,0.09390404559377646,-0.4856348916032763,0.0517504490433333,-0.02645153613102062,-0.4630167320304348,-0.0574409572766666,0.11435097809113852,-0.7444700723992058,0.2100309367666666,-0.05158549198246696,-0.7732498941242798,0.1417011218999999,0.0999491007550552,-0.7747106864075065,0.2347070899,-0.05405612057280199,-0.8001743406929293,0.1221975535233333,0.12968145327133224,-0.8119694615504337,0.1982282775666666,-0.03894249405995559,-0.8453642506842903,0.05160288684,onweer_g_ch1_g19_compr.mp4,ch1g19,3.1389007653612004e-05,3.252336109865088e-05,4.3130859626698e-05,2.552935833470339e-05,2.2439519215018778e-05,4.041244551284827e-05,4.226450147288654e-05,1.9978483007021912e-05,3.554158957228917e-05,8.294356101089826e-06,0.0004127431443533925,4.894840966609238e-06,4.131533653949562e-05,4.270723243247239e-05,0.00012746845381453824,2.377336424440878e-05,2.819997742722557e-05,0.00045223008416138215,5.886505878124338e-06,4.040687724467326e-05,4.973593989326375e-05,4.53782528972863e-05,4.114384714024194e-05,3.713807939728057e-05,1.922212052983074e-05,8.073507441647787e-06,3.8821169292072046e-05,0.0003800754560951497,1.7898320982670846e-05,0.0004950752747916845,7.654843707133588e-06,2.863468789840332e-05,3.3845422224829026e-05,0.0004030075386366117,2.010325518707189e-05,0.0005208862209160562,0.0005066927593814408,0.000515082174225896,0.0005127570849611784,0.0004676813823049766,0.0004712083264532,0.0004513955804496504,0.0003985013140391503,0.00027767196852376917,0.00042820918997282814,0.0004207646657084745,0.0005254993798592348,0.0002093711288680789,0.0019459793824979142,0.00012234178174010422,0.005729295789764507,0.00035273555817118664,0.0068157038077154095,0.0003721436589228623,0.007392181697287874,0.0006471107267454635,0.0061982605848843395,0.0004924968600341703,7.228288576827155e-05,-7.374254311642884e-05,0.0002399806855708069,-7.183586050806397e-05,0.00017873424496074654,-9.182214963831604e-05,0.00021456927988261425,-7.774393083440683e-05,0.0002531405710055214,-0.0002889453467099646,3.998129806102578e-06,3.5240388177149235e-06,4.97013019496121e-06,-1.0773706915362349e-06,-3.2282776784116968e-06,3.346960986180216e-06,5.0296936563119505e-06,-1.1433570769408241e-06,9.041045108250788e-11,-8.748598678964049e-07,1.8666784469782272e-05,-1.3134625381648414e-06,4.933544912964359e-06,5.001976643970192e-06,6.522914550196238e-07,-1.4995821471748485e-06,4.217063281305111e-07,1.9186733097140907e-05,-1.4450649818946856e-06,4.891434927685937e-06,1.5580131408668111e-06,3.935093598799918e-06,4.904640981022111e-06,2.818155409481171e-06,-3.1201976614884027e-06,-1.202718266197073e-06,2.8853535623323027e-06,1.679520069483696e-05,-1.1217258428762085e-06,2.1309358939518423e-05,-1.2119730786815659e-06,4.064533485936226e-06,9.360234472070624e-07,1.4029228880592335e-07,7.466084069123567e-06,-6.036757980622212e-07,7.187022400475338e-06,3.002126307336546e-06,7.50659411951749e-06,-5.593037057206021e-07,2.233004811541397e-07,-1.14197763167934e-06,1.050993873744046e-06,1.094504434510386e-06,1.4168590248347854e-06,-6.307190667952557e-07,-5.437675182595261e-07,-5.69924518260599e-07,9.18081690325993e-07,3.0140108085299336e-06,2.0271218658504148e-06,1.3963793214281041e-06,-5.523851814538256e-07,7.694099754544478e-06,-6.314370008330997e-07,-6.307964919475493e-07,-1.678888500537978e-07,2.7082237362180312e-06,7.44713544902041e-08,-4.2120978132349194e-07,1.1474935866741815e-06,1.3170075453153633e-06,1.8138917051312177e-06,9.493918086492741e-08,-3.053595536240665e-07,7.83155584046653e-06,1.0442090681474087e-05
1766.666666666669,-0.027613422722040645,0.3442148937371593,-0.2817106753333332,-0.01042425963554566,0.360110086675355,-0.2675845010666666,-0.011792097822295988,0.3623272827360696,-0.257395636,-0.012698143110035436,0.36278371592601666,-0.2590516199666666,-0.035218286098232736,0.3694382714978098,-0.2834939649,-0.0334423205749984,0.3694997952107545,-0.2969283411333333,-0.028978488630756433,0.3579644986273696,-0.2773815940666667,0.024419196548700162,0.3483535035232112,-0.1556607455333333,-0.09718426852111194,0.30645144565650617,-0.1810250729,-0.0033168137404156676,0.33426966494532545,-0.233296193,-0.034856429163477906,0.3046523908192984,-0.2683901279,0.09509859969414527,0.21383436708970507,-0.0191449717633333,-0.1419152253623661,0.29896044968105473,-0.0834996086966666,0.155174854857641,0.0625189362211308,-0.0007757253719333,-0.1739545846974602,0.341156395804029,-0.2494110539333333,0.21698988873420114,-0.052767026950878856,-0.0110558182,-0.160529196911263,0.5355663619357047,-0.3541322396666666,0.21815998150735105,-0.06800882542507339,0.0030164752243333,-0.14185389056282446,0.591968845220092,-0.4262832703666666,0.20849815008942607,-0.0698060366058155,-0.0277154717559999,-0.11058681084855325,0.638040207656345,-0.4102866010333333,0.217701294476745,-0.07401473821232173,-0.0217967940333333,-0.14914369113431403,0.5611702925836722,-0.355166674,0.07435172565371345,-0.16733464672784817,0.0540818887133333,-0.07280962043118792,-0.19034292208679918,-0.0506366511666666,0.09408775786121958,-0.48536796219573825,0.0518279414133333,-0.026576360992210155,-0.4630727719380189,-0.05674505343,0.11423180403315712,-0.7443504807251223,0.2098818595999999,-0.051634704198360956,-0.7733234026475762,0.1427230181999999,0.09979550935624867,-0.7745626403273973,0.2345561982333333,-0.05409607383953523,-0.8002323331058574,0.1233035775666666,0.1293476668130566,-0.8117208172681193,0.1984804046999999,-0.039229184261080165,-0.845544012177638,0.0531569033133333,onweer_g_ch1_g19_compr.mp4,ch1g19,3.661622737312038e-05,4.2174768493783936e-05,4.8902722475839354e-05,3.0025930226699568e-05,2.1173043352648557e-05,4.9759823854808724e-05,4.8141993200631715e-05,1.92416480261949e-05,3.520891963279187e-05,7.991304395703591e-06,0.00042973904058465207,4.931523518382018e-06,4.706759704736292e-05,4.855435941179054e-05,0.00012664330028714738,2.289416004081598e-05,3.125628693831823e-05,0.0004699253324988756,5.777504741173257e-06,4.6160073816424434e-05,5.7245790877086306e-05,5.0050754559436537e-05,4.6872000835993405e-05,4.095652969324511e-05,1.79928486002652e-05,6.88387215762355e-06,4.24684164918741e-05,0.0003952903517816106,1.7382630954505864e-05,0.0005147931658319484,6.4807009202838335e-06,3.344616131534834e-05,4.103072323802634e-05,0.00041829804601830614,1.8897676094862687e-05,0.0005641110793027551,0.0005508850399538025,0.0005641902400291229,0.0005588259560928418,0.0004956115495975153,0.000500871267430186,0.0004803518204752171,0.0004610214557063994,0.00026522034634403937,0.00048089204036333763,0.00045095509854676353,0.0005286648960417435,0.00014963386488607745,0.0019108516348254865,9.268141407268764e-05,0.005974563556464057,0.0003981158102417405,0.007114047540843428,0.00041546394030329733,0.007741608926575417,0.0006893172330147044,0.006481900740682986,0.0005368220456296596,6.822716916594137e-05,-7.077944717342964e-05,0.00021718502738068526,-5.200116980767674e-05,5.744659305437113e-05,-0.00010997173664002514,8.817126767778045e-05,-9.950660596356914e-05,0.00013458508715073034,-0.0002463884043994409,3.7914026362306954e-06,1.0072423758018666e-05,3.910096681108171e-06,5.515554178363268e-06,3.068482455815998e-08,9.956833607092731e-06,3.982027852217238e-06,-1.1106666305689271e-06,-1.2190221627563236e-06,3.0291804611580234e-07,2.0321149919971546e-05,2.5890088467909236e-07,3.789446560365039e-06,3.985703882715061e-06,5.39157396328817e-07,-2.972532866297849e-07,3.4208137978779152e-06,2.1981677635812357e-05,9.853397182667944e-08,3.819085738606248e-06,8.488740601991064e-06,2.8994721875127293e-06,3.7668597131351947e-06,2.317295046880587e-06,-1.7130131224177595e-07,-1.0938074717797382e-06,2.153467565939489e-06,1.8522642185408708e-05,3.5539643240244493e-07,2.383305248612705e-05,-1.0848590026710427e-06,3.455757269481072e-06,8.133545684261483e-06,-3.862511902022622e-07,5.260170114752756e-06,-9.832064734580727e-07,5.500894822049404e-06,2.6277801505633403e-06,5.313280235568259e-06,-9.59896079856611e-07,7.13404303008164e-08,-1.0915202523370137e-06,1.045401645517574e-06,1.1833154208741162e-06,1.2119263802416447e-06,-1.0309946878275339e-06,-9.485711120118886e-07,-1.759778876469404e-07,9.419692871089128e-07,2.3955827479447134e-06,2.1508278519708087e-06,1.219825216333478e-06,-9.701249028491232e-07,5.6200218002825285e-06,-8.822287496419037e-07,-1.0230315651005759e-06,-4.7050662389697234e-07,2.3799909719564315e-06,1.367110422485102e-07,-6.291010505955181e-07,1.2291539127084708e-06,1.2896005258389285e-06,1.940802142580026e-06,1.553024706182606e-07,-6.410254569851227e-07,5.741753071152141e-06,7.711745654354479e-06
1783.3333333333358,-0.028247740902691824,0.34469431161981406,-0.2812391598666666,-0.011036007122252616,0.3605826827518197,-0.2670080324,-0.012404197215312312,0.3628155117182067,-0.2568583696666666,-0.013319944907060299,0.3632621200677367,-0.2585068379999999,-0.035850676158775595,0.36985584478056843,-0.2829861283666667,-0.03407508386599757,0.3699272571054239,-0.2964002072333333,-0.02961227955178439,0.3583749348766712,-0.2768675725333334,0.023970104746832633,0.3487692094817334,-0.1550494363333333,-0.0976988125200103,0.30667321181205204,-0.1804431845666667,-0.0038318242256469444,0.33469138346092997,-0.232809305,-0.03542182044678366,0.3050435950896204,-0.2679146149666667,0.09487611358673342,0.214320127220347,-0.0186029059596666,-0.14218933536578,0.29907921332616877,-0.0831839320666666,0.15610309416932364,0.06428303133109754,-0.0024549956519333,-0.17465699854504976,0.34118654202690807,-0.2479982142333333,0.21981260215970003,-0.04682426503582253,-0.0160079338266666,-0.16116977510583128,0.5358372332562163,-0.3523966845333333,0.22147365791411813,-0.06093107808754123,-0.0025768035156666,-0.1423849335134361,0.5921882547745487,-0.4243901682333333,0.21221235283830692,-0.0619849845757981,-0.0332334979626666,-0.11120348410860793,0.6385327086997087,-0.4086500402666667,0.22078607266817105,-0.06752758955176404,-0.0269231356666666,-0.14980516248238376,0.561549505840857,-0.360258967,0.07429577561791495,-0.16726573764135794,0.0540399097833333,-0.0727478109727865,-0.19041369476041914,-0.0506001543766666,0.09429383914490058,-0.4851187130989745,0.0518206590933333,-0.026728703090017947,-0.4631065718873185,-0.0561386075866666,0.11390531602367938,-0.7442687635157145,0.2098925571333333,-0.05169421965807059,-0.7733765206144909,0.1437562160333333,0.09939975710079627,-0.7744505042869814,0.2345933741333333,-0.05413921397733328,-0.8002703081013907,0.1244205399333333,0.12874051288480187,-0.8115587043570124,0.1988682004666666,-0.03951050635737091,-0.8456557614729575,0.0546101481533333,onweer_g_ch1_g19_compr.mp4,ch1g19,4.1378546659896186e-05,5.8206485607226405e-05,5.316605065864655e-05,4.038059562029048e-05,2.265325119597075e-05,6.60044387133934e-05,5.25160620187159e-05,1.8146752150811386e-05,3.352326328291447e-05,9.15492016699124e-06,0.0004492408960827476,6.0051247292095286e-06,5.114482933644051e-05,5.298501481629974e-05,0.00012608012682463344,2.335923386250046e-05,3.6333086593993755e-05,0.000491639448388878,6.719284356912203e-06,5.031929820428721e-05,7.227041788991535e-05,5.336779470250145e-05,5.0922576096528946e-05,4.407177797937755e-05,1.9058819277203234e-05,5.876691460541826e-06,4.5084203084817156e-05,0.00041302424641343106,1.8393047683529154e-05,0.0005382697772080808,5.508747169417978e-06,3.710114407406699e-05,5.557846787439998e-05,0.00043761148748049555,2.0208596549739386e-05,0.0005803820890296726,0.0005704178462521457,0.0005884059555043284,0.0005805860073071374,0.0005000428211738569,0.0005063808672953442,0.0004847585924491556,0.000501567596721877,0.00023637154208788828,0.000506797748116365,0.0004559888053940859,0.0005105211738633311,9.987126480887554e-05,0.0018726944125786735,0.0001540924138425472,0.006264599424928284,0.0005394646358649922,0.00748370333181152,0.0005606816981040971,0.008160165933744835,0.0008355812744818342,0.006812237097951908,0.0006842306027563517,6.632092082563193e-05,-6.932903430745518e-05,0.0002034405908438698,-2.9269415819363822e-05,-3.176742084658645e-05,-0.00011887696151980532,-2.0014412900094966e-06,-0.00011237035985691976,5.568879748717588e-05,-0.00020119553472617178,3.1171522004145356e-06,1.359229994808744e-05,2.6820383395818855e-06,9.36468039837054e-06,2.372131115770578e-06,1.3624722934905148e-05,2.75523292645345e-06,-1.2000724174282054e-06,-2.2158132441082705e-06,1.3269738650685867e-06,2.2261066371514126e-05,1.5126568135436229e-06,2.4940511274898597e-06,2.776091567642591e-06,9.338061396397372e-07,9.189813031427742e-07,5.357793360375485e-06,2.505563141715141e-05,1.355624141063367e-06,2.553535055245521e-06,1.2695007488678524e-05,1.894907207338827e-06,2.482769772414109e-06,1.6837913472722418e-06,1.9805795533150217e-06,-9.066574784884644e-07,1.41647454566736e-06,2.0506157324935265e-05,1.5683325660441976e-06,2.6591486259358567e-05,-8.802958522570249e-07,2.6001858927228484e-06,1.2362311378945541e-05,-9.054477986958382e-07,2.8184394861811827e-06,-1.2080124081648119e-06,3.4702110458746174e-06,1.9507089441098823e-06,2.845841017450183e-06,-1.2046241227035046e-06,-1.724227056426655e-08,-8.871170694252313e-07,9.140312477015235e-07,1.0164187527557204e-06,8.369941096860384e-07,-1.251260369312449e-06,-1.2082085022912426e-06,2.314650315777508e-07,8.091714040102223e-07,1.5243394827526267e-06,1.848783310401847e-06,8.753859062418087e-07,-1.2061857339309733e-06,3.206802072396239e-06,-1.0138491681045452e-06,-1.2352988216447188e-06,-7.239222969808324e-07,1.789769223468907e-06,1.8643189881629117e-07,-7.531714779104809e-07,1.0503391153798327e-06,1.1222855321434142e-06,1.6737103735270326e-06,2.0269203978610974e-07,-8.759533690115272e-07,3.342138898450728e-06,4.598125069886164e-06
1800.0000000000025,-0.028932817827991515,0.3452058400359932,-0.2806916792666666,-0.01171389758447033,0.3610903301395083,-0.2663498699666667,-0.013078028932378654,0.36334232808515604,-0.2562443787666666,-0.014003332253082852,0.3637794533191492,-0.2578893403333333,-0.03654141599271942,0.3702948527743008,-0.2824196041,-0.0347651733450423,0.3703725777624299,-0.2958088933666666,-0.03030349872669063,0.3588009195937282,-0.2762921771,0.023441093477118976,0.3492186242629206,-0.1543647855999999,-0.09827881096837945,0.3068689153213065,-0.1798201168333334,-0.004394362499236901,0.3351451280149736,-0.2322469669666667,-0.036034618283721995,0.30544453804738686,-0.2673723706666666,0.0946452656387219,0.21477355517507876,-0.0179561399266666,-0.14255718329078967,0.2991675956142452,-0.0827154683666666,0.15712924319022958,0.06607982406679408,-0.0040069881619333,-0.17562499499539433,0.3414979185648636,-0.2457258433,0.22271335096985428,-0.04038216406965146,-0.02122203255,-0.162194244658286,0.5365034508498739,-0.3485026326,0.2248365613405698,-0.053180982977879834,-0.0083847045623333,-0.14328877632701145,0.5928809333648056,-0.4201694799,0.21592630261644832,-0.05354316994655074,-0.0390199098493333,-0.1122098817172828,0.6394749805698561,-0.4046637452,0.22392565384031043,-0.06051622735019904,-0.0323035302166666,-0.15086603572477672,0.5623565694528638,-0.359421968,0.07425463398325922,-0.16719807780727317,0.0539794606166666,-0.07269919773157643,-0.1904832761905397,-0.0505486439199999,0.09451860338959593,-0.48492100085912787,0.0517867506333333,-0.026927141504524795,-0.4631508345920624,-0.05569288778,0.11349725052467778,-0.7443056719751766,0.2098384013333333,-0.05177621871975853,-0.7734772125444992,0.1445908511999999,0.09891754161902214,-0.7744500459668868,0.2345578606999999,-0.054204357898790016,-0.8003636432135331,0.1253461526366666,0.12804582556395291,-0.8114811542759968,0.1992983497999999,-0.03984736979736544,-0.8457866865220086,0.0558777421266666,onweer_g_ch1_g19_compr.mp4,ch1g19,4.508383727733567e-05,7.318448018583772e-05,5.5393515086195535e-05,5.2425789110169515e-05,2.6994358743571222e-05,8.106370054485431e-05,5.4795264240443904e-05,1.6554919455969377e-05,3.0408657700989625e-05,1.1237763975086202e-05,0.0004719653956107932,8.209198055274865e-06,5.2971849804256226e-05,5.5351681135691e-05,0.0001262970014631315,2.4392143604746993e-05,4.340147377757872e-05,0.000517746059941057,8.734662172761147e-06,5.225110387890828e-05,8.627240121500629e-05,5.493859351918845e-05,5.273373191727554e-05,4.6019713704019245e-05,2.2662635555894318e-05,5.058270532288945e-06,4.639661395450842e-05,0.0004340403695696449,2.0615235585081945e-05,0.0005658568587396835,4.72246727621323e-06,3.928398441485241e-05,6.943395087298916e-05,0.00046091908888505303,2.428763828805818e-05,0.0005682170061484932,0.0005621625359607443,0.0005838916325213402,0.0005739681404149384,0.0004815607171977796,0.0004884675217480591,0.0004665481472783058,0.0005085165670038848,0.00019665550263947196,0.0005007019000176729,0.00043631789000161443,0.000471001778255098,5.216416405680682e-05,0.0018362496054915242,0.00023062784115044223,0.006610088614016678,0.000656257974611737,0.00792657599457926,0.0006758786892452347,0.008646206682535934,0.0009449972353060864,0.007196825367836851,0.0008009470950710117,6.608420666334205e-05,-6.919018350954719e-05,0.0001839004916712541,-1.167973244498899e-05,-9.853658544267725e-05,-0.00012413461016794736,-6.730140842975577e-05,-0.0001213619903552124,-3.961836996760801e-06,-0.00016185268103951732,1.940642151836019e-06,1.4116524717067033e-05,1.365327220681975e-06,1.0613847833959084e-05,3.744466447143647e-06,1.423370027919333e-05,1.4395677954072125e-06,-1.3285790988924511e-06,-2.8932931503482655e-06,2.0832978848763415e-06,2.3742841122076233e-05,2.165164414438802e-06,1.1699583790166242e-06,1.4512307359858498e-06,1.584085350702589e-06,1.7899719637573735e-06,6.249595799785937e-06,2.7325019733119693e-05,2.0585930828568032e-06,1.2404764870201507e-06,1.385528583294883e-05,9.187128628129122e-07,1.1726580698382745e-06,8.801112275633389e-07,3.2683669564936405e-06,-6.879155908193753e-07,6.732718428381119e-07,2.198712304286144e-05,2.470076898318238e-06,2.8713308714079132e-05,-6.443081942504514e-07,1.6207956612018008e-06,1.3497571221742912e-05,-1.3221745393453166e-06,6.109458583442873e-07,-1.2548126888879577e-06,1.4772602632139228e-06,1.0882034774232563e-06,5.85559508149633e-07,-1.266588272761003e-06,-2.988550698126208e-08,-5.516357720241598e-07,6.966474142258073e-07,6.026068299600872e-07,3.603396639694814e-07,-1.269477926181474e-06,-1.2904335253367963e-06,6.157124189965052e-07,5.631231760799517e-07,5.433975128693731e-07,1.1624311878425304e-06,4.264761530633995e-07,-1.2329272819225312e-06,9.200693603107944e-07,-1.0217412327495367e-06,-1.2469608724308368e-06,-8.853826484249713e-07,1.0357986853428994e-06,2.1788048922704344e-07,-7.817922897198997e-07,6.242621563435611e-07,8.370463605945531e-07,1.0467608977309585e-06,2.329664499913186e-07,-9.76078468378814e-07,1.107336458062204e-06,1.8232821366558023e-06
1816.6666666666692,-0.02965015269015008,0.3457824162618986,-0.2801217774333333,-0.012427286350348166,0.3616661282159857,-0.2656497180333333,-0.013784467943754156,0.3639404493572957,-0.2555903007333333,-0.014719014634051607,0.3643674787720457,-0.2572358394666666,-0.03726388123581893,0.3707875633689064,-0.2818279008333333,-0.035486402778915814,0.3708685987578571,-0.2951920965666667,-0.031025982655323733,0.35927428744532997,-0.2756908338,0.022874774177087207,0.3497322296974994,-0.1536239862666666,-0.09891139257207768,0.307058122399052,-0.1791626100666667,-0.0049862681096614,0.33564834532762217,-0.2316579936,-0.03667918731894907,0.3058793005346741,-0.2668126760999999,0.09441292947957174,0.21520415627941075,-0.0172786541553333,-0.1429699221740893,0.29921511335209083,-0.0821757398633333,0.15833441125680112,0.0679304111302681,-0.0056119539252666,-0.17668248543302417,0.34204298212571743,-0.2431882853333333,0.22575268575491358,-0.033509747870375965,-0.0262815954066666,-0.1634103542667296,0.5375917771057599,-0.3438051934666666,0.2283060942204182,-0.0449040429484473,-0.0140481740123333,-0.1443979288778047,0.594043500101245,-0.4149592471666666,0.21969363442293857,-0.0445398925752523,-0.0446135567159999,-0.11345714660172089,0.6409198874054349,-0.3997270540666666,0.22717105821808664,-0.05304005194135329,-0.0375295846233333,-0.15214295446814066,0.5636173463763132,-0.350442886,0.07421825097975306,-0.16713084926400243,0.0539062854833333,-0.07265434254935173,-0.1905524728398744,-0.0504880069966666,0.09473428598474694,-0.48474778521948236,0.0515916515933333,-0.02715015061822125,-0.4631558419263208,-0.0554658105666666,0.11301749614806327,-0.7444616933222945,0.2095775351333333,-0.051887672428058945,-0.7736064048726147,0.1452763033666666,0.09834031521544,-0.7745701266319803,0.2342949659666666,-0.05430750630902399,-0.800488116136685,0.1261070612966666,0.12723077007747974,-0.8115656435016073,0.1994854105333333,-0.04023574317933396,-0.8459320031764687,0.05704966214,onweer_g_ch1_g19_compr.mp4,ch1g19,4.6130454418783825e-05,8.578747684871302e-05,5.490029664692635e-05,6.499655545128394e-05,3.21621967152152e-05,9.356522011973509e-05,5.429834711466156e-05,1.4926044712538302e-05,2.6360897404886982e-05,1.4091715733533194e-05,0.0004971854064716381,1.0951075329942676e-05,5.1936290689108186e-05,5.492439147570229e-05,0.0001284941224251529,2.64358465741024e-05,5.0325920122709955e-05,0.0005471087681771747,1.1258210380410707e-05,5.133105274569972e-05,9.803127904164183e-05,5.403287084023925e-05,5.1708495746785474e-05,4.561355063595175e-05,2.715593090128374e-05,4.481857985824236e-06,4.5556600818781874e-05,0.00045760236054841023,2.394801923285117e-05,0.0005964617710097899,4.184366467755331e-06,3.925189843363556e-05,8.13768013171064e-05,0.00048733428289202856,2.9397140746761146e-05,0.0005538496806610782,0.0005505155903986472,0.0005749553774855229,0.0005633215018118569,0.0004654053320923264,0.0004720446611577954,0.0004499979131751781,0.0005023520915335119,0.0001647633504550232,0.0004870533131551959,0.0004157920733657794,0.00042482281540200367,1.4169394117821128e-05,0.0018050936843995976,0.0003037041419880268,0.006994954291426686,0.000744007640404004,0.008420529589244899,0.0007645011416526294,0.009175417643655339,0.001024516891182406,0.007617994279956803,0.0008874062562107057,6.620424982967541e-05,-6.926197444454314e-05,0.00015257184941004648,-2.1593295218787243e-06,-0.00015210750993074524,-0.0001310402166668622,-0.00011637415388441145,-0.0001312251953340789,-5.242296665523532e-05,-0.00013650933447707385,3.967455082827954e-07,1.2606365513789685e-05,9.928847200429348e-08,1.0156031723176895e-05,4.111963747435519e-06,1.26712221902757e-05,1.691602606599315e-07,-1.402366110093522e-06,-3.2073142807365768e-06,2.5935026194544307e-06,2.43918159624744e-05,2.211634297003501e-06,-5.743023827372416e-08,1.4211765781143205e-07,2.4054444082441755e-06,2.2259410493589203e-06,6.086011988889595e-06,2.8413385882841404e-05,2.1974669867686972e-06,2.354311624947455e-08,1.2662392119543184e-05,-1.23128988902344e-08,-3.597856002917928e-08,-4.855084308905091e-08,3.6610289527383084e-06,-4.607855849033105e-07,-5.772756163120482e-08,2.2607825570917417e-05,3.0715578131917557e-06,2.977481763816326e-05,-4.0218088972292776e-07,6.116332047444081e-07,1.24054234995253e-05,-1.5343158598629249e-06,-1.1297370829446457e-06,-1.1259683836196451e-06,-2.0901275806241282e-07,2.2465972605675702e-07,-1.2308664380952342e-06,-1.1481231981408787e-06,1.5156313463075414e-08,-1.4140315913221923e-07,4.341407229690898e-07,8.923624918846616e-08,-1.1332556089831473e-07,-1.0968020212468775e-06,-1.1910220351469e-06,9.72108401460319e-07,2.3643122660196806e-07,-3.6083895705360217e-07,2.950376240137183e-07,-3.00095350154584e-08,-1.060093382003328e-06,-1.020673314205305e-06,-9.099456062441595e-07,-1.0704699685967214e-06,-9.08420863436002e-07,2.7374205894461486e-07,2.2628605411224476e-07,-7.02540971799721e-07,1.0856535930821602e-07,4.703712429610427e-07,2.3684224779877533e-07,2.4132515384094685e-07,-9.198374489479651e-07,-7.361663243826286e-07,1.5088980717876847e-06
1833.333333333336,-0.030362948908515822,0.3463173152297695,-0.2796023915,-0.01313832156507785,0.36219531450429143,-0.2649934748666667,-0.014488562274536229,0.36449444401437364,-0.2549813548333333,-0.015432930634112642,0.36490885542014817,-0.2566303094333333,-0.03798301462560653,0.37122620871407713,-0.2812716573666666,-0.03620389917932746,0.3713143419474585,-0.2946188508666666,-0.031745579784782284,0.3596994339288353,-0.2751261771333333,0.022311294612238877,0.3502071497032391,-0.1528800924999999,-0.09954769753346432,0.30718662130149876,-0.1784465407333334,-0.005576446044844565,0.33610727898326104,-0.2310978922333333,-0.03732173048160076,0.3062677260143228,-0.2662766262,0.09424624708796775,0.21559862664494467,-0.0166388820183333,-0.14343641325196077,0.29919098648934894,-0.0815262670399999,0.15964735291911816,0.06975097634099724,-0.0075114112152666,-0.17784072316838226,0.342393875322919,-0.2408026943666666,0.22882251223227082,-0.026279203450725316,-0.0319531184333333,-0.16485594432339457,0.5384384444732662,-0.3400549715333332,0.23179924033236252,-0.03617604542874046,-0.020454343879,-0.14577141687131573,0.5949422649202605,-0.4108287684666666,0.2234869020759236,-0.03502262610566231,-0.0508638385293333,-0.11495345148902916,0.6421102055750872,-0.3958793755666666,0.2304432630877696,-0.04516560038941741,-0.0433680819266666,-0.1536440170633268,0.564618672107461,-0.351258337,0.07420314548805886,-0.16706172726190244,0.05381004323,-0.07263122685496082,-0.19062448321299774,-0.0504074253666666,0.09494398540743934,-0.4846072612314552,0.0512243957099999,-0.027394481157734907,-0.4631691532752121,-0.0552578621299999,0.11252265393911315,-0.7446822750602632,0.2092804829666666,-0.052025612775902105,-0.7737860283325497,0.1459483154333333,0.09773117002157865,-0.7747586692685011,0.2339977906333333,-0.05443743348712381,-0.8006730791943669,0.1268794575333333,0.12624158316870018,-0.8117250860135714,0.1996705174999999,-0.04066460917308577,-0.8461365134118132,0.05817116426,onweer_g_ch1_g19_compr.mp4,ch1g19,4.459401214020445e-05,9.607732280554448e-05,5.298660944420535e-05,7.51404725828771e-05,3.712335301383462e-05,0.0001038845388009872,5.2354139979133726e-05,1.3016592930601587e-05,2.2512743049514785e-05,1.738229546185551e-05,0.0005247186596817577,1.3857662364460283e-05,4.969536911421135e-05,5.29854938086436e-05,0.00013274630415032533,2.9282423683888136e-05,5.6272112379172014e-05,0.0005795895370536991,1.4087423759848257e-05,4.917636669064068e-05,0.0001085986538039231,5.2031159182660045e-05,4.9526757010553696e-05,4.377651768309377e-05,3.16144652672862e-05,4.188625232327871e-06,4.38368791042815e-05,0.0004834083697966947,2.782440806303541e-05,0.0006303080403881845,3.940354960022164e-06,3.8533134752601024e-05,9.191644074484346e-05,0.000515928459994724,3.461112425689149e-05,0.0005305973269291146,0.000528615124751349,0.0005542097730111199,0.0005420523577802068,0.0004413576868291709,0.0004473905489794582,0.00042557613972980254,0.0004823139732445961,0.00013305882776964325,0.00046083372815449006,0.000388187590681002,0.00037483901947943946,-1.763573524307637e-05,0.0017884509964077042,0.0003466396694605525,0.007423427364122778,0.0007984825678737425,0.008974553775687143,0.0008253866112248171,0.00976520018707934,0.0010843361742529428,0.008082700128304775,0.0009438861061138004,6.657250636650257e-05,-6.942567220701881e-05,0.00011772812470480785,7.577163604872026e-06,-0.00019357104819847304,-0.0001428978668161207,-0.00015151491005406523,-0.00014554400980854352,-9.486073472795776e-05,-0.00012905419545560206,-1.2344875024642625e-06,1.0292046305612081e-05,-9.187280171696384e-07,8.87826291522136e-06,3.635860031251055e-06,1.0234825731049923e-05,-8.665062211266843e-07,-1.3295580179840319e-06,-3.137740951277452e-06,2.806544502582414e-06,2.4281815525617283e-05,1.6906124362517424e-06,-1.0233491260200803e-06,-9.5528354377011e-07,3.5222030756493462e-06,2.1690102454173625e-06,4.953251961179974e-06,2.8306658477555803e-05,1.786107503023779e-06,-9.228428302840395e-07,1.0361693960000688e-05,-8.25168692082782e-07,-9.754227570479455e-07,-9.699683534455013e-07,3.305884159595933e-06,-2.3593682565975145e-07,-7.127304162625905e-07,2.2500129458165692e-05,3.3129617329963072e-06,2.9656951019275644e-05,-1.628694770897577e-07,-2.716379793615761e-07,1.034466201913416e-05,-1.5104599238087074e-06,-2.348864719082271e-06,-9.078117846866454e-07,-1.379989334683359e-06,-4.909505372311656e-07,-2.545734727107709e-06,-9.360775302538113e-07,1.1365344618784334e-07,2.610337757518293e-07,1.786163686867567e-07,-3.385517052584176e-07,-4.83624232373073e-07,-8.399927583419976e-07,-9.904543011040165e-07,1.3422851911649847e-06,-1.0694489423138879e-07,-1.0570971881563089e-06,-5.154016257928129e-07,-4.0393279075119784e-07,-7.952332962323004e-07,-2.558996849485408e-06,-7.604624284385666e-07,-8.141707927834747e-07,-8.270296541423503e-07,-3.658296261509748e-07,2.095755822684986e-07,-5.805190947063206e-07,-3.053850500192791e-07,7.497862883937145e-08,-5.309318973771768e-07,2.2562114315529862e-07,-7.74293593130298e-07,-2.1281586825834728e-06,3.052298411948831e-06
1850.0000000000027,-0.031072263237624503,0.346848401199699,-0.2788326879333332,-0.013856378388290277,0.36272216663015566,-0.2641025180333333,-0.015197348349003563,0.36504884073771376,-0.2541417906333333,-0.016152238898141796,0.3654504671738249,-0.2557941074333333,-0.03870040800547096,0.3716615896505075,-0.2805000524,-0.03692050089512365,0.37175512207982697,-0.2938262640666667,-0.03246420348569395,0.36011752687351967,-0.2743469507,0.021718993796633133,0.3506910791260871,-0.1519611711666666,-0.10019997309502221,0.3072966021169678,-0.1776070470666667,-0.006166405394729091,0.33656224628638015,-0.2303062829333333,-0.037962969527209935,0.30664501740849476,-0.2655212694666666,0.09407877691403849,0.21597102061135473,-0.0159499976883333,-0.1439511768351778,0.29913916679113617,-0.0806618948299999,0.16095452396156623,0.07153412709361685,-0.0095782178552666,-0.17905790231424468,0.34265693848003104,-0.2379358356333333,0.23186719298936795,-0.018749406403076534,-0.0378745547866666,-0.16639838604273827,0.5391816581563121,-0.3350552559666666,0.23528003078170945,-0.027061389337100703,-0.0271159297056666,-0.14724017201598041,0.5957266771034977,-0.4053037447,0.22724182248050098,-0.025139556846573836,-0.0573016501126666,-0.11661515370516969,0.6431304583196982,-0.3906471248666666,0.23368413846036695,-0.03696631027726048,-0.0494346741366666,-0.15527161753750474,0.5655066129516837,-0.352025211,0.07419911844828765,-0.16699403071704694,0.0537021284,-0.07261780594258431,-0.19069514349214697,-0.0503182908399999,0.09512428525682151,-0.48452986987885965,0.0507722659166666,-0.027703946091570078,-0.4631836232586741,-0.0552713971033333,0.11199517290226503,-0.7449386356647361,0.2092212354333333,-0.052240228031764285,-0.7739743067647155,0.1465136590333333,0.09709096153588538,-0.7749714410136774,0.2339870921,-0.054646563225427956,-0.8008661331709915,0.1275639667,0.1252597654261885,-0.8119071748377213,0.2002750963333333,-0.04118301196191697,-0.8463426285678474,0.0592570368333333,onweer_g_ch1_g19_compr.mp4,ch1g19,4.123128258586156e-05,0.00010386627107478123,5.105113207605522e-05,8.091466888245737e-05,4.00959169186863e-05,0.00011173792751061611,5.043678991841554e-05,1.1571247293948722e-05,1.9723216738084583e-05,2.0210134562837308e-05,0.0005520424622538971,1.5734153659830725e-05,4.781578987108624e-05,5.0900485825493866e-05,0.00013873551920695723,3.2247307145144785e-05,6.006153111602623e-05,0.000611167728935125,1.6081965620044913e-05,4.734812067079727e-05,0.00011727236216515766,5.017780436681102e-05,4.774052467585976e-05,4.134000305136991e-05,3.4478593424865736e-05,4.1251320891651904e-06,4.219534200613749e-05,0.00050881249601265,3.139811004538228e-05,0.0006632104528010838,3.945854892145235e-06,3.771011296662132e-05,0.00010037527176529457,0.0005435743613302458,3.804475026546371e-05,0.0005106695773207533,0.0005076784162603939,0.000533481628770871,0.0005213193657715316,0.0004205609721117082,0.0004256942419214715,0.00040410542039057444,0.0004555792603762014,0.0001051064918405886,0.0004326024928489117,0.00036286398610481857,0.0003195075177782515,-5.085960702304596e-05,0.00176558668913787,0.0003492231666930357,0.007860910410026673,0.0008213076045895946,0.009531715345379334,0.0008580233968290537,0.010358628233712341,0.0011164768067751158,0.008560164419011083,0.0009681962299014652,6.718452950564742e-05,-6.97641914962523e-05,8.557735504208344e-05,2.042951556832714e-05,-0.0002179968159361632,-0.00015115028237134336,-0.00016776194717306052,-0.0001534635792363998,-0.00012533405849778943,-0.0001266776802402148,-2.8235133316824662e-06,7.623104677749225e-06,-1.6730482426772429e-06,7.196892163347362e-06,2.6146402521613588e-06,7.3077685300533425e-06,-1.649954765569921e-06,-1.0671372373042659e-06,-2.740429540291952e-06,2.746589561365027e-06,2.3685392500935847e-05,8.003478956569486e-07,-1.6965059257767705e-06,-1.8089159533544163e-06,5.0667649146028705e-06,1.6680059217753957e-06,3.400013492136062e-06,2.7278271127689366e-05,9.846470818489704e-07,-1.547459566156753e-06,7.294174683961522e-06,-1.5025590098384162e-06,-1.620665834944388e-06,-1.7947585840985951e-06,2.451723358114138e-06,-3.878972886230937e-08,-1.2501292803451414e-06,2.1944311366968845e-05,3.1929228676722494e-06,2.8688280163377646e-05,4.925359523169293e-08,-9.771629179866797e-07,7.76693106263858e-06,-1.2782620586054533e-06,-3.0386800983377373e-06,-6.93757052793628e-07,-1.957355543573479e-06,-9.30942573439523e-07,-3.3307083463900474e-06,-7.268218549461277e-07,2.1738281625014315e-07,5.846766747015685e-07,-1.7027420254526984e-08,-4.224849783938376e-07,-6.543154284906363e-07,-6.054753402923118e-07,-7.783017387440446e-07,1.7910982194426718e-06,-3.8916131993957124e-07,-1.449062043292872e-06,-9.053868318801847e-07,-6.024710757112873e-07,-5.497024698697382e-07,-3.6128286710876678e-06,-6.452943552681061e-07,-5.840826123817556e-07,-6.859288382818569e-07,-7.712017657448534e-07,1.7204855562307308e-07,-4.713586784152529e-07,-3.539273377434022e-07,-2.842736362121894e-07,-9.014563135553535e-07,1.895399644207231e-07,-5.876417247758923e-07,-3.0148033238980466e-06,4.049458588019455e-06
1866.6666666666697,-0.03178876869019374,0.3473707145159816,-0.2779494682999999,-0.014578022758776815,0.3632394232185711,-0.2630883897,-0.015908511858486876,0.36559299963518566,-0.2531837413666666,-0.016874126767400115,0.3659829120110967,-0.2548373972666666,-0.03941835323885965,0.37209019986082836,-0.2795961688333334,-0.037637596538432336,0.37218818420356575,-0.2928991764,-0.03318417145024741,0.3605268967010873,-0.2734344284333332,0.021141163619069044,0.35115856050579664,-0.1509434193666666,-0.10084528049895675,0.30740528975173403,-0.1766029124666667,-0.006763333875245433,0.3370016532021056,-0.2294150862,-0.03861399770863166,0.3070140081323927,-0.2646529325999999,0.09396309002196934,0.2162882938257849,-0.0152726650923333,-0.14450215542360412,0.29908161566208086,-0.0795274997266666,0.16244475963778027,0.07326871403865308,-0.0117863320852666,-0.18032441707141175,0.342943298784444,-0.2349442322999999,0.23500404136291525,-0.0107883904565323,-0.0442268790633333,-0.1679338874741163,0.5399556501460746,-0.3303295265666666,0.2388265368549505,-0.017407436679991242,-0.0343251639056666,-0.14869460072735854,0.5965356949073201,-0.4000320387,0.23103729520938987,-0.014682649425393412,-0.064219744426,-0.11826998337805092,0.6441712055244917,-0.3856887277333333,0.2369988822321487,-0.02830158775691355,-0.0559244225099999,-0.156891583497689,0.5664207677672933,-0.368374199,0.07420986807826734,-0.1669253003107931,0.0535496635666666,-0.07261767816234743,-0.19076662120207788,-0.0501876560866666,0.0952844318278003,-0.48450544739765594,0.0501876999466666,-0.028067762563398022,-0.4631942001796703,-0.0553395019899999,0.11146676544940964,-0.7452237420060568,0.2092227930999999,-0.0524657603556514,-0.7742156675192181,0.1470378453666666,0.09645181491845274,-0.7752053699737893,0.2340648061333333,-0.05486499429764008,-0.8011143123301568,0.1281942667,0.12427536586716895,-0.8121058523395904,0.2008878390333333,-0.04175098002518325,-0.8465772475521003,0.0602663648133333,onweer_g_ch1_g19_compr.mp4,ch1g19,3.7605676811671245e-05,0.00010766468590483792,4.8820259630750916e-05,8.246335398932775e-05,4.1411851198229665e-05,0.00011524515293658146,4.8237346226793335e-05,1.0892117047457067e-05,1.799897870271119e-05,2.2148141988942317e-05,0.0005774544648232974,1.5289563084620667e-05,4.564739287356787e-05,4.8490206420401624e-05,0.00014637259602316466,3.432960222155924e-05,6.186699373190236e-05,0.000640111143678812,1.59924606176898e-05,4.533830504116193e-05,0.00012135449972735148,4.81968716473369e-05,4.562814201197857e-05,3.899512230892274e-05,3.598649233535753e-05,4.17896462811382e-06,4.062697512823594e-05,0.0005324878234985172,3.402721786373829e-05,0.0006934103097896897,4.104960481483849e-06,3.627025178106255e-05,0.00010468018848570997,0.0005686476135383891,3.938002573908638e-05,0.00046826336200495245,0.0004628347044096972,0.00048735563447553767,0.00047544235759773416,0.00037695838635234534,0.0003815761483618851,0.00036012780738877185,0.0004036260287271656,6.41830261638769e-05,0.0003789884965032064,0.000316909684534826,0.000247140783623614,-9.399826054935679e-05,0.0017411560771946743,0.00030197490379865033,0.00827796851846757,0.0007918376858420628,0.010055188873344651,0.0008342269146567962,0.010916505360246145,0.0010865964278978962,0.009014133293171769,0.0009340150420677592,6.848478056781294e-05,-7.050838284382138e-05,5.218290389946562e-05,3.0724096755543104e-05,-0.0002263008309261502,-0.00015807165762517838,-0.0001662794206827144,-0.00015900833190584282,-0.0001493882460969581,-0.00013275681066204242,-4.132789656859877e-06,4.851127361271601e-06,-2.1947178419065346e-06,5.346389384323787e-06,1.429040435356859e-06,4.164278392695447e-06,-2.2089088200757493e-06,-6.989686241552536e-07,-2.0357367965126115e-06,2.5937722329578936e-06,2.300797033789121e-05,-1.0768743197211396e-07,-2.1084938746935305e-06,-2.4317454702877137e-06,7.11599681041202e-06,9.847191713334765e-07,1.7704976307449563e-06,2.5898169935928714e-05,1.324611042719997e-07,-1.8863196808032042e-06,3.7138647538200487e-06,-2.0838797693039847e-06,-2.00716173590892e-06,-2.4818682993044217e-06,1.4326653969575145e-06,1.0639122637038489e-07,-1.6912266903731126e-06,2.1356269025373535e-05,2.749726801300404e-06,2.733787777706176e-05,2.082442425696291e-07,-1.451850944647271e-06,4.904806705051274e-06,-9.206781840304858e-07,-3.2439274211720356e-06,-5.216067557688213e-07,-2.04099815742272e-06,-1.082336111426841e-06,-3.5987951708159644e-06,-5.5717740616564e-07,2.9165782422167366e-07,8.086234064829105e-07,-1.2759763073778426e-07,4.2211943940472916e-08,-5.627858150293419e-07,-4.236879626122593e-07,-5.942594931985068e-07,2.3806777448302554e-06,-5.293210813919814e-07,-1.540656324660694e-06,-6.178230099633152e-07,-5.616826137137267e-07,-3.6492219822624006e-07,-4.119343695279163e-06,-5.801162369424802e-07,-4.084931676364384e-07,-5.33881370004014e-07,-9.284583967230752e-07,1.2102464640967484e-07,-3.9818139385537236e-07,1.5605361099762348e-07,-5.550677731224553e-07,-6.301807789165636e-07,1.3902189212949486e-07,-3.783606383678074e-07,-3.394253221142013e-06,4.514500841363335e-06
1883.333333333336,-0.03240556806402264,0.34784071577009823,-0.2773376643666665,-0.015208356952989863,0.3637036197517914,-0.2623237733666666,-0.016527847417761626,0.3660815701135289,-0.2524762441666666,-0.017510660134781062,0.3664606159240931,-0.2541217550999999,-0.040049008240273985,0.3724672226200842,-0.2789552559666667,-0.038266868941848074,0.3725696361803336,-0.2922375856999999,-0.033819459597890865,0.36088482837320246,-0.27277913,0.020690627937398547,0.3515695266216063,-0.1501517827666666,-0.10141590102188172,0.30746526193939455,-0.175876758,-0.007257789097562077,0.33738563525786286,-0.2287927347333333,-0.03917740827106594,0.30733222865792725,-0.2640742648666666,0.09402832360082966,0.21652449303392332,-0.0148272868636666,-0.14503913766982848,0.2989840167495638,-0.0786177725366666,0.16416769203505485,0.0751114749306411,-0.0141221502585999,-0.18159742611626806,0.34319950357609197,-0.2322835753333333,0.23826243814636117,-0.0020871667081618613,-0.0503703500533333,-0.16942770187164133,0.5406637732717017,-0.3256388784666666,0.24243668450644945,-0.006860731995339533,-0.0412601285556666,-0.15012158319971425,0.5972734565707075,-0.3949339401666666,0.2348941286923324,-0.003245013819538808,-0.070870625396,-0.11989842422960047,0.6451359618627208,-0.3809899703999999,0.24042691679145722,-0.018841803119546825,-0.0621886572199999,-0.15846556255030433,0.5672581152068277,-0.366062433,0.07422848373191443,-0.1668587584330125,0.05339271637,-0.0726258207930824,-0.1908356612925384,-0.0500536811133333,0.0954461024260008,-0.48445475726381704,0.0497211204966666,-0.028458753875233958,-0.46311448232521585,-0.0553412772133333,0.11095752651846696,-0.7453357519898671,0.2096925919333333,-0.052679994225966635,-0.7743141333638883,0.1478352601333333,0.09583590921735617,-0.7752335012061223,0.2346430476666666,-0.05506867468033911,-0.8012126530615019,0.1291389789666666,0.12329082424435558,-0.8120980764192409,0.2020133137999999,-0.04231556596685019,-0.8466388519298388,0.0615799113599999,onweer_g_ch1_g19_compr.mp4,ch1g19,3.281263338741878e-05,0.00010774644360276758,4.652360060504332e-05,8.301226506819359e-05,4.1136697077675293e-05,0.00011453628915289719,4.596319053701926e-05,1.0444306500732294e-05,1.6663399125353816e-05,2.4131739302112615e-05,0.0006011556146336983,1.5001252100522789e-05,4.3946023033352856e-05,4.595950917347421e-05,0.00015492899612686682,3.5352934077482554e-05,6.189092663177757e-05,0.000666213285863987,1.6013753287725722e-05,4.3759074068251816e-05,0.00012034741028314918,4.683838198904595e-05,4.3990947939888115e-05,3.6833539445179815e-05,3.594221985836118e-05,4.283786859813363e-06,3.9530545817208585e-05,0.0005544333296469364,3.549974443427701e-05,0.0007208979109982411,4.340629803389157e-06,3.4894905770406915e-05,0.00010504833627457951,0.0005915231551892652,3.934823328571334e-05,0.000402211374588751,0.00039212196328519314,0.00041427091851918384,0.0004029988938823236,0.0003131242468978535,0.0003169110295576043,0.0002961877839887813,0.0003187050256879944,1.3492124052625525e-05,0.00029804769548604084,0.0002508142787359731,0.00015359771925333034,-0.00015047548827337216,0.0017271092170433456,0.00023684690496626366,0.00867295189962262,0.0007207077001086672,0.010538664681175022,0.0007646464049520237,0.01143514033757089,0.0009935549094508465,0.009445633162003543,0.0008489421898789992,7.047199015579885e-05,-7.147968872131862e-05,1.5738798139316788e-05,2.774336746461477e-05,-0.00023085929185612673,-0.00015892583623020086,-0.0001587792700611914,-0.0001543758695256137,-0.00016761512864170032,-0.00012632429455101425,-4.845172698459146e-06,2.2226159618016505e-06,-2.4839959003649833e-06,3.6516894382019527e-06,3.896870648157302e-07,1.114558512331072e-06,-2.534009700487009e-06,-3.5179032334535927e-07,-1.0123271555736424e-06,2.4087645463077436e-06,2.2387016044706133e-05,-6.790791771179594e-07,-2.2816803154116143e-06,-2.7944802621716253e-06,9.590470135759934e-06,3.630723947332821e-07,3.144107165261e-07,2.4383776538682786e-05,-4.483487722489786e-07,-1.979247940926085e-06,-2.3631221911601057e-08,-2.5186194908869427e-06,-2.166310089841628e-06,-2.8612102062082687e-06,5.635068821853103e-07,1.9681684927450643e-07,-1.944849111023571e-06,2.0902461050752746e-05,2.06612778567156e-06,2.576060306811642e-05,3.154256489367333e-07,-1.6268732876685633e-06,2.0293546510112833e-06,-4.5473208273029156e-07,-3.129816341250591e-06,-4.13130208040493e-07,-1.8934051579941148e-06,-9.734905030217554e-07,-3.4925885753910196e-06,-4.4741016693974115e-07,3.3116037074921073e-07,9.477649110345792e-07,-1.8631818788778736e-07,1.072423618928605e-06,-3.094114776016853e-07,-3.30591758164104e-07,-4.6020987816953115e-07,3.134129119578193e-06,-5.03926693482856e-07,-1.3719126433421496e-06,3.950194785478778e-07,-3.652630747277852e-07,-2.787212505182907e-07,-4.155089202366314e-06,-5.761446493250874e-07,-3.2433155677210084e-07,-3.827299117129866e-07,-8.55443120499703e-07,6.348596718863842e-08,-3.681073693498409e-07,1.2442133755931075e-06,-7.112106700839283e-07,3.1960329022560527e-07,8.042520019405014e-08,-1.8458409962014106e-07,-3.401763973573905e-06,4.97509454025456e-06
1900.000000000003,-0.032998020513433785,0.34820646766817254,-0.2771955360999999,-0.01581628138781211,0.3640642262821948,-0.2620409483333333,-0.017122701230362306,0.3664611309267838,-0.2522498269666667,-0.018126199594559758,0.3668291994651456,-0.2538830683,-0.04066219115012935,0.37274775950949196,-0.2787908276,-0.03887709251138271,0.372853761166691,-0.2920636553999999,-0.03443845346001224,0.36114991612517333,-0.2725957473666666,0.020297640892235562,0.3518542973264951,-0.1498225365,-0.1019712806151512,0.3074328752532923,-0.1755506123,-0.007722037983148291,0.33764238943907143,-0.2286149375666666,-0.03972156182328038,0.3075414310288471,-0.2639350333666666,0.09417298601864765,0.21663226574355648,-0.0148088885869999,-0.1455663987221783,0.29881244181810707,-0.0779056697599999,0.16619433066879227,0.0769585863476615,-0.0171436659185999,-0.18293283452442272,0.3434193561008932,-0.2300914490999999,0.24155204557352175,0.0069234406289442095,-0.0569689935,-0.17099029601186042,0.5412785050885226,-0.3220356108,0.24603104898479844,0.004087105172184948,-0.048593906389,-0.15160859322745052,0.597908018377902,-0.3909727098666666,0.23871645044920892,0.008649125253535355,-0.077811396416,-0.12152895007455931,0.6460081392569359,-0.3772885159999999,0.24386462652397473,-0.009031208516639539,-0.0688426853233333,-0.16007976981025795,0.5679972108978317,-0.365902603,0.07425349719564174,-0.1667925603124532,0.0532377105166666,-0.07264144784755587,-0.1909027983661632,-0.0499223561866666,0.09560815059374894,-0.48443304122651376,0.04934521685,-0.028850582631695848,-0.46302054154109606,-0.0556204629233333,0.11043169407906454,-0.74552218879505,0.2102986936999999,-0.05288435515712312,-0.7743989690307828,0.1478326543999999,0.09519527819049219,-0.7753445042520528,0.2353613408333333,-0.055258191754431286,-0.8012922899653199,0.1292426448666666,0.12231353296302316,-0.8121906039401633,0.2032947987666666,-0.04287382682252238,-0.8466650590695862,0.06195921452,onweer_g_ch1_g19_compr.mp4,ch1g19,2.8244729262343353e-05,0.00010809113884800776,4.506650720621257e-05,8.525028068123703e-05,3.985023097051294e-05,0.00011368391381942526,4.4591466771384525e-05,1.0422333745857207e-05,1.655819724878137e-05,2.6159080390742787e-05,0.0006226917890057664,1.3377603666082629e-05,4.296096845754619e-05,4.424434516468318e-05,0.0001654159957277175,3.451381394751256e-05,6.103102113750218e-05,0.0006891616599601149,1.4694676737838763e-05,4.297176571602432e-05,0.0001181943126085036,4.574397891398857e-05,4.3102870182150554e-05,3.5008949107928955e-05,3.489295616295554e-05,4.525102731556359e-06,3.872262251938158e-05,0.000574560897463187,3.7111150789604216e-05,0.0007451017836060189,4.716775938495569e-06,3.385742776635158e-05,0.00010491503864023604,0.0006135421592604572,3.786095500934329e-05,0.0003330480266474036,0.0003162377547117635,0.0003350273948186551,0.0003240387109915022,0.0002457693515016101,0.00024900138271823796,0.00022992154214748688,0.0002249323675597854,-4.197543399206562e-05,0.0002125145459740522,0.0001818417471405636,6.050387591046139e-05,-0.00020552894653823588,0.0017583459250366373,0.00018277819299411473,0.009052105386485473,0.0006549018190500231,0.01098567913238364,0.0006993583866015579,0.011917177267339067,0.0009079158483768111,0.009856418828410554,0.0007699503626139,7.223681572815448e-05,-7.200279791289067e-05,-1.9214385438400658e-05,2.223813655858446e-05,-0.00023130591587728198,-0.000156387919410474,-0.0001461167449968869,-0.00014450735587826812,-0.0001812579586721082,-0.00011503024060817149,-4.955026311546822e-06,-2.3693124630944084e-07,-2.6477070842376215e-06,2.1978397950822744e-06,-4.35794858987197e-07,-1.7131342292250932e-06,-2.7311352456336186e-06,1.2712733826011135e-08,1.5610358531608907e-07,2.2671876267786866e-06,2.3103696791005248e-05,-7.990771443143667e-07,-2.344546212439221e-06,-2.9928620827890574e-06,1.2655334257648187e-05,-7.66794703367687e-08,-8.383072514777923e-07,2.4271410086675398e-05,-6.466272427066122e-07,-1.979127549217385e-06,-3.6049223708706436e-06,-2.8776138207294812e-06,-2.2273600645601887e-06,-2.9761305298090167e-06,-1.538470366324642e-07,2.283102335304589e-07,-2.1025231830229827e-06,2.1833413013416845e-05,1.2828103739227493e-06,2.550911439301598e-05,3.6350512576957846e-07,-1.6032296560973046e-06,-7.330059690295694e-07,2.6388760267168325e-08,-2.9030907503202474e-06,-3.8654688112076455e-07,-1.7413318708423283e-06,-6.886851715677323e-07,-3.210166142629783e-06,-4.165068366538101e-07,3.264350137714301e-07,9.881203889894333e-07,-2.1054677832557093e-07,2.5809440561748965e-06,9.247621543058075e-08,-3.2191744333452344e-07,-3.9776913439397914e-07,3.961820370698425e-06,-2.9384233927744575e-07,-1.0443406259642307e-06,2.031037451176058e-06,-1.814723746115652e-08,-2.9419747060274087e-07,-3.875235408953712e-06,-5.910187684634444e-07,-3.275745528932622e-07,-2.3747949893286863e-07,-6.267559381500363e-07,2.0469752705943745e-09,-3.580429003778226e-07,2.805222175922549e-06,-7.925928099599785e-07,1.8587813640409854e-06,1.6133682349676256e-08,-2.911776660405937e-08,-3.2059054837034145e-06,5.9182315513145365e-06
1916.6666666666697,-0.03360473818292942,0.34850793858657975,-0.2772010614666667,-0.01642120230047387,0.3643519342775028,-0.2619183902333333,-0.017711184968194526,0.36676522207895024,-0.2521854618666667,-0.01874016044632143,0.36712167285749847,-0.2538035576999999,-0.04128248732276761,0.3729672661646947,-0.2787596454333333,-0.039492176257666066,0.3730774488422386,-0.2920259842666665,-0.03506693675765128,0.36135835180895504,-0.2725452979666667,0.019971767095712994,0.35204643317654893,-0.1496667248333333,-0.10250364184344986,0.30737188083517053,-0.1753007471666667,-0.008182041030140289,0.33782155460749635,-0.2285889867,-0.0402782897277235,0.3076965136115557,-0.2639165380666666,0.09442594466690027,0.2166865976270093,-0.0149987229836666,-0.14612381365799004,0.2985845168969668,-0.0772262633599999,0.16845142430265939,0.07881222655357807,-0.0206088554552666,-0.1843515470545885,0.34353592021545065,-0.2279879877999999,0.2446774272550926,0.0162818633725981,-0.0643399453466666,-0.1726028983511242,0.5418367080353336,-0.3184827299333333,0.24941608503562182,0.015407787797433202,-0.056799000699,-0.15313013113136204,0.598490600357835,-0.3869525841999999,0.2422819818657825,0.02091098297928373,-0.0855301335926666,-0.12316355660909517,0.6467897956026639,-0.3736098752666666,0.24715387107389952,0.0011387993751315923,-0.0762353300933333,-0.16172641829509007,0.5686555213407825,-0.363999158,0.07428764683339757,-0.16672243351915159,0.05306352066,-0.07266655033125761,-0.19097207785898446,-0.0497742378966666,0.0957494885472873,-0.48442541948968626,0.0489538491499999,-0.029301927330941488,-0.4629138404841171,-0.0559733072699999,0.10987477365102594,-0.7457062539638207,0.2109244674666666,-0.05309255912256612,-0.7744256583299014,0.1477782284,0.09452568524684762,-0.7754466426601736,0.2361143233333333,-0.055446065767849766,-0.8013000846369466,0.1292907679,0.12133468635469959,-0.8123098088691504,0.2045885359333333,-0.04344633522462822,-0.8466048807607958,0.0622238160533333,onweer_g_ch1_g19_compr.mp4,ch1g19,2.3902442297103232e-05,0.00010828106485274273,4.337739035980006e-05,8.883957427349362e-05,3.8524598403078194e-05,0.00011221056040418758,4.287025937345811e-05,1.0966214892677623e-05,1.714081208886118e-05,2.827177119164326e-05,0.0006418939100478132,1.1572575452173306e-05,4.155893703591321e-05,4.220177000307033e-05,0.00017694250711725157,3.280265895156883e-05,5.950994746482554e-05,0.0007085066883223021,1.3087223018206646e-05,4.202182996898013e-05,0.0001140477122960892,4.3441590785450264e-05,4.185669739779263e-05,3.258275341224735e-05,3.38184863366995e-05,4.7409669067867335e-06,3.71126300958442e-05,0.0005925978399273944,3.818833746376855e-05,0.0007660098751458086,5.061601969587198e-06,3.290567192009126e-05,0.00010318495926662393,0.0006341120639715758,3.626245199147196e-05,0.00024688158130733973,0.00022550409199511486,0.0002399860773622503,0.00022927520071731416,0.00016332369022748278,0.00016646106445992136,0.00014908876553494264,0.00012452758893320907,-0.00010153694247332487,0.00011396709404968379,0.0001013602233406538,-2.2514186302553986e-05,-0.00025683594893122496,0.0018384123987550938,0.00013298651464183227,0.00941030242774207,0.0005738401180319715,0.011382937065405191,0.000611911210295663,0.012353284844329192,0.0007920806361592129,0.010241890746012908,0.0006688279307235893,7.392547199158177e-05,-7.209903685548443e-05,-4.037490906932027e-05,3.3152737766579874e-05,-0.00021923990436112744,-0.00012974396444042494,-0.00011948421035571482,-0.00010891249694276087,-0.00017684719456884836,-7.037423331308539e-05,-4.490671210437424e-06,-2.585209353577217e-06,-2.8686047275550847e-06,9.442373041456424e-07,-9.56985802160328e-07,-4.342811052757297e-06,-2.9739807379075604e-06,3.5901960418045543e-07,1.196835997397338e-06,2.0826556807071765e-06,2.5899888994947068e-05,-4.198408449051981e-07,-2.5133412846277242e-06,-3.1995703321688177e-06,1.6628673520478133e-05,-2.869116387321732e-07,-1.5688013433604115e-06,2.6533884669483217e-05,-4.1046868427579397e-07,-2.12625038852458e-06,-6.936568196916844e-06,-3.3123527627758663e-06,-2.40849231443482e-06,-2.944241333966195e-06,-6.383893661349824e-07,2.022112967457463e-07,-2.303098551935555e-06,2.487622841206714e-05,4.613008412448959e-07,2.7572069771479402e-05,3.5283459386666606e-07,-1.4657554533298584e-06,-3.400361776621994e-06,4.73380321678912e-07,-2.6285251517122854e-06,-3.729334091292005e-07,-1.6828850189433362e-06,-3.4065907735346793e-07,-2.813891567623261e-06,-3.898284181690818e-07,2.837043657687089e-07,9.590485665426136e-07,-2.2729150916330323e-07,4.300876066559673e-06,5.235371721155034e-07,-3.2324985776514365e-07,-3.405611227743404e-07,4.766498155311041e-06,1.5048174782248727e-08,-6.370276596134626e-07,3.996491610213186e-06,3.7325909730408165e-07,-3.4291385916863337e-07,-3.3142128238924322e-06,-5.316838927293227e-07,-3.43326950550206e-07,-5.981042169630613e-08,-3.4333903471436333e-07,-5.3525975867856036e-08,-3.0304425388558455e-07,4.570387340829374e-06,-7.835174932008698e-07,3.691390387619358e-06,-4.4566198962822577e-08,9.394557209716287e-08,-2.8492245225005516e-06,7.304053091945934e-06
1933.3333333333364,-0.034238548909994164,0.34869775731041364,-0.2773038496666666,-0.017044780102728224,0.36450770179635344,-0.2619176670333332,-0.018316142953217953,0.3669325836326749,-0.2522475679333333,-0.01937335824815206,0.36728031178003895,-0.2538461203666666,-0.041912324519803985,0.37307162116817805,-0.2788342456,-0.04011539734945386,0.373185213033761,-0.2920921116666665,-0.0357048117411995,0.36144976577269156,-0.2726014038333333,0.019667752209222258,0.35207742617967486,-0.1497109927333333,-0.10299543262501339,0.30723975633321937,-0.1751727918666666,-0.008662642328493687,0.33786365948612557,-0.2286953059666666,-0.04085243767178012,0.3077483367398802,-0.2640082129999999,0.09470864830071345,0.2166166789157183,-0.0154875758169999,-0.14669787852759925,0.2982914676174402,-0.0765395828333333,0.1709178501943435,0.0806738053528924,-0.0246848748819333,-0.18587687154458124,0.3436357926346004,-0.225338464,0.24759573326359458,0.02589721300358572,-0.07254091739,-0.17428772072080087,0.542413669319864,-0.3136368484666667,0.2523992478823801,0.02702484861991601,-0.0659818579156666,-0.1546923721701639,0.5991190048000641,-0.3814286989,0.2452728682665179,0.03350931548478454,-0.0941327795893333,-0.1248124109987749,0.6475949186289647,-0.3685104227333333,0.25014291570473074,0.011594540529742767,-0.0844296693833333,-0.1634226549617866,0.5693185273494203,-0.360098898,0.07432520334100871,-0.1666459619710228,0.0528538595833333,-0.07269454640289678,-0.19104547503513766,-0.0495946283666666,0.09594363121278764,-0.4845197351278485,0.0483299494699999,-0.02975532287111754,-0.46291935638960646,-0.0563633179699999,0.10938093940898913,-0.7460015930715949,0.211413763,-0.053298342795462084,-0.774608001010903,0.1475308259,0.0939284152255338,-0.7756433820631677,0.2367573576333333,-0.05563060883407755,-0.8014624490895799,0.1291221818666666,0.12038874523687595,-0.8126120617958614,0.2057758420666666,-0.0440116842346655,-0.8467465326267251,0.0623398382333333,onweer_g_ch1_g19_compr.mp4,ch1g19,1.9905219489238494e-05,0.00010897548858025512,4.0584785797551854e-05,9.350923100903108e-05,3.8139219738784604e-05,0.00011071248377335046,3.990647336422733e-05,1.1545049558252418e-05,1.8516926768353663e-05,3.057468346868562e-05,0.0006655405240885086,1.0854424966795549e-05,3.8891870476965226e-05,3.9034124536660755e-05,0.00019415196919981425,3.168260911140959e-05,5.813098010346872e-05,0.0007318615140154943,1.2321779231529933e-05,3.988673706004032e-05,0.00010899832735764516,3.945030983832018e-05,3.9313454455294104e-05,2.9403183334729633e-05,3.36106063553139e-05,4.864706573504696e-06,3.434989355855456e-05,0.0006154656061743071,3.865706454926171e-05,0.0007906627771727727,5.3232949261626125e-06,3.159310290057765e-05,0.00010296057784394559,0.0006611448653078072,3.579803211075197e-05,0.00015839358861874608,0.00013304230512338318,0.00014304115681324894,0.00013217915970772747,7.622484379864574e-05,7.970895143906634e-05,6.457293547974231e-05,2.3681152783671547e-05,-0.00016887374265653964,1.689004611641381e-05,1.8847328780862887e-05,-7.934370154271537e-05,-0.00031290641500724656,0.002052106243448359,8.161964152427697e-05,0.00986293874183081,0.0004901720435050587,0.011860305897007949,0.0005223561630520974,0.012863252534020745,0.0006626545146093409,0.010716528724283763,0.0005603358898638275,7.539385440695078e-05,-7.162047230714391e-05,-6.200523259875331e-05,6.154603964469382e-05,-0.0002027397151899425,-7.769824978884162e-05,-8.859755831897388e-05,-4.767871946884124e-05,-0.00016905643740616066,-4.014187098363614e-06,-3.6219266459565145e-06,-4.972420084989573e-06,-3.21565396189032e-06,-4.628157655445768e-07,-1.0240016906816515e-06,-6.848050575677084e-06,-3.3297481196653188e-06,5.50711459844261e-07,2.100198040233592e-06,1.9489435707487788e-06,3.100443605075907e-05,3.5491238997101494e-07,-2.840505665812957e-06,-3.4796838935145948e-06,2.151049401687033e-05,-1.496862756011734e-07,-1.8974647935539815e-06,3.1536357436994226e-05,1.7900483567754305e-07,-2.485288149698786e-06,-9.945565385944287e-06,-3.821619865929089e-06,-2.763552014467306e-06,-2.8441915594191003e-06,-7.87250016234322e-07,1.2524163878777337e-07,-2.570493438054495e-06,3.025718194336036e-05,-2.9847964340767895e-07,3.223011412617511e-05,2.845019864363363e-07,-1.2855231144171241e-06,-6.018349695230401e-06,8.446499219077713e-07,-2.3136095099397194e-06,-3.020816330403733e-07,-1.7234927298518194e-06,-4.521643630559247e-08,-2.317665878899798e-06,-2.962953998118158e-07,2.2186961575047756e-07,8.926539700057034e-07,-2.477423389566194e-07,5.720416269254215e-06,8.65790833686802e-07,-2.625096821341754e-07,-2.2606322292185162e-07,5.264672967301623e-06,3.254439319187141e-07,-2.66160561165268e-07,5.699272331190941e-06,7.028262489373089e-07,-3.4285236838085316e-07,-2.517067380018892e-06,-3.438830300084452e-07,-2.9481803821427834e-07,1.6292437690539754e-07,-1.0729718126573364e-07,-9.58799550965038e-08,-1.6610961129571735e-07,6.019322789008918e-06,-6.911165286491224e-07,5.261865717626787e-06,-9.549837351820098e-08,2.0366716651606045e-07,-2.4264857730302953e-06,8.50130839607964e-06
1950.0000000000032,-0.03486874623731849,0.3488392149462668,-0.2776182800666666,-0.017657207519615165,0.3646143432265569,-0.2621668323333333,-0.018909667555508023,0.36704825494632004,-0.2525575319666666,-0.019995480656290122,0.3673856576570455,-0.2541362599,-0.04253062921245365,0.3731303581154395,-0.2791395475333333,-0.04072615430136114,0.373245599207322,-0.2923917928999999,-0.03633331346139697,0.3614935846495632,-0.2728918870666666,0.019420248847809653,0.3520516960827148,-0.1501475818666666,-0.10344179660766767,0.30706367669320844,-0.1753233199333333,-0.009133907353821136,0.3378498563735506,-0.2290552649,-0.041418687860777605,0.3077500660307042,-0.2643294651333333,0.09507863095575246,0.21651358384943845,-0.0164214994503333,-0.14726520291325051,0.29795620135179984,-0.07610993641,0.1736235016245687,0.0828441165313737,-0.0293493191719333,-0.1874397353201659,0.343750492826449,-0.2228768909999999,0.25028029590961304,0.03602441105159181,-0.0812502932566666,-0.17602473121127332,0.5430035416592479,-0.3087776607666666,0.25498613503863743,0.0391696937211321,-0.075650470149,-0.156302695714706,0.599777038347246,-0.3758444072666667,0.24772875728376018,0.0466597374261092,-0.1031720455026666,-0.12646048978302596,0.64839427615198,-0.3634061948666666,0.25282629862099143,0.022588954143854482,-0.0931022830366666,-0.16514781841806142,0.5699886397205995,-0.359772444,0.07437677664000449,-0.16656536302377067,0.05261179854,-0.07273610268946624,-0.1911196375435348,-0.0493845674433333,0.09614173722945979,-0.4845944933265977,0.0477178242966666,-0.03032319130964721,-0.4628966240387847,-0.0568379260399999,0.10887842498340061,-0.7462103507571145,0.2119588082333333,-0.05351090986301365,-0.7746819099139899,0.1471017246,0.09332454975396084,-0.7757246954626732,0.2374505944,-0.05581428682041242,-0.8014928747236427,0.1287606963333333,0.11945305729467061,-0.8128136060707695,0.2069550479666666,-0.044571455151287805,-0.846760820299749,0.0620747712,onweer_g_ch1_g19_compr.mp4,ch1g19,1.6760542005370302e-05,0.00010648763783507691,3.733165307423449e-05,9.600851413366779e-05,3.7675087545514486e-05,0.00010616228421296881,3.638467111663931e-05,1.2179093210980589e-05,2.0740198049946537e-05,3.279050467543711e-05,0.0006976709784250379,1.1769653220266478e-05,3.567802779334381e-05,3.5445551197606536e-05,0.00021813030262124458,3.177074980727508e-05,5.6365039647074354e-05,0.0007644997698108,1.292233853959952e-05,3.710663057045383e-05,0.00010061200290225578,3.497640541563133e-05,3.618923125040956e-05,2.6422314161495428e-05,3.330228857620378e-05,4.999221150182567e-06,3.133093666873799e-05,0.0006472214416803215,3.8213597406377515e-05,0.0008233778012826024,5.600604767056397e-06,3.0171118908268434e-05,9.957261613908516e-05,0.0006978779802302396,3.57215517264406e-05,8.025511278035921e-05,5.142840363865671e-05,5.718200185054487e-05,4.662221849543255e-05,-3.2444661481612323e-06,2.0236835273404714e-08,-1.3269194883595748e-05,-6.532654143510085e-05,-0.00023751786084849047,-6.945617898310894e-05,-5.80563241153531e-05,-9.938797930327163e-05,-0.0003682817261986339,0.002434137505346886,8.851423767451883e-05,0.010478746551767197,0.0005031428654507997,0.01250520089761364,0.0005520283195250143,0.013517227440881676,0.0006393580533713375,0.011347477106986931,0.0005527087089444301,7.627814730353275e-05,-7.027173017958186e-05,-8.045507156624326e-05,0.00010885164249129478,-0.00019265174891351243,-5.836082225277205e-06,-6.608755974479457e-05,3.171191867093199e-05,-0.00016590157837244188,8.274211006934504e-05,-2.501555655964272e-06,-7.3584692568512785e-06,-3.6150623857324427e-06,-2.01226989970345e-06,-6.870953615328452e-07,-9.173293018429255e-06,-3.7234210239810936e-06,6.983324948902203e-07,2.780329084421688e-06,1.7385831458807873e-06,3.7809717846709806e-05,1.5312261278163564e-06,-3.251314816382509e-06,-3.7804036995214706e-06,2.700352325746894e-05,3.1453757181149757e-07,-1.8418259561982015e-06,3.854248593162597e-05,1.1457203637583212e-06,-2.996164483246869e-06,-1.2418334822633642e-05,-4.267719096571655e-06,-3.212757046206048e-06,-2.6595570947455405e-06,-5.865847301445468e-07,4.788353882480896e-09,-2.8124881667561122e-06,3.7381553372398604e-05,-8.885614326931354e-07,3.876692919410127e-05,1.5860315898463009e-07,-1.0841178904742046e-06,-8.507101472756057e-06,1.0980550971750122e-06,-1.80510619116504e-06,-1.502014384184918e-07,-1.7202371858294275e-06,1.6618061766247732e-07,-1.60900925535536e-06,-1.1593760687332042e-07,1.4866475574541162e-07,8.033696338663171e-07,-2.6850346527320314e-07,6.395808872039324e-06,1.0365229603861712e-06,-1.1763197647601425e-07,-3.901285271411067e-08,5.284203645313244e-06,5.577819479163587e-07,2.724738605280219e-08,6.602495668171624e-06,8.918623729647528e-07,-2.5805177590531706e-07,-1.4300989185466206e-06,-4.165742934129146e-08,-1.5785253333747754e-07,4.046787382307053e-07,5.6021442776847014e-08,-1.248809715647254e-07,4.324557016518367e-08,6.706517979128206e-06,-5.123338808553936e-07,6.081398137353968e-06,-1.3687180257650739e-07,3.073852446304544e-07,-1.7754874082614745e-06,8.894819610672515e-06
1966.66666666667,-0.03549597674382013,0.34884525137120975,-0.2782147149333333,-0.018267592748600136,0.3645889845535276,-0.2627369765999999,-0.019500442778046054,0.36702675866484086,-0.2531848182,-0.020615884136829264,0.3673529370495673,-0.2547421013666666,-0.04314780857691745,0.37306060296330906,-0.2797791133,-0.041335732789793515,0.37317839291404264,-0.2930319159999999,-0.03696106750013364,0.36141567706515354,-0.2735159785,0.019189988020587585,0.35189677705916683,-0.1509525778666666,-0.10388679843578918,0.30679398421634246,-0.1759206722333333,-0.009602929889872863,0.33769454037173935,-0.229694182,-0.04198264373093946,0.30762384503686696,-0.2649523932666666,0.09547336349615888,0.21636709075241087,-0.0175463547969999,-0.1478236017766093,0.29755632495868856,-0.0761063742866666,0.17646096404453376,0.08540920818607281,-0.0339863414886,-0.18897804881430094,0.3438256079854911,-0.2211248651333333,0.2527701518368431,0.04680821389091111,-0.08968681938,-0.17774548831744746,0.5434878663738875,-0.3050851331333333,0.2572087774593262,0.052014450094727424,-0.0849702843156666,-0.1579063818787317,0.6003283512858125,-0.3716291757,0.2497059738387933,0.06054813144244952,-0.1118826366259999,-0.1280632816883418,0.6489973236076514,-0.3593443231,0.25523258667920323,0.03426772431121137,-0.1014889498766666,-0.16685974924650876,0.570507514864399,-0.359316736,0.07443576425411359,-0.1664851017910264,0.0524053078099999,-0.07278680963085259,-0.19119271042263378,-0.0492147936733333,0.09634547929128436,-0.48466567703450697,0.04757672756,-0.030888582115595805,-0.46281781856546356,-0.0576084915366666,0.10833801671300537,-0.7464085707106642,0.2128818765333333,-0.053740682405257,-0.7747163053021002,0.1459834575333333,0.09266994816504295,-0.7757927706890043,0.2384983054666666,-0.056011481865155414,-0.8014842230386026,0.1276813846266666,0.11849846343418899,-0.8130303185855489,0.2084588989666666,-0.04505419014920778,-0.8466968289930169,0.0606270467,onweer_g_ch1_g19_compr.mp4,ch1g19,1.450567923483228e-05,9.873070753693109e-05,3.349702658504598e-05,9.363204905409872e-05,3.762876048351031e-05,9.668943273417047e-05,3.236257915095393e-05,1.2900764471632317e-05,2.395296191427197e-05,3.45497611381178e-05,0.000738976698433426,1.4317320667532777e-05,3.212108172371884e-05,3.144766055001319e-05,0.00024818807097400417,3.291334188551642e-05,5.497562955207958e-05,0.0008065287995575388,1.4908222359488255e-05,3.3815215989926886e-05,8.792711677531912e-05,3.044360122872845e-05,3.266114004258633e-05,2.3803437973548923e-05,3.3364798187937384e-05,5.010118537628945e-06,2.8360625639820962e-05,0.0006883002753337944,3.705671666986532e-05,0.0008652803319929662,5.76456759371387e-06,2.8918613266663566e-05,9.10694269742674e-05,0.0007442239587779922,3.654401253340601e-05,2.2822183736919484e-05,-8.426821895916202e-06,-6.3546081692126514e-06,-1.6669200380899572e-05,-6.427562534330762e-05,-6.191218179183716e-05,-7.354578285544643e-05,-0.000131237771080639,-0.0002988684987421522,-0.00013425031120318116,-0.00011989033476886075,-7.239331420374407e-05,-0.00041643066742411773,0.0029723505739913864,0.00011933823753271984,0.011250373144106745,0.0005474094999187431,0.013302538923527353,0.0006187085327089781,0.014315748378053014,0.0006464314876988731,0.012129581541842151,0.0005755501038979705,7.593695976364006e-05,-6.730265170950913e-05,-9.624574737084601e-05,0.00017395655835953822,-0.0001915915359664984,8.544783485029982e-05,-5.6965459648071864e-05,0.00012884460347746036,-0.00018059668479841653,0.0001898295478383638,-1.3826551166446138e-06,-9.159991886433138e-06,-3.960308042767113e-06,-3.5585340798632498e-06,-2.750743789465892e-07,-1.0706959067770092e-05,-4.040129421506564e-06,7.761677078455055e-07,3.356987339611909e-06,1.515803502459984e-06,4.513321764220847e-05,2.8237030137767567e-06,-3.6235084064465845e-06,-4.002903564480188e-06,3.2609277475547936e-05,1.1327118021296596e-06,-1.6211373568469336e-06,4.629740384284985e-05,2.2635555421343882e-06,-3.533998954152112e-06,-1.3637463771516851e-05,-4.512235943469363e-06,-3.6271880673370948e-06,-2.41023357350862e-06,-3.1585995825416667e-07,-1.307432253596062e-07,-2.9680065147601057e-06,4.5038694700272e-05,-1.2694541690667063e-06,4.596666223429624e-05,5.038650114132863e-09,-9.021606060230958e-07,-1.0202786072809079e-05,1.2258721444706055e-06,-1.001988256570987e-06,1.0922270794325709e-07,-1.5271966095993756e-06,2.444099814195209e-07,-6.181343700913631e-07,1.687671518527703e-07,7.135221337018971e-08,7.014286627590216e-07,-2.76425739311587e-07,6.05160765952283e-06,1.0116539104010994e-06,1.271014344531331e-07,2.3800373572252597e-07,4.7402500765571375e-06,6.809661697992858e-07,1.8930749250386954e-07,6.397284277608297e-06,9.132444967305738e-07,-6.036009927101053e-08,-6.041288131846543e-08,3.5823446687241487e-07,8.540830431293371e-08,6.574441320236922e-07,1.0542533998631852e-07,-1.3393336680830913e-07,3.1643796110113707e-07,6.362292777980147e-06,-2.704712372786681e-07,5.83037618964691e-06,-1.6179402554134308e-07,4.035114897624796e-07,-8.183987721535932e-07,8.141563125820267e-06
1983.333333333337,-0.03606638494854647,0.3488145224581021,-0.2789615412666666,-0.01885220835230349,0.3645257241464347,-0.2634921048666666,-0.020067144740769663,0.36696388668931607,-0.2539928396333333,-0.02121242048554446,0.3672783364358676,-0.2555318877666666,-0.04373392763660491,0.3729486679560241,-0.2806234856,-0.041912923746029423,0.3730672188198744,-0.2938798377666666,-0.037560212617745385,0.3612939420857615,-0.2743465195333333,0.018969031451443727,0.3517133985130098,-0.1520206414333333,-0.104291937935156,0.3064518208249755,-0.1768505901333333,-0.010025221327891078,0.33750315417260207,-0.230495859,-0.042484485594513975,0.3074504130143403,-0.2657614736666667,0.09592623794519602,0.2162510607920011,-0.0188344345169999,-0.14829816950987537,0.29711178805362654,-0.0764346416533333,0.17946080620971333,0.0885194826551768,-0.0387947780685999,-0.19050553113040866,0.34390618877030166,-0.2198946629999999,0.2548969754872451,0.058245676141777836,-0.0983876886133333,-0.17932942964362286,0.5439593737328919,-0.3020673817666666,0.25886936434605645,0.06548349994452202,-0.0945828699156666,-0.15931505327135206,0.6008651260960307,-0.3681237639666667,0.25096884127241503,0.07503791878596024,-0.1208214083759999,-0.12940481767665843,0.6495019826248405,-0.3558680739333333,0.25717013467820954,0.04659508352755439,-0.1101010059666666,-0.16840437048742407,0.5709824621109426,-0.344783157,0.0744968813616148,-0.1664108830316555,0.0522285272633333,-0.07283983325254458,-0.19125679583448096,-0.0490798064466666,0.09657121808788809,-0.4847972742139497,0.0479768838366666,-0.03141596486259249,-0.46265543539013737,-0.0583009013099999,0.10782512045402481,-0.7466103038132227,0.214181753,-0.05392861775478994,-0.774614245272032,0.1448960969333333,0.0920455666979027,-0.77585489641514,0.2398992450666666,-0.056159005107627134,-0.8013358975473095,0.12663117313,0.11762198630917929,-0.8132444345629244,0.2103387449333333,-0.04549988051223018,-0.8464814488193827,0.0592775817099999,onweer_g_ch1_g19_compr.mp4,ch1g19,1.3184757918658386e-05,8.63274008648135e-05,2.8849510101967747e-05,8.680129322192318e-05,3.8103963542508575e-05,8.280738004846138e-05,2.7671519541955325e-05,1.3307239428041368e-05,2.8008228932786404e-05,3.618586121954872e-05,0.000788551648174995,1.835495372897828e-05,2.8035672239193075e-05,2.6850052918022437e-05,0.0002835208350159758,3.500462819929543e-05,5.43048099526772e-05,0.00085768785218984,1.8269477222822678e-05,2.9763800075330636e-05,7.147568277258182e-05,2.571157902311158e-05,2.853734474061407e-05,2.1376989150349367e-05,3.3758043218507045e-05,4.796699225112671e-06,2.5309380953202206e-05,0.0007377800743185385,3.563809218357757e-05,0.0009159554163719565,5.677283809134635e-06,2.786210079235526e-05,7.772638463478708e-05,0.00079980646821259,3.8384622962038146e-05,-1.3885657151457535e-05,-4.830082393481132e-05,-4.9327023414929864e-05,-5.960819702912658e-05,-0.00010496546870371411,-0.00010379542036908135,-0.00011326957412422665,-0.00017828892156590657,-0.0003488827563752145,-0.00017692230332855198,-0.0001636391088701143,2.020135188295332e-06,-0.00045043782623412765,0.003650043638643151,0.0001258127802234689,0.012148475267308468,0.0005388065260998296,0.014232306361129023,0.0006325311434445412,0.015235873412873864,0.0005942982297037113,0.013031955712613721,0.000543963951735326,7.373872733098604e-05,-6.219180120847241e-05,-0.00010777526934514903,0.00025373559194626116,-0.00019226642580463547,0.0001880734204580952,-5.363639213201271e-05,0.00023358532420129574,-0.0001932921386544183,0.0003045600880068469,-2.897122295339044e-07,-1.0154638577232515e-05,-3.963108859079613e-06,-5.297267062089617e-06,8.694107505361037e-08,-1.1214414531872844e-05,-3.9834644365578426e-06,7.162855246119013e-07,3.92628174772744e-06,1.2611503493418255e-06,5.1943699743311804e-05,3.977557923427088e-06,-3.6179382868246313e-06,-3.873704857749592e-06,3.758605472514965e-05,2.087411368918521e-06,-1.3248914525189194e-06,5.3721793473903305e-05,3.3377060133272426e-06,-3.7451281336851538e-06,-1.3317788421377614e-05,-4.216804817187805e-06,-3.6629163593001985e-06,-1.8650041176501456e-06,-9.672175889334121e-08,-2.607344777210338e-07,-2.7289885621609026e-06,5.2164815234898215e-05,-1.416585845223222e-06,5.27568730909761e-05,-1.5967726768571465e-07,-5.618480113916488e-07,-1.0881286399287735e-05,1.2328118028001352e-06,5.741655551414844e-08,4.7296769409347234e-07,-1.1174646973754199e-06,2.0443785902783987e-07,5.956550486032028e-07,5.485635094846124e-07,5.2631819268553796e-09,5.992184993116886e-07,-2.7569756016341415e-07,4.605367653969641e-06,7.890300797233232e-07,4.6716539702345323e-07,5.980368710313349e-07,3.6164277630809207e-06,6.660590665949738e-07,2.3340165214363706e-07,4.95438448957578e-06,7.557058030643564e-07,2.566519988881072e-07,1.471504706065377e-06,8.216332545110695e-07,4.3101735341222413e-07,9.078544551637237e-07,6.039377088720509e-08,-1.2042880238786607e-07,6.338458244744585e-07,4.9086316834759204e-06,-1.0419473038765799e-08,4.386941267818933e-06,-1.652737497045573e-07,4.932417715832096e-07,3.892451731971475e-07,6.19880946475479e-06
2000.0000000000032,-0.03652126467233812,0.34876687354706754,-0.2800362915,-0.019366621278057647,0.3644442914933783,-0.2646079803,-0.02056588284345708,0.366877233206131,-0.2551557809,-0.02174317783933743,0.3671803330274259,-0.2566757624666666,-0.044244141113739095,0.3728078389738966,-0.2818463096666667,-0.04241250866755239,0.37292784995055356,-0.2951098372333333,-0.038087128695184165,0.3611499884433621,-0.2755469163333334,0.018757298321228962,0.3515192164583932,-0.1534607040333333,-0.10463129672425873,0.3060583829230696,-0.1782092422333333,-0.010359244509352966,0.3372993373629262,-0.2316181523666666,-0.04287682446861567,0.307253438505772,-0.2669189809666666,0.09641963090335993,0.21629425438809033,-0.0204263081503333,-0.14865232391437952,0.2966422093606897,-0.0771269240066666,0.18235574735479218,0.09251320260700364,-0.0432812268752666,-0.1919954269111355,0.3439662546285965,-0.2194386998999999,0.25671880317917717,0.0706157552414894,-0.1058150470133333,-0.18074119376789188,0.5443502253305607,-0.3003818776333333,0.26007508188794143,0.07990636742051582,-0.1027093769923333,-0.1605280381909396,0.6013413681811645,-0.3661115141333333,0.2517687916902412,0.09043627561984684,-0.1282446681293333,-0.1304872638635274,0.6499143884442921,-0.3537670995999999,0.25875358235413987,0.05981442658934464,-0.1173745846833333,-0.16974455775581213,0.5713621438928042,-0.310480744,0.0745565521853764,-0.1663419600760802,0.0520816726133333,-0.0728926485892775,-0.19131252030613272,-0.0489752785266666,0.09676485429739286,-0.48491311420333855,0.0489551754266666,-0.03190720159821884,-0.46236621617335805,-0.0592759251399999,0.10730527693251814,-0.7467842912565895,0.2162527879,-0.0540463359332942,-0.7744171787793009,0.1433042535733333,0.09141662343371552,-0.7758808616176742,0.2420804949333333,-0.05623503559769872,-0.8010968607220816,0.1250834300966666,0.11674927744773722,-0.8134019824812635,0.2129324206999999,-0.04589539518385275,-0.8461568239036703,0.0573081084766666,onweer_g_ch1_g19_compr.mp4,ch1g19,1.3667998564581696e-05,7.30615761857454e-05,2.4480600592608425e-05,7.83380870133184e-05,3.8383432333926066e-05,6.885213852843574e-05,2.336837800488217e-05,1.3617742915309312e-05,3.260306636090755e-05,3.738765040430578e-05,0.0008447838581633549,2.3486453106100666e-05,2.4154231965751287e-05,2.270258485551642e-05,0.000323313941582538,3.806401036696556e-05,5.284348063920758e-05,0.0009162852305607983,2.270379352922418e-05,2.5587648960263634e-05,5.594143393778854e-05,2.1482413235963825e-05,2.456497572533844e-05,1.9769941471380988e-05,3.381241355033019e-05,4.444790059481147e-06,2.26223525763956e-05,0.0007942806480306464,3.4051480820595636e-05,0.000973188439334097,5.416475457048917e-06,2.743568714421831e-05,6.379289544450163e-05,0.0008642271127714473,4.072765093540498e-05,-3.345986795209713e-05,-7.138469529132998e-05,-7.479251430731195e-05,-8.529699249162142e-05,-0.00012569166203408019,-0.00012604137461908436,-0.00013276732055859938,-0.000206930490684672,-0.0003799884755104129,-0.00020047926128340682,-0.00018926911192641428,0.00011300219438047195,-0.00046896812558325576,0.004440084465545835,9.697074357696927e-05,0.013134177464306463,0.0004805522170768809,0.015249229142359802,0.0005943256585520117,0.016227719513531667,0.0004951147922685808,0.014012314029673649,0.00046590031712329274,6.929765646816594e-05,-5.460619071733589e-05,-0.00012022649097298465,0.00033880155196740604,-0.00018690443511519856,0.00030000331703185673,-4.629202832599122e-05,0.0003452931706288295,-0.0002017499315855042,0.0004271719343213874,7.680384565522667e-07,-1.0152949293033326e-05,-3.4682305508508782e-06,-7.002360813623437e-06,2.0417788001146767e-07,-1.0567675029022326e-05,-3.3975852248163048e-06,6.872289191245088e-07,4.528364250241828e-06,9.448953818612994e-07,5.6589785044336216e-05,4.699787664186913e-06,-3.0885203298914913e-06,-3.252696335150792e-06,4.113285583767285e-05,2.9379917153777477e-06,-1.109131763430159e-06,5.879357513423185e-05,4.085476059795802e-06,-3.4553111564835237e-06,-1.149445216886454e-05,-3.2520983289639345e-06,-3.1723419211985166e-06,-9.512349004565762e-07,-9.500898738041931e-08,-3.739767261302546e-07,-2.0017725451953706e-06,5.7080898590923854e-05,-1.3469714551264574e-06,5.7210245633208214e-05,-3.2374487143407866e-07,-9.127385701624449e-08,-1.041500691621307e-05,1.1133047704125876e-06,1.1623574261687961e-06,8.748322889144353e-07,-5.782608937360995e-07,9.282349277301648e-08,1.7826739192775575e-06,9.557515040699284e-07,-5.8841921008031126e-08,5.105257874208367e-07,-2.4601551628453236e-07,2.1362209950154516e-06,4.21291349038943e-07,8.484178288455342e-07,9.772112770599524e-07,1.9728733509550613e-06,5.219438634883192e-07,2.3214394301878033e-07,2.353263360461979e-06,4.605234352700749e-07,6.474146004155014e-07,2.8570823195251537e-06,1.2760611971277793e-06,8.235009735502903e-07,1.1167889160768922e-06,-3.5194045571090665e-08,-8.897481227606653e-08,9.50198404659195e-07,2.4218729301413896e-06,2.3325289538843424e-07,1.8445076807423742e-06,-1.498109984741327e-07,5.611380469382949e-07,1.6039178035939485e-06,3.3827737429592473e-06
2016.6666666666704,-0.036842752525066386,0.3487196948471812,-0.2812959651333332,-0.019782349645213915,0.3643629389048463,-0.2659361247666666,-0.020969642706155058,0.36679067879600613,-0.2565236409333333,-0.02217927203891589,0.3670825542913019,-0.2580286627333333,-0.044646351543521194,0.372668267384973,-0.2833062936666666,-0.04280440062382273,0.37278949822369495,-0.2965766797333333,-0.038510289561333524,0.3610070178709817,-0.2769829452,0.018563163059053072,0.35132340721594496,-0.1551520543666666,-0.10489800934873593,0.3056635343305499,-0.1799076190333333,-0.010587853078342573,0.33709648318552055,-0.2329275372666666,-0.04314951907072917,0.30705616923626977,-0.2682872205,0.09692109091260553,0.21649240193769856,-0.0221736325903333,-0.14889446496213024,0.2961749000582514,-0.0782188597066666,0.1851969116084946,0.0972995118997356,-0.0475329821485999,-0.1934465805804271,0.34401364733886985,-0.2194583664666666,0.2582370490047806,0.08402260996255437,-0.1127865685433333,-0.18198098429596948,0.5447164542714225,-0.2989836698666667,0.26095220644653844,0.09539381294540351,-0.1103025497856666,-0.16153922097697032,0.6018089143042328,-0.364365101,0.2522412544211128,0.10689060120805115,-0.1349618592593333,-0.13136111017860025,0.6502848256463025,-0.3519144133666667,0.2600229785766579,0.07408633390523282,-0.1240918180433333,-0.17090483700791365,0.5717109382903967,-0.317538023,0.07461430819786326,-0.16627760041250883,0.0519869631899999,-0.07294412371275903,-0.19136175898533864,-0.0489284497666666,0.09693416792769774,-0.48502309839175084,0.0502223489399999,-0.03239838855149026,-0.46194041459568264,-0.0607001243733333,0.10677237071663556,-0.7469548183746685,0.2183820585333333,-0.05416585870500845,-0.7740213726710946,0.1413794703366667,0.09077952301798718,-0.7759060925190421,0.2442943336333333,-0.0563119403260615,-0.8006519966701143,0.1232240165,0.11591929131379804,-0.8135563358793888,0.2155685175666666,-0.04628666100181281,-0.845619241530816,0.0551205864733333,onweer_g_ch1_g19_compr.mp4,ch1g19,1.5467846212197966e-05,6.113364356001948e-05,2.1111741361373195e-05,6.93644943951481e-05,3.81709137814819e-05,5.693946081653275e-05,2.017267064368602e-05,1.4403076229971545e-05,3.744406681617584e-05,3.790489431153789e-05,0.0009047121759685571,2.877154810117244e-05,2.1215827478017767e-05,1.967797445543155e-05,0.0003660260941320414,4.144049264215903e-05,5.133108193684719e-05,0.0009787551321158905,2.7299259334031924e-05,2.2082338230779704e-05,4.380472353090235e-05,1.8649730160593568e-05,2.1501584024423382e-05,1.9390921325934766e-05,3.326508421012818e-05,4.024181940473345e-06,2.095995566521838e-05,0.0008548491586969503,3.254472277681416e-05,0.0010338062472243317,5.044142919747253e-06,2.7748884424067727e-05,5.183212881955194e-05,0.0009345003698062724,4.303272461387552e-05,-4.810728865117293e-05,-8.953792045019507e-05,-9.520154459700055e-05,-0.00010621296023376778,-0.00013712778701147613,-0.00013891134292709742,-0.00014195457384702037,-0.0002242908050452347,-0.00039209371231956156,-0.0002151055593606808,-0.00020376462843479557,0.00024971192397894,-0.0004704840106552859,0.005285498219473546,2.882247068459718e-05,0.014147107705150156,0.0003542197854294577,0.016284516850124917,0.0004793614424860837,0.017231073788523153,0.00033676210563683885,0.015010697615680533,0.0003230897089864288,6.294421584906583e-05,-4.500392290054826e-05,-0.0001329335060430693,0.00042118296403392347,-0.00017972710855938763,0.0004086435068964872,-3.979586428861127e-05,0.0004519430070041873,-0.00021154988863751804,0.0005490009156331971,1.7906486630877063e-06,-8.953491621887479e-06,-2.4628024432354184e-06,-8.075662988755055e-06,1.338496413146974e-07,-8.66845564296209e-06,-2.2895206529821396e-06,6.59505092449194e-07,5.092907349063585e-06,5.823823309380026e-07,5.7746890656119765e-05,4.7870494771570745e-06,-2.062985164456175e-06,-2.140512866491923e-06,4.250634524658954e-05,3.391730499946435e-06,-9.1966197087683e-07,6.011788093455626e-05,4.291717168634622e-06,-2.651773892853675e-06,-8.277149820494295e-06,-1.6721360019973308e-06,-2.1767822743708665e-06,3.2719378931145585e-07,-2.654424893530897e-07,-4.5530768291860255e-07,-8.193612472682383e-07,5.851049267661614e-05,-1.0682241730607402e-06,5.800785908392026e-05,-4.689677605777365e-07,4.812152083122543e-07,-8.665332824831437e-06,9.070984690233474e-07,2.1234882787386777e-06,1.2360656465084085e-06,1.8329712259552157e-08,-3.9750571614488775e-08,2.7446369316545606e-06,1.3106733030534182e-06,-1.4007959204166017e-07,4.3991347679312643e-07,-1.7676753270809197e-07,-1.043009161854612e-06,1.923014841222833e-09,1.1937377754804712e-06,1.3018969386372965e-06,-2.5110374294244338e-08,2.993670425825968e-07,2.0358396812888246e-07,-1.0492343689234112e-06,1.100461990832926e-07,1.0335214064206155e-06,3.8575760094565125e-06,1.6277142271940886e-06,1.1836368355810035e-06,1.2404127499551895e-06,-1.3579498353220165e-07,-4.5183930797662216e-08,1.1991514871589212e-06,-7.822185451960516e-07,4.2514936763817765e-07,-1.4592754008344861e-06,-1.1854269882608999e-07,5.966370119837919e-07,2.6072754639948068e-06,2.2631912936466273e-06
2033.333333333337,-0.03700669932253725,0.3486653553031456,-0.2827066878666666,-0.02006273853501961,0.36426940616110004,-0.2674323870999999,-0.02124493428301177,0.3666904230332874,-0.2580493499666667,-0.02248406160184657,0.3669714558310971,-0.2595445061999999,-0.044898385133519146,0.3725217819485282,-0.2849537183666667,-0.04304870459712119,0.3726429957510286,-0.2982300251666667,-0.03879103775991541,0.3608559169333742,-0.2786014417666667,0.018403114452065113,0.3511113612824087,-0.1569858702333333,-0.10505384584141639,0.30526743005988205,-0.1818669995333332,-0.010706363658389185,0.3368855600418875,-0.2343758387333333,-0.0432933009702932,0.30685316341934166,-0.2698196926666667,0.09742416630438167,0.21683992959503262,-0.0239821369469999,-0.1490513394637859,0.2957103508237934,-0.0795270728866666,0.18813591439660216,0.10304867870660094,-0.0515000085219333,-0.19471550870703233,0.3440714574413601,-0.2197863618999999,0.25962392169440524,0.09857554313027614,-0.1183376870833333,-0.18301516821065963,0.5450743995782317,-0.2980308489,0.2615883203792866,0.11205929809769129,-0.1164031512356666,-0.1623382160229294,0.602270337163363,-0.3631091625666667,0.2524255521514581,0.1244749971973547,-0.1401701680159999,-0.13204038938043158,0.6506183816868233,-0.3505427336666667,0.26110795970184125,0.08948067347802502,-0.12936411474,-0.1718574349435535,0.5720384442712804,-0.312260687,0.074670086367914,-0.1662177874849354,0.0519052441033333,-0.07299507940298895,-0.191403688713888,-0.04889458812,0.09711443456216479,-0.48515478586888455,0.0520968315666666,-0.03288459340755043,-0.4614307431276519,-0.0620376960699999,0.10625317951662538,-0.7471160873067866,0.2211805830333333,-0.0542907091205303,-0.7735239426715252,0.13954026099,0.09015829926310368,-0.775929585611475,0.2471708344,-0.056394778010047136,-0.8001178906583206,0.12141859479,0.1151040326789583,-0.8137317936687292,0.2187921632666666,-0.046745354738287254,-0.8449937436795063,0.053097158989,onweer_g_ch1_g19_compr.mp4,ch1g19,1.794558052014675e-05,5.1904307599672035e-05,1.905501925389981e-05,6.059044946667153e-05,3.748417573050328e-05,4.836951801429724e-05,1.835457438166727e-05,1.5352772304109954e-05,4.2092175838160455e-05,3.819785387061941e-05,0.0009659507721315169,3.3421427220640514e-05,1.9527680030607198e-05,1.8008508811382907e-05,0.000409920531530488,4.47457502921149e-05,5.006249888791569e-05,0.0010430586357153765,3.148253520439846e-05,1.9649758570415183e-05,3.6302407974603637e-05,1.7487022640370627e-05,1.968810330432228e-05,2.01209414301491e-05,3.19925594405367e-05,3.50900575326143e-06,2.043479981398549e-05,0.0009169178641890492,3.143936350515403e-05,0.0010958726591608974,4.484284574257361e-06,2.8652215758705382e-05,4.298949353447359e-05,0.0010075408039147695,4.488511871937583e-05,-7.273790687687667e-05,-0.00011684227579479022,-0.00012473981885354865,-0.00013667326037003594,-0.00015276527081766362,-0.00015597391986332283,-0.00015431605552039253,-0.0002445777062817216,-0.0003960054170658633,-0.00023541490042722934,-0.00022108808827065663,0.00039463491548633387,-0.0004616694613689141,0.006143014069502545,-8.325605144646779e-05,0.015150428364625358,0.00015021302186285965,0.01731225222556483,0.0002806309759104914,0.018221671535091275,0.00010914060244611356,0.015993351152144272,0.00010580205974044562,5.4749713928264726e-05,-3.3496123258089186e-05,-0.00013583975928026725,0.0005049215415202544,-0.000157673313280018,0.0005220480180769253,-2.0888895711603945e-05,0.000561523203234544,-0.00021738224866238283,0.0006752443825516858,2.5810896074889123e-06,-6.460469762848211e-06,-9.430656751357247e-07,-7.968903438421213e-06,-1.1029613745945136e-07,-5.513968613323149e-06,-6.706089228131018e-07,5.415460715339605e-07,5.5646386649909274e-06,3.329006828097852e-07,5.4884478139346345e-05,4.509550596022762e-06,-5.137401343253358e-07,-5.575292385710767e-07,4.1263223430283906e-05,3.456827829650456e-06,-8.403105444511332e-07,5.7078873090410616e-05,4.171714411883517e-06,-1.2833976916296492e-06,-3.8959669937862495e-06,4.300693559806468e-07,-6.349072442740899e-07,1.810446631680184e-06,-5.928164701827586e-07,-4.863541668981207e-07,7.177655705969212e-07,5.586937063731791e-05,-5.945292283106044e-07,5.460161448770623e-05,-5.768530117062589e-07,1.1832093240348326e-06,-5.6394812301037605e-06,6.621973856746673e-07,2.779894949799498e-06,1.4830562639922585e-06,6.038506376566332e-07,-1.5372383470491865e-07,3.3249086098358978e-06,1.5416771103212503e-06,-2.3225308380661547e-07,3.848786143782096e-07,-8.675671297032405e-08,-4.510733686227972e-06,-3.8343086597975004e-07,1.4292192874768124e-06,1.5063387124993864e-06,-2.157420361616814e-06,4.233538455916444e-08,1.7101775129314193e-07,-4.795863314458414e-06,-2.2458598271680207e-07,1.3341562397844944e-06,4.314915516339887e-06,1.8048441764320722e-06,1.434363991066815e-06,1.2558684720671222e-06,-2.0512307985217912e-07,7.179235209640781e-09,1.3319629799578e-06,-4.279563803669005e-06,5.390451333378966e-07,-5.076865473434638e-06,-7.180236879027741e-08,5.918080332083493e-07,3.235257748542204e-06,5.573291710552376e-06
2050.0000000000036,-0.036878391028540396,0.34859854595954515,-0.2840711553999999,-0.020084531238178355,0.3641618157333204,-0.2689172361333332,-0.02127150106711496,0.36657613516945203,-0.2595529420666667,-0.022535327854391676,0.3668464683911873,-0.261037684,-0.044874168067414344,0.3723709076555527,-0.2866165806666667,-0.04302066632653257,0.37248916884646827,-0.2998953441666667,-0.03880324047954802,0.3607015124265843,-0.280230542,0.018319199667264315,0.35088274293559985,-0.1588119474333333,-0.10502434510839466,0.3048769498575599,-0.1839798942666666,-0.010603662145348795,0.3366627838613611,-0.2357681377,-0.04319165058703419,0.30663894007946946,-0.2713325201666667,0.09792158841469399,0.21735246932248403,-0.0256625191636666,-0.14904535374732783,0.2952512076169128,-0.08102134891,0.19104395273726388,0.10976434817874073,-0.0544551642152666,-0.19550215706585297,0.34399468656739046,-0.2208146880333333,0.2611203688455972,0.11461114857786797,-0.1219756334833333,-0.18354793110504075,0.5452399517480238,-0.2983126308333333,0.2624063706391344,0.13029129237679474,-0.120426232919,-0.16266602442532976,0.6025844976657436,-0.3631504576666667,0.2526969177224843,0.1436005751688882,-0.1433746946433332,-0.13233715452856945,0.6506818397255197,-0.3504302179666667,0.2623549813913583,0.10637147103544527,-0.1327389756433333,-0.17234797239087854,0.5721342166778904,-0.250268728,0.07471801491023135,-0.16616394760527423,0.0519003822266666,-0.07304100447136036,-0.19143439343899113,-0.0489346598233333,0.09731325507110836,-0.48527381700554434,0.05432318228,-0.0331419396774936,-0.46080726166751707,-0.0633939415399999,0.10573744223902797,-0.7472528443175377,0.2240153511333333,-0.05427776814366886,-0.7728445244072479,0.1377212298066667,0.08953746587780148,-0.7759372593144951,0.2500507545,-0.05634794122369719,-0.7994007580584161,0.1196423105499999,0.1143121103518616,-0.8139193259658426,0.2220229848333333,-0.04702200812094881,-0.8441324342226825,0.0511680763523333,onweer_g_ch1_g19_compr.mp4,ch1g19,2.107193973352016e-05,4.707005284903435e-05,1.8877055741123396e-05,5.320559741770002e-05,3.769175067949751e-05,4.4709982678945156e-05,1.848039217392824e-05,1.5780338751778508e-05,4.7250614930125486e-05,3.815962275346897e-05,0.0010204166791189133,3.74752732591875e-05,1.9673919487852157e-05,1.8231492461618057e-05,0.00045158899979659377,4.8114879751712865e-05,4.965653724092749e-05,0.0010999408407722094,3.529812588211169e-05,1.8950574956883434e-05,3.4710908248443744e-05,1.859202946069053e-05,1.971773933794859e-05,2.2339334812917165e-05,3.1647406498266875e-05,2.9915220503575244e-06,2.1586937933362958e-05,0.0009725253172194736,3.099234268344381e-05,0.0011501883238528622,3.839364387760112e-06,3.0348586618993427e-05,3.900847066351713e-05,0.0010746090185932329,4.740797431715415e-05,-0.00011023170105194385,-0.00015615772952613983,-0.00016657045336555373,-0.0001798778182488885,-0.00017559396436703828,-0.00018009673150476695,-0.0001726477659704715,-0.0002700424550719096,-0.0003905735288625537,-0.0002651202983863659,-0.00024285610035145117,0.0005427535067661078,-0.00044366859834785426,0.006936248688711826,-0.00022985199403716683,0.016022263644582074,-0.0001148771062283461,0.018190817151085052,1.044679925576847e-05,0.019060607356833563,-0.0001741686345083872,0.016838236380060524,-0.00017000689901640141,4.6034054721186275e-05,-2.1506585768421585e-05,-0.00013748957692101018,0.0005696269135717434,-0.00015692557413916373,0.000606117735584275,-2.8726501787344158e-05,0.0006404478699688298,-0.0002505539642919838,0.000774222562510524,3.2467874489355832e-06,-2.649847678332201e-06,1.0165385505943042e-06,-6.536763378348216e-06,-4.6921578419051907e-07,-1.1664978719265e-06,1.3647025860173325e-06,3.496717431256551e-07,5.9743935679746935e-06,2.452294891084158e-07,4.771890527822987e-05,3.6520516285872543e-06,1.3670940888743243e-06,1.4063800960284e-06,3.759125143888392e-05,3.051030840104514e-06,-7.984714596946081e-07,4.9391566487388786e-05,3.517818662186926e-06,5.287324699281374e-07,1.4011173078621754e-06,2.652749696696522e-06,1.2666293245811355e-06,3.299766746917701e-06,-9.918399086633688e-07,-4.4907530293882347e-07,2.355335233558246e-06,4.8937638441727277e-05,1.1659363117043084e-07,4.671046846762761e-05,-6.243197894322963e-07,1.9451275704295178e-06,-1.4678229913383291e-06,3.989212459413136e-07,2.995765705007857e-06,1.5476199829766494e-06,1.0815862606618341e-06,-2.4377792433413244e-07,3.405143693673743e-06,1.5825584062717383e-06,-3.071418994711678e-07,2.992815702085476e-07,1.93650416911818e-08,-7.64495859503062e-06,-6.753135760661558e-07,1.487084334881429e-06,1.5286982748791986e-06,-4.108302239393322e-06,-2.056476163278333e-07,1.473813048847049e-07,-8.180665243169134e-06,-4.908024027351469e-07,1.4705653385819724e-06,4.143538790399602e-06,1.7470565562709323e-06,1.5058842435898328e-06,1.1293417746609723e-06,-2.541831129223486e-07,6.005884990407664e-08,1.296702237845206e-06,-7.4432634634932e-06,5.665988237831411e-07,-8.326576541773507e-06,-1.6762634327727677e-08,5.319658967967851e-07,3.3584615550177484e-06,9.07880825195304e-06
2066.66666666667,-0.03659672492920367,0.3485067629729561,-0.2855840394999999,-0.019951985799205346,0.36402255931449545,-0.2705630971999999,-0.021153721848057482,0.36642661022525885,-0.2612123125333333,-0.022438957673636767,0.36668409544902775,-0.2626859173333333,-0.044690919216639875,0.3722131212015276,-0.2884195894,-0.04283655995354483,0.3723220321937353,-0.3016966988666667,-0.03865896720504633,0.36054634429117266,-0.2819928874333334,0.01839836794350202,0.3506102153856439,-0.1607790785333333,-0.10477275055840478,0.30448281438526703,-0.1861598665666666,-0.01033837450618996,0.33640996879186824,-0.2372941293666666,-0.0429196774717616,0.30639815521214037,-0.2729636250999999,0.09847676162957492,0.21802285430179236,-0.0272649670036666,-0.14879747229327556,0.29480047753080213,-0.08265708216,0.1940061781534952,0.11734428226328875,-0.0562501243999999,-0.19596687920652586,0.3438342184234379,-0.2221614023333332,0.2635585648034835,0.13159940561376393,-0.1235079472066666,-0.18386300012967918,0.5452678302954601,-0.2994614497666666,0.2645083868640449,0.14953110624597107,-0.1221721594466666,-0.16281614117813184,0.6027851778383408,-0.3642314723333334,0.25442782964582306,0.16368492290466477,-0.1444699013066666,-0.13245094108157687,0.6506393429852109,-0.3513483291666666,0.26470362545023995,0.12418284103316742,-0.1340599229766667,-0.17260810297397502,0.5720982366925026,-0.237198338,0.07475579503540085,-0.16611957889864432,0.0519765806799999,-0.07307992270759876,-0.19145153204079654,-0.0490461739033333,0.09752943537547003,-0.48540519697316215,0.0569179588466666,-0.03324227593635925,-0.4602078798293202,-0.0648053114799999,0.10521078134189224,-0.7474288916287458,0.2271934424666666,-0.054236190773345995,-0.7721886707532329,0.1358331459066666,0.08888094968913234,-0.7760012370151173,0.2532548920666666,-0.056276520243526494,-0.7987133542939635,0.1178148060633333,0.11352571416342086,-0.8142532363654884,0.2253801668,-0.047190994521454026,-0.8432995692245604,0.048830427229,onweer_g_ch1_g19_compr.mp4,ch1g19,2.4308128647257393e-05,4.731494877481128e-05,2.0780575523842946e-05,4.807138151306475e-05,3.7689878989902814e-05,4.667997127312339e-05,2.0721465983050832e-05,1.602245146130093e-05,5.328708384985893e-05,3.843340859710557e-05,0.0010641819255145161,4.081333837725199e-05,2.1877816561120977e-05,2.0495247423800872e-05,0.0004877887234931551,5.13122166339025e-05,4.926317528547807e-05,0.0011448971260110319,3.865297995926178e-05,2.0300970842020178e-05,3.976621046929116e-05,2.22519099050178e-05,2.182989743487564e-05,2.6177964156819467e-05,3.110610484686957e-05,2.535867372945999e-06,2.4658095016695138e-05,0.0010177414685049661,3.153434017536359e-05,0.0011921876454992258,3.1586488992168355e-06,3.245495210133231e-05,4.067676189249869e-05,0.001130612708923734,4.96149434996709e-05,-0.00015363025513828328,-0.000201028100492842,-0.0002138487782280575,-0.00022891435959944507,-0.0002010721866291839,-0.00020666166559916562,-0.0001930615786253282,-0.0002949575518654332,-0.00037181485758391695,-0.0002967660022839657,-0.0002630807225798799,0.0006898419732743209,-0.00041463447942575326,0.0076083060889464114,-0.000396680343971677,0.016713333199485404,-0.0004147594023843676,0.018864411018498815,-0.00030385724663752094,0.019691990160463243,-0.0004931340448186076,0.017497068118344145,-0.0004807423127300287,3.774600124278333e-05,-1.0064817942488684e-05,-0.00013075146015328114,0.0006153498714342151,-0.00015314789721961508,0.0006673606680578533,-3.5223207436993375e-05,0.0006963423724732847,-0.0002895647274986938,0.000847162810465948,3.6498564518730026e-06,1.4852173832612076e-06,2.866587651711662e-06,-4.321351319159354e-06,-8.135881002818284e-07,3.3143767402622303e-06,3.2269366712102638e-06,5.349419421551184e-08,6.187498178554404e-06,3.9612152562589536e-07,3.740041389582014e-05,2.741334778088229e-06,3.0798783219395353e-06,3.1963347000930274e-06,3.191038928797862e-05,2.618596463741534e-06,-7.834860099778925e-07,3.82505467427173e-05,2.8004902435777828e-06,2.2993896398874184e-06,6.410128998357344e-06,4.479514399912109e-06,3.018950817745479e-06,4.451064784977607e-06,-1.3298838440750986e-06,-3.5783067160481516e-07,3.7067953750182558e-06,3.881964331598761e-05,7.810620585592181e-07,3.558139336569647e-05,-6.153324434196764e-07,2.561857087365745e-06,2.8652800150776343e-06,1.5325481738054517e-07,2.713730921798413e-06,1.3945688344210164e-06,1.3631683624527598e-06,-2.5770500444531283e-07,2.945946850765445e-06,1.4021309095897978e-06,-3.6647942340797443e-07,1.6139550021813588e-07,1.1315167658093372e-07,-9.979987012694929e-06,-8.278915975002128e-07,1.3307379881255004e-06,1.34096525e-06,-5.587979651050694e-06,-3.968559493952295e-07,1.611520395874716e-07,-1.0679485068232868e-05,-6.463761648953488e-07,1.3925906715740469e-06,3.3442700608606208e-06,1.4351713021782614e-06,1.3589509023708872e-06,8.570064986932583e-07,-2.3479615616681786e-07,1.0612685394415155e-07,1.0774045002525351e-06,-9.804184936284182e-06,5.055862328497078e-07,-1.0707743280430102e-05,3.9991137474458906e-08,4.2390512510612363e-07,2.9300663881295462e-06,1.1686322019597753e-05
2083.3333333333367,-0.03612781036592287,0.3483765848879007,-0.2870714535666666,-0.019604815338556188,0.3638404926431503,-0.2722115669666666,-0.02082530816471279,0.3662317372889733,-0.2628674451,-0.022131472079481476,0.3664741025516934,-0.2643290256666666,-0.044295824519321195,0.37204242369264895,-0.2902088959999999,-0.04244486770981254,0.37214142566378106,-0.3034854084333334,-0.0383087272640467,0.3603807324946051,-0.2837379246666667,0.018700475745044638,0.35032647014123824,-0.1626953087333333,-0.10430202968971662,0.30413928969689535,-0.1882726197666666,-0.009896990252540715,0.33612894462650633,-0.2387676331666667,-0.04247740388304203,0.30615054167839767,-0.2745280364333333,0.09908282752639194,0.21879029194832622,-0.0286938323336666,-0.14839295573078154,0.2944240652456798,-0.0842188117633333,0.19686479184286879,0.12517849921930335,-0.0574604351466666,-0.19628600742537458,0.3434811970134193,-0.2236724565666666,0.26677111565695233,0.14867472751757715,-0.12430851594,-0.1840373960421835,0.5449208895588258,-0.3012682513333333,0.2677211098233693,0.1688437773745652,-0.1231520503166666,-0.1628347116886502,0.6026086909869001,-0.3660415908666667,0.2574308612432175,0.1838015687439084,-0.1448631142666666,-0.1324387715882931,0.6502692022306058,-0.3530525988333333,0.26797477355967037,0.14203885410643904,-0.1346813423766666,-0.17272651863425503,0.571699123585002,-0.246277183,0.07478733366925663,-0.1660874827115621,0.0520942635933333,-0.07311438541165141,-0.19145323901874367,-0.0491924366366666,0.0977961013218435,-0.4855354814202652,0.0597131669766666,-0.033119558570111986,-0.45960663238194277,-0.0659603626966666,0.10474281928919355,-0.7476038229531053,0.2306229352666666,-0.054176707259410144,-0.7715323879636574,0.1344502178066666,0.08826727611322902,-0.7760644037229918,0.2567043261,-0.0561939989816302,-0.7980337281077473,0.1165034402966666,0.11278630456002589,-0.8146133590500495,0.2289209588666667,-0.04732753077879019,-0.8424604170889127,0.0469173945456666,onweer_g_ch1_g19_compr.mp4,ch1g19,2.7600982944544728e-05,5.255143647316205e-05,2.4421840609329417e-05,4.568481842308278e-05,3.6641486913113e-05,5.4043323929043505e-05,2.473108618994735e-05,1.613658789595846e-05,5.9711357582350514e-05,3.882162012500417e-05,0.0010945197408480667,4.312500354324217e-05,2.5721659417508648e-05,2.4422292293346198e-05,0.0005169580037436017,5.39316137889217e-05,4.863471556446006e-05,0.0011752200777073905,4.123991660941235e-05,2.33656995828702e-05,5.093965532592207e-05,2.784651070371173e-05,2.562378059289207e-05,3.126038159306865e-05,2.9685539383693913e-05,2.230582765204385e-06,2.9204758124530517e-05,0.0010497069608756942,3.282153678965387e-05,0.0012195898294986623,2.552891585258463e-06,3.493957397465644e-05,4.778787205486662e-05,0.0011721685192220437,5.081300985428955e-05,-0.00020297451059539412,-0.0002511336491260601,-0.0002662736873613472,-0.000283177948704275,-0.00023051244343435352,-0.00023727486985939664,-0.0002181055421287814,-0.00031937854341716315,-0.00034502952899914197,-0.00033193519574312483,-0.0002844306220432843,0.0008206127229489457,-0.0003767992664180554,0.008129625905171344,-0.0005598815343828598,0.01718066782777401,-0.0007204542128088227,0.019296901156000388,-0.0006314834442396794,0.020087939455926854,-0.0008193097672244395,0.017932904333078176,-0.0007969651696391014,3.024779967903052e-05,3.5711794214531783e-07,-0.0001226369272876164,0.0006345126935115788,-0.00015913622916072695,0.0006904025939545601,-5.159335723032506e-05,0.0007133126828579807,-0.0003437564278131135,0.0008768962227695352,3.7169407992731705e-06,4.968960345880836e-06,4.269471702059394e-06,-2.0330694713807273e-06,-9.963085779402656e-07,6.872734101465114e-06,4.587974468513739e-06,-3.7894606925382334e-07,6.198283421702091e-06,6.73699498074469e-07,2.568826865984818e-05,1.871305962681326e-06,4.338719393483615e-06,4.501908363085314e-06,2.5472382805055954e-05,2.1665332846497323e-06,-6.179482255726585e-07,2.5616417166184023e-05,2.0913142965338463e-06,3.6935886312061043e-06,1.00641744497173e-05,5.6943079701245085e-06,4.315289022391278e-06,5.147828420241633e-06,-1.4725297077368051e-06,-2.21435616762782e-07,4.628492537501144e-06,2.72947446377937e-05,1.3264058597343184e-06,2.302743653778985e-05,-5.452525468020827e-07,2.907184411401331e-06,6.6323266020111696e-06,-5.958849581711835e-08,1.978007012346818e-06,1.0414276845763523e-06,1.3885869176847156e-06,-1.6171919206477523e-07,2.0190955420595667e-06,1.0208157270815682e-06,-4.008558653057442e-07,-1.241687320753979e-08,1.8962995005625221e-07,-1.1229905512165398e-05,-8.092601861885411e-07,9.792298584492718e-07,9.652848732230655e-07,-6.421096890508883e-06,-4.7632948582713436e-07,2.1618059961503247e-07,-1.1980291084975209e-05,-6.571088403400561e-07,1.1061217518380005e-06,2.0503319896544303e-06,9.167579245467375e-07,1.0110773896208419e-06,4.669142279304467e-07,-1.207373241522828e-07,1.3849440697446976e-07,7.008433265316812e-07,-1.1070430905730432e-05,3.777079772117514e-07,-1.1928548884564463e-05,9.023548944134858e-08,2.7518725934395745e-07,2.02598775141683e-06,1.3024039737528163e-05
2100.000000000003,-0.035589414013265194,0.34821181644146826,-0.2889182080999999,-0.01915479482139183,0.36362010001867434,-0.2742480957666666,-0.020400431963720725,0.36599464616603467,-0.2648982528333333,-0.021729372239359734,0.36621829568158926,-0.2663519228666666,-0.043816409500809776,0.371863991138919,-0.2923387736333332,-0.04196846748509462,0.37195383373989194,-0.3056343386333334,-0.037878637866639565,0.3602160577759755,-0.2858212570333334,0.019155659268114585,0.35002108397897597,-0.1649780106666666,-0.1036991370464209,0.3038505611861819,-0.1906356200999999,-0.009377872140493465,0.33582724200405223,-0.2405880639333333,-0.04196825450945797,0.30590876182141113,-0.2764020799666666,0.09974703107278418,0.21965223323172894,-0.030492146627,-0.14788585310200267,0.294103396306399,-0.0860700552833333,0.1998150833001544,0.1334805204428775,-0.0584532319033333,-0.19647189601295162,0.3427511772265225,-0.2262509465333333,0.27064425660562125,0.165942376099993,-0.1246662332166666,-0.1841519441657457,0.5438115121642092,-0.3053071574333333,0.2717343692922756,0.18820048544938353,-0.1236514674533333,-0.16282044062308373,0.6015308257714025,-0.3702688128666667,0.26121751361132245,0.2039475873158381,-0.1447932797266666,-0.13238641479175337,0.6490357722444446,-0.3572375482333334,0.27195119274258506,0.1600372022667263,-0.1348579727933333,-0.17278282646214863,0.5705069653605015,-0.211810201,0.07481160600017812,-0.1660641322717587,0.0522232331433333,-0.07314442431491006,-0.19144386525231,-0.0493463381866666,0.09804648344167717,-0.4856650221619785,0.06298559335,-0.032940679956078536,-0.4589984259239065,-0.0668021278033333,0.10428466189642141,-0.7477684772625703,0.2347120915666666,-0.05409604213101077,-0.7708587198815,0.1335465905066666,0.08766158761445404,-0.7761236688217055,0.2608364319999999,-0.056082247568216684,-0.797339175390199,0.1156762564633333,0.112067641987373,-0.8149808453555308,0.23311138,-0.04745929109148781,-0.8416119423669566,0.045493973789,onweer_g_ch1_g19_compr.mp4,ch1g19,3.09861589368158e-05,5.911346196510397e-05,2.9461068922053406e-05,4.424998593897778e-05,3.538385315657326e-05,6.253214731123948e-05,3.0121978304274252e-05,1.5282195551069505e-05,6.651815368353046e-05,3.9904241647549053e-05,0.0011125450141198211,4.4048459019822365e-05,3.087700965433396e-05,2.9674418859349278e-05,0.0005381134118570178,5.562750707081396e-05,4.827759263436787e-05,0.0011927787357346989,4.2630552865707815e-05,2.7905853685040777e-05,6.279291818071817e-05,3.4653026599760435e-05,3.0773500897796634e-05,3.7073323516243934e-05,2.7945613947780575e-05,2.1144039934530635e-06,3.467995650193609e-05,0.0010693356858727135,3.453571381737579e-05,0.0012343892506958883,2.089403340445296e-06,3.7909099119353295e-05,5.6077945710187e-05,0.0011993737181305777,5.097373222115776e-05,-0.00025228488412043905,-0.00029881521471195613,-0.0003160964947091862,-0.0003350673154523378,-0.0002596069880617218,-0.0002674860168001618,-0.00024351487232887617,-0.000334200529807122,-0.00031232115502691026,-0.00036409571416003394,-0.0003037389846371446,0.0009363221019041466,-0.0003318480585013175,0.008493777514398579,-0.0006859572146996421,0.017452023957452167,-0.0009731819231935258,0.019529819641995898,-0.0009062773419131729,0.020286216167326544,-0.0010860370254738517,0.018175021081159093,-0.001055962112330487,2.3647135232304476e-05,9.56083786116773e-06,-0.00010439147359825207,0.0006476641863366549,-0.000155021596850036,0.0007094189956712863,-5.699537736433061e-05,0.0007276590995075733,-0.0003850614860062223,0.0009037371344510719,3.4818013888049555e-06,6.559092749503351e-06,5.128493217667323e-06,-4.762504214157679e-07,-1.0746629211966736e-06,8.357697839869132e-06,5.377020882981468e-06,-8.309481761468339e-07,6.060223531380079e-06,9.584027060342696e-07,1.3692019360590088e-05,1.145713710037197e-06,5.094809399642367e-06,5.252606241619458e-06,1.8630177439772412e-05,1.7461533098957795e-06,-3.463590541089825e-07,1.2820620248657174e-05,1.4854968068291458e-06,4.632523725350077e-06,1.1281931875499496e-05,6.2855184377847685e-06,5.106891727798848e-06,5.388094703975525e-06,-1.4820482343565636e-06,-4.953041053544982e-08,5.09634876829671e-06,1.5460722352651975e-05,1.6109422687502128e-06,1.0280436547553545e-05,-4.1383623966825057e-07,3.001499797595194e-06,8.20382168013412e-06,-2.2533249437910208e-07,1.0092296889501706e-06,5.554115630565967e-07,1.2247882568792914e-06,3.053880830810015e-10,8.841321909097716e-07,5.10661159880267e-07,-3.763145125375089e-07,-2.2070269727748228e-07,2.0929155322257213e-07,-1.139428514541558e-05,-6.251077327761205e-07,4.984530919067337e-07,4.699388794172106e-07,-6.5613125131583225e-06,-4.273714433151955e-07,2.785518753925753e-07,-1.2107752946548578e-05,-5.225393573401538e-07,6.658381646764235e-07,6.05780347160603e-07,2.906915648993703e-07,5.282716307846693e-07,2.347873212076367e-08,5.465707420596436e-08,1.5348801541399977e-07,2.3646170355787728e-07,-1.1236424203083895e-05,2.0326786499634347e-07,-1.2027209533950622e-05,1.2795539940163618e-07,9.999349725722541e-08,9.055520879725578e-07,1.310826844423875e-05
2116.6666666666697,-0.035020302690904025,0.34789562336921886,-0.2908745050666666,-0.018668240328041284,0.36324920106645775,-0.2764047796,-0.019941328045339733,0.3656041455545479,-0.2670462091,-0.021292506164027548,0.36580609604043646,-0.2684952820666666,-0.0433030703257948,0.37156115380692356,-0.2945830067333333,-0.04145771397117114,0.3716465980899742,-0.3079047600333334,-0.03741644807740506,0.3599392146309583,-0.2880186875666666,0.01964790334751728,0.34963094115672577,-0.1673708063333333,-0.10305834737117296,0.3035555901008112,-0.1931049372333333,-0.008827464302076773,0.33540562399072116,-0.2425104254666666,-0.04142908726205853,0.3055778415073208,-0.2783761669333333,0.10042054477132997,0.22058599739577575,-0.032410593397,-0.14736736770464748,0.29378277861870417,-0.0880593714633333,0.2028124720779258,0.14210579165046505,-0.0598127587166666,-0.19660970549631576,0.34176211363025927,-0.2290855318333333,0.2747728398321027,0.18322400224474913,-0.1257883709966666,-0.1842688307108049,0.5424097784583864,-0.3093584553333333,0.27605963057991995,0.2074859339822394,-0.1250233371466667,-0.16281481395357,0.6001544200962775,-0.3744912287666667,0.26520467750486487,0.22396850436805907,-0.1455433478033333,-0.13233213784725667,0.6475367507372379,-0.3613969660000001,0.2761501870443106,0.1780005863835487,-0.1357947198866666,-0.17283600574231042,0.5690271928684957,-0.224124804,0.07483766535927913,-0.16604600069834508,0.05235341043,-0.07317810056008883,-0.19142814518464035,-0.0494997495333333,0.09830371380814538,-0.4857630911713068,0.0660526099633333,-0.03276527045413606,-0.4583690026241595,-0.0672564832066666,0.10386589873649107,-0.747884124736939,0.2384327088333333,-0.05403215763509921,-0.7701714115313215,0.1330319262733333,0.08708347078531195,-0.7761382444526086,0.2645861919666666,-0.05598699989723922,-0.7966367530244987,0.1152400194966666,0.11134459138713315,-0.8153373475571707,0.2369050408,-0.04771072751618576,-0.8407497367362772,0.0445490032423333,onweer_g_ch1_g19_compr.mp4,ch1g19,3.451646845736088e-05,6.702502495503342e-05,3.551946078103158e-05,4.4266715623333316e-05,3.426351586197331e-05,7.236879946674791e-05,3.646438431849466e-05,1.441748115435001e-05,7.284887537875328e-05,4.0899849618078876e-05,0.0011186663499076323,4.448150561475393e-05,3.6985586050443945e-05,3.5820936619135554e-05,0.0005516152644344739,5.6547206208559525e-05,4.782443069968548e-05,0.0011974177181701213,4.349520604404147e-05,3.3623381462443e-05,7.567126878905989e-05,4.2037148239235365e-05,3.6915340584971014e-05,4.3198236654841295e-05,2.6392136578788773e-05,2.148898582006503e-06,4.070075659637268e-05,0.0010771988302020708,3.667859980971018e-05,0.0012365815319598469,1.7276948838966955e-06,4.136275498780405e-05,6.57315629254273e-05,0.0012128844198142394,5.0876102661338576e-05,-0.0003045545218921987,-0.00034751139877173406,-0.0003670220638826693,-0.0003879998340871824,-0.00029324598438417175,-0.00030198663682628687,-0.0002737738847926847,-0.00034556738188657083,-0.0002816375206949495,-0.00039789580192404263,-0.00032615626061592253,0.0010298616248767645,-0.0002865273857552188,0.008719301147748748,-0.0007781647403698733,0.017543957155746994,-0.0011856808821755387,0.019567444940208997,-0.001146605062707485,0.020293338308642633,-0.0013264767568538706,0.01823790542025468,-0.0012793153051214434,1.7690876586514383e-05,1.7630833932472975e-05,-7.507090801252393e-05,0.0006567177914906066,-0.0001466852602809892,0.0007175895014521037,-5.867099423820403e-05,0.0007306910029585847,-0.0004184656561853106,0.0009189174008199469,3.031759271130205e-06,6.397842688101753e-06,5.288170666099683e-06,1.601806390700328e-07,-9.120158227456979e-07,7.9624781904033e-06,5.474223522292089e-06,-1.2494301658754601e-06,5.79734979677352e-06,1.1886810937496204e-06,2.4393961229544744e-06,6.507317382291149e-07,5.23834576798595e-06,5.323554794503396e-06,1.2006946848623542e-05,1.3767160835594082e-06,8.658816299577588e-08,8.718404125074957e-07,1.0584964757477765e-06,4.976752306841671e-06,1.0421121618037554e-05,6.1529566496936835e-06,5.277089860100731e-06,5.099767753880617e-06,-1.2341746639719136e-06,1.1312464660594205e-07,5.026259425626592e-06,4.334367566551161e-06,1.6541215457620924e-06,-1.5466644119109468e-06,-2.6178173962005127e-07,2.9030272427694014e-06,7.856398933697922e-06,-3.3683904367821755e-07,1.816044580006884e-08,2.6196558405963427e-08,9.141088979242926e-07,1.683542945698251e-07,-2.2399640825198067e-07,-3.441229153125087e-08,-3.1165589521338826e-07,-4.257387480227588e-07,1.8399079354952648e-07,-1.0600961468619485e-05,-3.433634587429815e-07,-2.164492856302986e-08,-5.4122020944911263e-08,-6.066708191574699e-06,-2.6509433640270017e-07,3.145051324461014e-07,-1.1204766305063163e-05,-2.9632184311325986e-07,1.5598414447858653e-07,-7.053876650834205e-07,-3.3170462549871525e-07,1.4198513493007146e-09,-4.0040910235606337e-07,2.3209702308667516e-07,1.519613119108379e-07,-2.3569379745230156e-07,-1.0431440975686016e-05,1.2529686673655594e-08,-1.1158862163286273e-05,1.5175698556756589e-07,-8.075682757114248e-08,-1.9423621876752426e-07,1.2101893818324337e-05
2133.333333333336,-0.034346057706831634,0.34746476589262,-0.2928509513666666,-0.018085250911720446,0.36277894426901797,-0.2785938148,-0.01938966166451732,0.3651122868567723,-0.2692255595666666,-0.02075872963047162,0.36529092824713755,-0.2706676299666666,-0.04269486586294027,0.37116004731858077,-0.2968630332333333,-0.0408533775109579,0.37124057453647985,-0.3102121492,-0.036857967117180646,0.35956577711022575,-0.2902526766,0.020176451306323947,0.34921919640555554,-0.1698023042999999,-0.10237080260626098,0.3032622069284928,-0.1956216365666666,-0.008188169693331476,0.33490679181864896,-0.2444529537666666,-0.04079817792357691,0.30517248242363537,-0.2803728281333333,0.10109783227879074,0.22160661816279015,-0.0344642343636666,-0.1468126076467233,0.2934815598706768,-0.0900181703366666,0.20578029815199025,0.15085981050076774,-0.0614780536333333,-0.19659159756494715,0.34075919266848737,-0.2317986716666666,0.2787861367749797,0.2005439358772012,-0.1267423527066666,-0.1842680503889728,0.5409242489812057,-0.3130591547333333,0.28025199813447543,0.22670538885206193,-0.1261996019033333,-0.16271891812010655,0.5986598027953515,-0.3783089966666667,0.26901578048108954,0.2438809747508622,-0.1461810223899999,-0.13217930933388106,0.6459110209888238,-0.3651533858000001,0.2802166684125169,0.19597191681152015,-0.1366105609633333,-0.17277244931657598,0.5674433635640522,-0.227299795,0.07486801819207932,-0.16603108512050316,0.0524915834333333,-0.07321689151059818,-0.19140749655522812,-0.0496577382266666,0.0985649394829929,-0.4858557677591678,0.0688176436033333,-0.03251619612442285,-0.4577561006290203,-0.0677215798633333,0.10349648676628957,-0.7480052463837711,0.2419308711666666,-0.0539637932989434,-0.769468522327416,0.1324135370066666,0.08656702795374255,-0.7761700160625107,0.2681531271,-0.055887993421227036,-0.7959177820848022,0.1146756141633333,0.1107055861846314,-0.815773801832727,0.2405855417,-0.04798212524165097,-0.8398373572321572,0.0435637842823333,onweer_g_ch1_g19_compr.mp4,ch1g19,3.787097778767777e-05,7.545152445327601e-05,4.1718343857933375e-05,4.626077463939197e-05,3.311323205928627e-05,8.23364700581952e-05,4.2819131700980435e-05,1.3408034544660702e-05,7.859302959027763e-05,4.2033184253255234e-05,0.0011123578743484081,4.463567279254818e-05,4.298941675197938e-05,4.1991519007630294e-05,0.0005583847525140641,5.734411090279298e-05,4.757288624866408e-05,0.0011885193840412524,4.395044099495612e-05,3.947762985947964e-05,8.776840083112555e-05,4.871557735565363e-05,4.299531250867511e-05,4.857870313894873e-05,2.4978774633970874e-05,2.3562294582029575e-06,4.605673975365153e-05,0.0010728204161516452,3.8521759385491154e-05,0.0012257901908002747,1.5494422611855127e-06,4.4677845047346266e-05,7.571258171780904e-05,0.001212670676220276,5.0552749142512774e-05,-0.0003469542044491384,-0.0003859179688462329,-0.0004076434892609409,-0.00043043691408460957,-0.0003220737621360072,-0.00033109522170052746,-0.000299862280068059,-0.0003469775328757881,-0.0002544453592569767,-0.0004218633818566439,-0.0003423942523327725,0.0011064030417477545,-0.00024438914501787214,0.008823869811501722,-0.0008376555093863757,0.01745529006691048,-0.001342825237721057,0.01940561317418909,-0.0013357852048262366,0.020108015957509842,-0.001514653541075615,0.01811959140317487,-0.0014477338115215497,1.2516326260965388e-05,2.465980919088737e-05,-4.11692696646599e-05,0.000667593236479119,-0.00012508043882149142,0.0007294771568940982,-4.538062861701667e-05,0.0007383855589599476,-0.00043161528851498897,0.0009292800761281472,2.5278336713916126e-06,4.999727277368495e-06,4.796048102790116e-06,2.1053879403640735e-07,-6.419681543199936e-07,6.23224426795843e-06,4.927324690842533e-06,-1.6243836167449444e-06,5.356497484772078e-06,1.3552698577222343e-06,-7.267561313011273e-06,5.211709886544195e-07,4.769680898493641e-06,4.768977472267256e-06,6.295975762213867e-06,1.206483316492513e-06,4.7670703747055744e-07,-9.288787933788694e-06,9.434740618391347e-07,4.6895861558470285e-06,8.09543049818781e-06,5.331732428853348e-06,4.822695564532981e-06,4.3520866581063305e-06,-8.942113961189643e-07,2.533263967579091e-07,4.433358399557581e-06,-5.248936957726712e-06,1.505795715265234e-06,-1.1645119201889586e-05,-1.0651282024747361e-07,2.658017491919655e-06,6.127277328641437e-06,-3.706168254308679e-07,-8.330535180913844e-07,-4.367126069430228e-07,4.982082904599086e-07,3.095482777539227e-07,-1.1258973814017022e-06,-5.026101772495539e-07,-2.0619396577610382e-07,-6.106773413285334e-07,1.06093112265016e-07,-9.046269072317673e-06,-2.1668161781749482e-08,-4.729180642689511e-07,-5.000920053566968e-07,-5.1314261271598285e-06,-4.343710895002491e-08,2.934855182195217e-07,-9.489107839792274e-06,-2.8111865603574675e-08,-3.156437805194191e-07,-1.6761426633398027e-06,-8.251890623553156e-07,-4.603770131397788e-07,-7.14568689309699e-07,3.7691802324255693e-07,1.3442467715705516e-07,-6.15778834716478e-07,-8.872113619868543e-06,-1.509490130991937e-07,-9.516734475493113e-06,1.5806595718993532e-07,-2.1826549095166458e-07,-1.105112075321306e-06,1.0295053367857927e-05
2150.0000000000027,-0.033540452912764425,0.34704530313282006,-0.2948094527,-0.017409474763793006,0.3623305142729058,-0.2807767743,-0.018747512303816733,0.36463947782753825,-0.2713964223333333,-0.02013231218679019,0.3647949890312905,-0.2728272264666666,-0.04197905596556735,0.3707762373400948,-0.2991380302666667,-0.040145232115330325,0.3708474620378391,-0.3125120739,-0.036189811193115595,0.35920434255085293,-0.2924837281333333,0.020717559662521378,0.3488541975885096,-0.1722566487333333,-0.10164998883046729,0.30299706435190304,-0.1981508190999999,-0.007447216316704965,0.33443709518703746,-0.2463790301666666,-0.040051055459578044,0.3047841200008738,-0.2823586323666667,0.10178251879449135,0.222753775922684,-0.0365557543336666,-0.14619354317003536,0.2932579215887381,-0.09197683486,0.20872296658615658,0.15967844428069763,-0.0626137204233333,-0.19637842543998027,0.3399507439201993,-0.2344124972666666,0.282547732891572,0.2178284460884764,-0.1263660852399999,-0.18410505385250234,0.5395189459297108,-0.3165426190666667,0.284095210929618,0.2458743610240518,-0.1259078461033333,-0.1624864803724809,0.59724653468143,-0.3818840445333333,0.27247548997831833,0.2637188326003273,-0.1453955722566666,-0.131896694711467,0.6443022861862779,-0.3686635460666668,0.2840075844380748,0.2138978741218308,-0.1360870203299999,-0.17254939498257338,0.565923246155157,-0.236175835,0.07488853461641057,-0.16602033618512102,0.05268344942,-0.0732488070994398,-0.19138075481827668,-0.0498673546599999,0.0987573930757292,-0.4858754137526319,0.0715791235033333,-0.03223327377525268,-0.45706705358379485,-0.0679748827166666,0.1030681742896662,-0.748141691597367,0.2454493612999999,-0.05392891104649261,-0.7687492906992288,0.1319032815066666,0.0859895127433288,-0.7762340653095468,0.2717437913666666,-0.055821134884107636,-0.7951912720168023,0.1141928031299999,0.10999992667957904,-0.8162242661137636,0.2443013752333334,-0.048247143999783006,-0.8388999921654103,0.042645662149,onweer_g_ch1_g19_compr.mp4,ch1g19,4.069463423481931e-05,8.167065103482735e-05,4.7038362009954564e-05,4.860060174574787e-05,3.236348199519983e-05,8.952056510171081e-05,4.816612266523641e-05,1.142420985586973e-05,8.334951813691042e-05,4.344266733274336e-05,0.0010986514198525245,4.5115050554742376e-05,4.800923963208179e-05,4.718291228427966e-05,0.0005605990900856753,5.839398205422076e-05,4.773234012392111e-05,0.0011725949758918535,4.468627588720891e-05,4.4593443605393966e-05,9.613170170086322e-05,5.377781618473143e-05,4.811263656301981e-05,5.268290933846914e-05,2.4050274834376386e-05,2.7242435434387645e-06,5.021152272527869e-05,0.0010612948066837278,3.991237423118306e-05,0.0012076833601715345,1.5578387440413889e-06,4.751181641164872e-05,8.278165295169637e-05,0.0012040141694470376,5.0747206546536006e-05,-0.0003770249735026809,-0.0004123012955485474,-0.00043606994498275684,-0.0004601656129798418,-0.00034456046926156173,-0.00035364621879194425,-0.00032062092247658533,-0.00034083423175582556,-0.00023133654753939393,-0.0004359918485372101,-0.00035231296717813876,0.0011711086943466257,-0.000207015280221317,0.008862862833603744,-0.0008537187935170769,0.017270291280819784,-0.0014212152442760037,0.019151085058726994,-0.0014334316394170132,0.019820929943608744,-0.00161349040065655,0.017901784089437635,-0.0015341063806512184,8.307156172059178e-06,3.0295998092428022e-05,-1.343717146827493e-06,0.0006834186218238169,-8.979770784132362e-05,0.0007445899910412785,-1.630247777410588e-05,0.0007496612737176916,-0.0004208413486184763,0.0009400062185905795,2.1696624354870117e-06,3.185451724381767e-06,3.942074929202546e-06,1.369061187776414e-07,-3.3086680512019016e-07,4.11309722747021e-06,4.0184083016756205e-06,-1.7774294986103023e-06,4.673257401576659e-06,1.3488485466629695e-06,-1.48423140907946e-05,7.244305823249027e-07,3.90749662957251e-06,3.875915356561521e-06,1.8860812761032547e-06,1.2621692261651442e-06,6.786093063298811e-07,-1.7121114407656513e-05,1.1055402869037313e-06,3.957156258818974e-06,5.389246911414436e-06,4.089093727624342e-06,3.96174023983326e-06,3.377001170215033e-06,-5.238054411934737e-07,3.745674113540024e-07,3.4982602466481988e-06,-1.2670126341079816e-05,1.1949993217545807e-06,-1.9538811092431498e-05,5.570864197561942e-08,2.3624588060228543e-06,3.961558854892781e-06,-3.2222574132702746e-07,-1.3103331173281418e-06,-7.61942531511678e-07,1.4199198836087365e-07,3.8528535189437346e-07,-1.5852943750371228e-06,-8.24221072031019e-07,-4.056914245226228e-08,-7.612012193320558e-07,-1.9115691524854905e-08,-7.15787987808346e-06,2.661589507173279e-07,-7.952050002243552e-07,-8.013434277724813e-07,-3.993800125884557e-06,1.7056658752822013e-07,1.9758122421497523e-07,-7.460285315133729e-06,2.1101670120894584e-07,-6.827063962516978e-07,-2.0779116866127774e-06,-1.1267025714447197e-06,-7.952281031058176e-07,-8.850154757478134e-07,4.558802036140216e-07,1.0449061649661857e-07,-8.630523817474685e-07,-6.9930775282214515e-06,-2.651889255711423e-07,-7.5613516428720414e-06,1.4769422511265927e-07,-3.02988519183415e-07,-1.5747901186967503e-06,8.160312945246456e-06
2166.6666666666692,-0.03272467157463318,0.34665123654860425,-0.2967802147333333,-0.016722320407622657,0.3619089461105317,-0.2829787964,-0.01809352404317109,0.3641934586282804,-0.2735820731,-0.019494520843657884,0.36432461126524407,-0.2750028784333332,-0.04125290369252086,0.37041554391352777,-0.3014310676333334,-0.03942651444079119,0.3704765068889587,-0.3148289799666667,-0.035510482737738346,0.3588658558676551,-0.2947341223666666,0.021263256018960806,0.3485141979402003,-0.1747449429666666,-0.10092542787200087,0.30275857954598806,-0.2007199009666666,-0.006691274952578048,0.3339940013299762,-0.2483207841,-0.039290759457143234,0.3044177615732945,-0.2843604474,0.10247371214637313,0.22397308348145328,-0.0386698260303333,-0.14556219546327587,0.2930659220284565,-0.0939709345266666,0.21164369448220743,0.16855818067018982,-0.0637136459099999,-0.19616775229432307,0.3392010611036167,-0.2370679631666666,0.2860245395519981,0.23506639224730122,-0.1259784280733333,-0.18392759284933297,0.5381939135809268,-0.3200450625,0.2875500834548038,0.2649870185650931,-0.1256427999033333,-0.16223700591737708,0.5959160809839029,-0.3855088861,0.2755232996547428,0.28349536974229317,-0.1446348935566666,-0.13157686795036652,0.6427509437557831,-0.3721529480000001,0.2874776314630859,0.23176632460869595,-0.1355552954966666,-0.17230252941327573,0.5644743712520027,-0.238049835,0.07490592079796309,-0.16601213755781222,0.0528823836466666,-0.0732797213043242,-0.19135010607831365,-0.0500835285366666,0.09885530681533367,-0.48582654663741964,0.0744578137533333,-0.03197316481329372,-0.45633009099351707,-0.0681019236833333,0.10263675224526242,-0.7482136939871912,0.2490213102333333,-0.053909577899226346,-0.7679823556498149,0.1316174191066666,0.08540948556777407,-0.7762426488497007,0.2753594831333333,-0.05576879169939464,-0.7944261463513208,0.11394645813,0.10928570387203183,-0.816625481651075,0.2479807525666667,-0.048556544401782954,-0.8379339460765901,0.0419782645456666,onweer_g_ch1_g19_compr.mp4,ch1g19,4.2716073610816047e-05,8.359556971796209e-05,5.056070321716854e-05,4.9334773533594836e-05,3.205360587658922e-05,9.19769756912407e-05,5.1634032115020354e-05,9.229399754359724e-06,8.720685456458555e-05,4.534874851272632e-05,0.0010807544027431994,4.663183226857465e-05,5.127291236081386e-05,5.0549848246556003e-05,0.0005606762300645642,6.037453593099793e-05,4.813574003968035e-05,0.001152400822400597,4.6457195169942307e-05,4.811536655485007e-05,9.902655389119251e-05,5.6634375293714034e-05,5.144517581528494e-05,5.515344238194878e-05,2.3657805349125954e-05,3.1920334171533037e-06,5.278199531806064e-05,0.0010455918070020154,4.077565815151008e-05,0.0011851784047358792,1.7164210136789391e-06,4.951328376923831e-05,8.499671414233046e-05,0.0011903958169387331,5.2134084215561356e-05,-0.000388657755534737,-0.0004210117328152195,-0.00044624824695092293,-0.0004711096076333495,-0.00035384289151160823,-0.00036318444654576376,-0.0003301517378439634,-0.0003263372067702177,-0.00020895031805330885,-0.0004370944627417534,-0.0003515020131881002,0.001220581134345224,-0.00017365006982018858,0.008857062330695794,-0.0008143852733286655,0.017033343332398407,-0.001399434427640037,0.018844571557583623,-0.0014208166504055487,0.01947733005322046,-0.0016082859474047468,0.01763303079739774,-0.0015182417092059588,4.9670719452121915e-06,3.4615125492606845e-05,3.6349649686292774e-05,0.0007079070845335374,-4.974395841765763e-05,0.0007734786042019205,1.7875857342058564e-05,0.0007758579945771284,-0.00039610726312789993,0.0009593646676359152,1.9479458583577826e-06,1.4357696963294366e-06,2.958641128205605e-06,9.708347002801728e-09,3.5032980106015934e-08,2.1110736142475037e-06,2.9856492571526757e-06,-1.6490285395677286e-06,3.801681734404869e-06,1.2257439086526194e-06,-2.0473240637815994e-05,1.1375263257311766e-06,2.8980334083346836e-06,2.875538144987011e-06,-1.2144305357607953e-06,1.4907152956114357e-06,8.076477593243404e-07,-2.2910137909114432e-05,1.4331995741845615e-06,3.021531147609489e-06,2.9419360408547397e-06,2.759067908873412e-06,2.943718589652595e-06,2.385063781412639e-06,-1.0203907094322355e-07,4.641739659761934e-07,2.4734447916773014e-06,-1.812111301087248e-05,8.329572050756129e-07,-2.5487613272546673e-05,2.0342402444425334e-07,2.0670089594293554e-06,1.930962986243342e-06,-2.0384493428969054e-07,-1.2513970476958907e-06,-8.834112449491242e-07,1.3014569429282732e-08,3.8946891211465425e-07,-1.4549137651678996e-06,-9.394224892156911e-07,1.49576896514557e-07,-8.737070888192404e-07,-1.688944285003958e-07,-5.341327779005049e-06,4.697783730504342e-07,-9.344736118789818e-07,-8.988012615892897e-07,-2.8953724424656225e-06,3.2367727445971936e-07,3.53526027131223e-08,-5.544185780276375e-06,3.742178655634123e-07,-8.804701926043457e-07,-1.7955671852488573e-06,-1.189028586643143e-06,-9.448570830452689e-07,-8.869824634203552e-07,4.6388718608423765e-07,6.891329238827709e-08,-9.443432249160416e-07,-5.190767573114924e-06,-3.163402980352476e-07,-5.705979043145215e-06,1.248680751128162e-07,-3.280371739706918e-07,-1.447590187527607e-06,6.0739948574797265e-06
2183.333333333336,-0.0318775044084066,0.3463092196801763,-0.2987922916999999,-0.015996093082016744,0.3615380531895948,-0.2852157229666667,-0.01740074202561302,0.3637974770412751,-0.2758020103333333,-0.01881711116133444,0.3639038059597166,-0.2772132401999999,-0.04049592729789912,0.3701006882990068,-0.3037524224,-0.038675222730306054,0.37015154119164684,-0.3171746790333333,-0.03480017474528219,0.35857286495719637,-0.2970145474,0.021870526928317455,0.3482485757196548,-0.1772702397666666,-0.10015245299611639,0.3025846721957299,-0.2033176119666666,-0.00588886135437485,0.3336089884970627,-0.2503083005,-0.038491162781022055,0.3041082983516568,-0.286404996,0.10326085669943842,0.22527422918965284,-0.0409474576536666,-0.14492092087027555,0.2929222869862674,-0.0959704754099999,0.2145835252992843,0.1773461340730929,-0.0650180664933333,-0.19592309520245674,0.3384923570028169,-0.2397768551666666,0.2893611288763849,0.25191269882604245,-0.1265894407666666,-0.1836906482207492,0.5369183156592492,-0.3237008746666667,0.290822740241706,0.2835776119302998,-0.1265362670566666,-0.16193005359468743,0.5946023445361162,-0.3892840913333333,0.27834142530581535,0.3027221017942208,-0.1449766216233333,-0.13119357145960522,0.6412190227321877,-0.3758081352666667,0.29077130237209625,0.2492095702715722,-0.1360381586633333,-0.17199113072251532,0.5630654920231963,-0.239490151,0.07493703903160942,-0.1660062642889917,0.05307355536,-0.07332596492717117,-0.1913161757704765,-0.05029217472,0.09895232926899178,-0.4857705910534154,0.07727091418,-0.03171804236767343,-0.4556096122052926,-0.0682166134499999,0.1022367985317161,-0.7482792630023934,0.2525670186666666,-0.05390269515710164,-0.7672003219346291,0.1312770358733332,0.08487030251327639,-0.7762460665844348,0.2789215878333333,-0.05572552505621792,-0.793641879004551,0.11363697643,0.10861092237560992,-0.8170034460331664,0.2514479204666667,-0.04887860466297988,-0.8369561423937352,0.0412370247823333,onweer_g_ch1_g19_compr.mp4,ch1g19,4.4177323835689825e-05,8.193878456169266e-05,5.2111848817252254e-05,4.812825663987611e-05,3.234313858649061e-05,9.062314048126065e-05,5.3084596351128576e-05,7.365234253766757e-06,9.017050291070284e-05,4.69123192086176e-05,0.0010594952707528558,4.823410018686959e-05,5.269394549953812e-05,5.197525763314444e-05,0.0005595997103501743,6.241361774196651e-05,4.95017984864164e-05,0.0011287482418452864,4.836937940357815e-05,4.98079036115953e-05,9.791388452080027e-05,5.7483189355621425e-05,5.289060925426287e-05,5.628057400830484e-05,2.388509007723059e-05,3.708909941478593e-06,5.393273080888109e-05,0.0010268138397601047,4.118234295880202e-05,0.0011589200699678955,2.0106418229810977e-06,5.085119245697429e-05,8.358596732291676e-05,0.001173255637467611,5.394529072944838e-05,-0.0003879299214234533,-0.00041961166087512266,-0.00044591512478559545,-0.00047107502629865883,-0.00035555506775851014,-0.00036505340171615253,-0.00033289098308176613,-0.0003121128075783165,-0.0001903753932039826,-0.0004310721127321046,-0.0003444738223982256,0.0012524230241612582,-0.00015050584558008804,0.008826449464543142,-0.0007526774201302464,0.016756799599382196,-0.001326599079284861,0.018493858567879384,-0.0013513706031695572,0.01908267177083479,-0.0015555416709028796,0.017320747742440096,-0.0014533723058350095,2.6308089299806676e-06,3.769474654154438e-05,6.697950432107959e-05,0.0007327477785560492,-4.598568938973734e-06,0.0008023154311429591,5.767303510439289e-05,0.0008015430399080039,-0.0003589509399891296,0.0009733524045540138,1.8556677022014098e-06,2.3515644871077513e-07,2.028954110328408e-06,5.033328154213063e-09,4.5545866876963025e-07,7.431697611005568e-07,2.0062995835365835e-06,-1.3433418456329689e-06,2.783697672507098e-06,1.023679513952304e-06,-2.4292485029996595e-05,1.7097431213411823e-06,1.9080948002851598e-06,1.9456342659203417e-06,-3.067790894325244e-06,1.9063423730264579e-06,8.242740316233476e-07,-2.6772693108310824e-05,1.8987035396312214e-06,2.0466854440022827e-06,1.3087837675024711e-06,1.540385608678218e-06,1.939049818315998e-06,1.4937266779201407e-06,3.657865948256262e-07,5.048948179660616e-07,1.490671579553101e-06,-2.1740555021228143e-05,5.048385254289752e-07,-2.960810206987911e-05,3.059222501859817e-07,1.7769917246482908e-06,5.296629253643333e-07,-5.982822314658114e-08,-6.870083294188437e-07,-7.8849165492443e-07,1.5460166720563443e-07,3.1178713496814695e-07,-7.909312009619988e-07,-8.395799839648389e-07,3.3085322259449544e-07,-9.394597886975815e-07,-2.9342898850443436e-07,-3.863721065044569e-06,5.867025215782097e-07,-8.75517093508297e-07,-7.866209958164632e-07,-1.985055328440009e-06,4.11564859031966e-07,-1.970877878675455e-07,-4.039675539692209e-06,4.5993389074097817e-07,-8.79921761544015e-07,-9.417952848451635e-07,-1.025373821922761e-06,-8.911714788312653e-07,-7.445578288526051e-07,3.9517800485143364e-07,3.3944657809634865e-08,-8.652953772960711e-07,-3.734075301072315e-06,-3.008853789849853e-07,-4.234502969832889e-06,9.39989905710282e-08,-3.085580380129654e-07,-7.860503221096943e-07,4.2871488347432036e-06
2200.0000000000023,-0.030987185393408914,0.34597097424816947,-0.3008266478999999,-0.015220321608605541,0.3611692243098016,-0.2874814276333333,-0.016661869640541657,0.36340401530009264,-0.2780469129999999,-0.018091399428684086,0.3634854761944022,-0.2794489587999999,-0.03968586360441972,0.3697891907924446,-0.3060962389333333,-0.03787336320090749,0.3698288248472643,-0.3195420741999999,-0.03403748576542341,0.35828064882322247,-0.2993195007333333,0.02252909316041595,0.34798394168571184,-0.1798580802333333,-0.09931513092225829,0.3024262638910341,-0.2059718176999999,-0.005041151544474071,0.33322575949374955,-0.2523281215999999,-0.03764408777903893,0.30380188144082243,-0.2884744255666666,0.10412135070436916,0.22655527570087722,-0.043296182097,-0.14424187657392853,0.29280013456227894,-0.0980434217433333,0.21756754473069204,0.18607715991266718,-0.0663642516733333,-0.19563322643685463,0.3378297136141564,-0.2424648170333332,0.2926601640513623,0.26852953816249253,-0.1263851195333333,-0.18340230305360478,0.5357195809672995,-0.3271031415666667,0.2940453747946898,0.30193643416150956,-0.1264579063233333,-0.16158179458036606,0.5933886900301366,-0.3927948148666666,0.2810994646036755,0.3216405793958812,-0.14432280489,-0.13074679752143178,0.6397705831387951,-0.3791693200333333,0.2940187367757415,0.2663868989529692,-0.13564999483,-0.17161994758554264,0.5617339751625414,-0.241363525,0.07497377134911794,-0.1660046539744512,0.05326187723,-0.07337900363849624,-0.19127647905323256,-0.0505006703999999,0.0990521612128232,-0.4856838324373061,0.0800900011466666,-0.031453479096935175,-0.45485410251500885,-0.0679636823799999,0.10192897473197528,-0.7482487691376914,0.2561428930333333,-0.053932727457395205,-0.7663434013629206,0.1316281196399999,0.08442864514412743,-0.7761572822015121,0.2825277503,-0.05572073963589575,-0.792785949992388,0.11405332183,0.10795327019968265,-0.8173590367397852,0.2550038635333334,-0.04921934766223388,-0.8359438904990497,0.0412963828123333,onweer_g_ch1_g19_compr.mp4,ch1g19,4.507493381821004e-05,7.746313425044488e-05,5.18954016989527e-05,4.516405572701754e-05,3.354281485062943e-05,8.638785550530872e-05,5.280741159324599e-05,6.059531212655875e-06,9.244283918675525e-05,4.75964486381873e-05,0.0010369953158270954,5.0692394898382917e-05,5.266434585534082e-05,5.1730847942995795e-05,0.0005571870551209588,6.494386813366145e-05,5.1069265088493835e-05,0.0011039583944905602,5.0976364071515415e-05,4.9829871348869584e-05,9.402404539254054e-05,5.732575330714686e-05,5.2826070058829105e-05,5.6497193822276125e-05,2.5011371338206442e-05,4.201093252484374e-06,5.4116611716662684e-05,0.0010067879678157014,4.0994900305653536e-05,0.0011311243455615692,2.3634745627756155e-06,5.162272982262352e-05,7.949067025252156e-05,0.0011541749241906322,5.6781673013124076e-05,-0.0003793538820233795,-0.0004119771552582994,-0.00043890404236817483,-0.0004640727876311625,-0.00035091236368510085,-0.00036071385405722644,-0.0003292201706016183,-0.0003000108190774324,-0.00017368448069989887,-0.0004210333521063555,-0.000333748533818773,0.0012757918490012325,-0.00013438886703385532,0.008782267136710976,-0.0007048421279131079,0.016461718577277747,-0.0012572145473676358,0.01812565091711238,-0.0012787622616396938,0.018663232887628358,-0.0015111389137424669,0.01698891497809441,-0.001394305129017891,5.842519643915404e-07,4.046720209052624e-05,9.116908458977504e-05,0.0007561545875870684,4.5902576574081775e-05,0.0008387805132766845,0.00010380662965887574,0.00083715551816139,-0.0003094968334920585,0.000999232779941804,1.8922962809401525e-06,6.4131674275638456e-09,1.3168612241233223e-06,3.2207463011032857e-07,9.459190568220668e-07,4.493461481640478e-07,1.2470007998189895e-06,-9.291980553314046e-07,1.8322695505374014e-06,6.706349292632944e-07,-2.7179095459415632e-05,2.3536267774346764e-06,1.0883259095045188e-06,1.2459700132502838e-06,-4.199525424499731e-06,2.429658642964286e-06,6.812881198255046e-07,-2.9824784907128555e-05,2.4170389439339714e-06,1.1890634577851719e-06,9.601950722704553e-07,6.232698983845699e-07,1.099757738247859e-06,8.400561793925125e-07,9.375464274986127e-07,5.120848519516573e-07,6.916210244670419e-07,-2.4460822257095474e-05,2.406705872384233e-07,-3.2905867058962325e-05,3.7517458524879724e-07,1.4879372051987848e-06,2.5378717202185754e-07,7.830798677017883e-08,2.0357335122765302e-07,-5.347101164739009e-07,4.892133244016235e-07,1.734415478482396e-07,1.9935238780538235e-07,-5.85233911991181e-07,4.801984357381053e-07,-9.494862013244133e-07,-3.6549867371016443e-07,-2.850607055218725e-06,5.64892574826578e-07,-6.747929763481733e-07,-5.25776789531225e-07,-1.2945100694559488e-06,4.063281525216347e-07,-4.2667655353405766e-07,-3.0770247265789005e-06,4.253813327696252e-07,-7.203746888073379e-07,2.2552395277007472e-07,-7.260664561460093e-07,-6.906643151242084e-07,-5.143337228976961e-07,2.7201032299363944e-07,5.207454529606325e-09,-6.75988805334409e-07,-2.7356573147286875e-06,-2.2464041067800287e-07,-3.271464117450008e-06,6.132819491822288e-08,-2.7720848212394917e-07,2.0475401389138383e-07,3.0725151016152164e-06
2216.666666666669,-0.030104759234127414,0.34560537401820185,-0.3030656149333333,-0.014429818758067767,0.3607686170170512,-0.2899518682999999,-0.015908404748103233,0.3629768158089697,-0.2804973205666666,-0.017350972043968533,0.36303380565741056,-0.2818890765999999,-0.03886658057385311,0.36945166779913474,-0.3086150109666666,-0.03706197791682493,0.3694809061571941,-0.3220861534333333,-0.0332662979234353,0.3579628934208372,-0.3018003642333333,0.02326598489316087,0.3476985678242612,-0.1826522859,-0.09842980918271614,0.3022734796546839,-0.2087490494333333,-0.004180624970632528,0.3328173455811499,-0.2545581127,-0.03679179124947124,0.3034822638307841,-0.2907200146666666,0.10504991736304709,0.22782783582986207,-0.0458725145436666,-0.14356161918998728,0.29267954789853823,-0.1001467737766666,0.2205845748141082,0.19481140159631657,-0.0679344550766666,-0.19546234621735842,0.33717579031268063,-0.2450435538999999,0.2959113671473392,0.2849068044043314,-0.1269141489999999,-0.18329210931395062,0.5345738347269627,-0.3304050987999999,0.2972024505370535,0.3200023059575789,-0.12722793849,-0.16139580160305558,0.592237447493116,-0.3962162206,0.28376677555996355,0.3402255239959378,-0.1444849826899999,-0.13042990982297467,0.6383868376820261,-0.3824971645666666,0.2971986845888112,0.283283145385779,-0.1360124543966666,-0.17140057207494463,0.5604568626464496,-0.262793154,0.07502141855938885,-0.16600559801265732,0.0534334590566666,-0.07344383364470358,-0.19123379019522452,-0.0506941398733333,0.09910112285619763,-0.48560203770737337,0.0828651019033333,-0.031223599483754458,-0.45410394091199857,-0.0675942701766666,0.10153062319502945,-0.748204336613833,0.2596818537333333,-0.054100412642160804,-0.765487421270677,0.1322566193399999,0.08390105527269281,-0.7760527739006191,0.2861074944999999,-0.05585895994945755,-0.7919303617618244,0.1147640833633333,0.10715165137551569,-0.8176741410945743,0.2585360809666667,-0.04963319186187589,-0.8349319827589069,0.0416635280523333,onweer_g_ch1_g19_compr.mp4,ch1g19,4.625075769874155e-05,7.440167244154196e-05,5.2114196851668697e-05,4.331140080495617e-05,3.5040314888712154e-05,8.366971680350041e-05,5.3062552511350935e-05,5.558429549655791e-06,9.4179956747079e-05,4.736169450268571e-05,0.0010098272067812144,5.241710513068347e-05,5.294576077051643e-05,5.198034452898546e-05,0.0005535077850759564,6.64400296977632e-05,5.23014600322693e-05,0.001074452530001777,5.2837337848470834e-05,5.0055232394039946e-05,9.201064876695556e-05,5.7399038658620166e-05,5.30832557858302e-05,5.679454422540049e-05,2.648808744079813e-05,4.657729065254185e-06,5.4353821336157634e-05,0.0009824087263012582,4.098790794784655e-05,0.0010980478535876491,2.7428354914560314e-06,5.275468648707874e-05,7.655094720349645e-05,0.0011308887036107212,5.9105017106712826e-05,-0.0003761120965669448,-0.000411117825992502,-0.00043872568883508316,-0.0004638739207756962,-0.0003500589415217945,-0.00036012542679546517,-0.000328312518094908,-0.00029989043693878797,-0.00016189155007055098,-0.00041800264182335656,-0.00032839704563448655,0.0012879951954205208,-0.00012551438236233802,0.00871790131160769,-0.0006802014708027537,0.016080809452618555,-0.0012145394540195942,0.017663083683481802,-0.0012342020425067227,0.018140920407261903,-0.0014902518737495176,0.016563948341079732,-0.0013606869355028471,-1.468005926222912e-06,4.3111490575400894e-05,9.815150346789249e-05,0.0007628074252914902,8.228823304491145e-05,0.0008597514558963944,0.0001353361118688588,0.0008580820031778765,-0.0002744884451572602,0.0010046717250189964,1.97221581000617e-06,8.893908716897516e-07,9.218847717535343e-07,1.0713457278606606e-06,1.1429139969222391e-06,1.3960038832222196e-06,8.06005418891219e-07,-3.5996577940356265e-07,9.328590184465584e-07,2.6334148170843194e-07,-2.95611941710647e-05,2.9342232604188653e-06,5.455820313350186e-07,8.644606592915657e-07,-4.98178500928769e-06,2.9167309680929005e-06,2.0867516139893657e-07,-3.2519137559448605e-05,2.8679846085707215e-06,5.739969282811816e-07,2.085489582965059e-06,1.2103590682511904e-07,5.39788380457927e-07,4.767436348471331e-07,1.23444495024417e-06,4.939264909640529e-07,1.6064236762132037e-07,-2.6703159963685633e-05,8.086784451413314e-08,-3.583875085160132e-05,4.0856711473479655e-07,1.1771513673555027e-06,1.2539610690598193e-06,1.3320641876942815e-07,1.0767300300529371e-06,-2.6043247057060536e-07,8.356940818823661e-07,2.7715181940009238e-08,1.1445911317135005e-06,-3.1570349192684125e-07,5.756146411541805e-07,-9.043483749420861e-07,-3.7192403018473547e-07,-2.1422650646193426e-06,4.5989474972365333e-07,-4.4079559398309887e-07,-2.535727132262533e-07,-7.92958166685617e-07,3.3881614389571315e-07,-5.899759832922549e-07,-2.4716618610049924e-06,3.23116005755594e-07,-5.076003823549656e-07,1.2908982418142692e-06,-4.026415480013411e-07,-4.5425938260693963e-07,-2.8565071667845896e-07,1.4184379621682763e-07,-1.6783737178480247e-08,-4.559430767463496e-07,-2.0462914401408087e-06,-1.3845209833066524e-07,-2.624677723487855e-06,2.9453023673860575e-08,-2.7985659563843605e-07,1.1702426290003238e-06,2.5833744343818936e-06
2233.3333333333353,-0.02921371713442846,0.34520464744331636,-0.3056553841,-0.013620962275543774,0.36032952870153606,-0.2927745455999999,-0.015136053192406526,0.36250833941101845,-0.2832913826666666,-0.016591656298861165,0.36254030436488477,-0.2846774325333333,-0.0380311687863807,0.3690759182687654,-0.3114632368,-0.036233203904331816,0.3690966003846433,-0.3249742328999999,-0.03247732516941612,0.3576110305596365,-0.3046125719666666,0.02402797096595059,0.3473686407847723,-0.1858033549666666,-0.09752936362039123,0.30209875788156604,-0.2118127793333333,-0.0033160680326698054,0.3323727899248105,-0.2571392178333333,-0.03593551389517082,0.303133171242146,-0.2933107682999999,0.10598632299896149,0.22908166400440355,-0.0487487446336666,-0.1428708530585202,0.29254459689877643,-0.1025273969399999,0.22361181593993704,0.20350687515685023,-0.0697693646899999,-0.19530906447188745,0.33649706230121845,-0.2481574535333333,0.29897717873609597,0.3008966946949554,-0.1273137313333333,-0.18322379343669823,0.5333751681513151,-0.33452284,0.3001328510908982,0.3375477743235715,-0.1277891897566666,-0.16124925099448817,0.5910233329805704,-0.4004847933333333,0.2861556844712103,0.3582370673100818,-0.1444556060233333,-0.13011712299458536,0.6369333473062934,-0.3865840424666666,0.30015828834207015,0.2997325256104101,-0.1362171739966666,-0.17120007292649356,0.5591167383206116,-0.279399693,0.07507094845793824,-0.16600868388408255,0.0536093076499999,-0.07351216507751271,-0.19118824771008067,-0.0508919869366666,0.09909664921873877,-0.4854828941202178,0.0859823078533333,-0.031081219770985425,-0.4533327507232423,-0.0671738712899999,0.10106688135170198,-0.7480462864128008,0.2639180939333333,-0.05430786290629686,-0.7645773211043797,0.1329424323733332,0.08330653638963516,-0.7758371153448346,0.2904314101333333,-0.05602779546220666,-0.7910173195029515,0.11554623883,0.10627115210150229,-0.8178788659977438,0.2628440176,-0.05007778362299961,-0.8338965103513334,0.0420627382323333,onweer_g_ch1_g19_compr.mp4,ch1g19,4.8367300412932255e-05,7.57706383831659e-05,5.29908360980505e-05,4.45409362265279e-05,3.6083760497790976e-05,8.595932715445118e-05,5.3950539774112705e-05,5.811419172437161e-06,9.522207377607866e-05,4.720449179177898e-05,0.0009793829071629272,5.5340527442718186e-05,5.35338819487408e-05,5.2873080772097364e-05,0.0005477510696814131,6.924577682873095e-05,5.206960105317642e-05,0.0010412573640072127,5.5694698449185226e-05,5.0581640607889925e-05,9.554770768844472e-05,5.763598403180488e-05,5.3679844816764944e-05,5.72352327035123e-05,2.761939915926104e-05,5.111737953317407e-06,5.447437791870244e-05,0.0009548839273525156,4.097249290971882e-05,0.0010612797314147229,3.148453102119584e-06,5.4212913472259174e-05,7.769533787085012e-05,0.0011043367392667078,6.216695782539359e-05,-0.0003847328874716565,-0.00042262333493217055,-0.0004508492544392561,-0.0004760317339091873,-0.0003581550706560303,-0.00036754657957069456,-0.00033516737491582553,-0.00031141316095720635,-0.00015086396633153296,-0.00042445761193392074,-0.000329203159295724,0.0012854711293483485,-0.00012007448100310742,0.00862410028504613,-0.0007087852971994771,0.015633450562115153,-0.0012529930836071915,0.017120139856899547,-0.001279062431123736,0.017537839874622662,-0.0015560394735241719,0.016067639550584073,-0.0014109702237063656,-3.8812072704646904e-06,4.5993628258700284e-05,9.752132530231422e-05,0.0007692924327920502,0.0001365814489776022,0.0008980176968846877,0.00018972993648772515,0.0008995534724725374,-0.0002064382973310677,0.0010359624322243191,2.0904533990430816e-06,2.636879712340141e-06,8.599553877562921e-07,2.149306507757457e-06,9.95985035910352e-07,3.3058994730350444e-06,7.014630944278524e-07,2.4184011985576105e-07,1.0209179352057924e-07,-1.814577952166327e-07,-3.154576653431411e-05,3.2358797341417545e-06,3.042154711136622e-07,8.113680674552901e-07,-5.633155125914316e-06,3.1645710467540024e-06,-5.312724087689319e-07,-3.4926417823494645e-05,3.0474292317599763e-06,2.4597038535073744e-07,4.320810634595927e-06,1.993817830841176e-09,2.857094887386475e-07,3.984048831698738e-07,1.2202911022874238e-06,4.656052000433464e-07,-8.016944694759383e-08,-2.8621709472334332e-05,2.6853960139801945e-08,-3.844037032354234e-05,4.1885316768076e-07,9.046181352122412e-07,3.2050548561133006e-06,7.166760247813505e-08,1.6368277739609828e-06,-3.978170642243777e-08,1.027082209259459e-06,-8.825238932431517e-08,1.7258877860099232e-06,-9.799714714800627e-08,6.073191809668739e-07,-7.940382300394322e-07,-3.440951914359543e-07,-1.6104039195026573e-06,2.2788039914468452e-07,-2.2894662786980465e-07,-3.9192786428527795e-08,-3.914383113884448e-07,1.485891435510697e-07,-6.284760126310991e-07,-2.0373527588920546e-06,1.1357443740632724e-07,-2.9963053308906405e-07,1.9143374543010463e-06,-1.1942783497609195e-07,-2.3947131147072665e-07,-1.0488815126766756e-07,3.5555210735341784e-08,-3.1408759502729386e-08,-2.4393001038802947e-07,-1.5368133876717105e-06,-4.7726516867038554e-08,-2.1340665755629673e-06,1.972840044331205e-09,-3.149903673073096e-07,1.800042410743311e-06,2.4998244671050394e-06
2250.000000000002,-0.02832615415417126,0.34478856834580746,-0.3083553195666666,-0.012810010841138546,0.35987369758194854,-0.2957235917,-0.0143621389172561,0.3620224847236302,-0.2862082229,-0.015830624320507723,0.36202824934080374,-0.2875881861,-0.037199411660034314,0.3686877551926634,-0.3144232253,-0.035407328567775176,0.3687007192999115,-0.3279810746333333,-0.031691125863671364,0.3572498021213938,-0.3075398305666666,0.02480407493838477,0.3470141575183069,-0.1890812379,-0.09662683053780793,0.3019231361614698,-0.2149788161666666,-0.00245330948513165,0.33191438953720714,-0.2598343506333333,-0.03508249747376409,0.30277611873624916,-0.2960094581333333,0.10693564183354921,0.2303272646843876,-0.0518078927456666,-0.14217969803813693,0.2923967842091857,-0.1050081954199999,0.22665826094641345,0.21219891140242858,-0.0716118848299999,-0.19510503896849765,0.3356480181807168,-0.2517570609666666,0.3020072463597353,0.31628974728982995,-0.1274140402666666,-0.18311011847665876,0.5318969767407227,-0.3398677991,0.30303525381517143,0.3542996370637249,-0.1280411276566666,-0.1610618447539803,0.5894832646126946,-0.4060844202333333,0.288456562909506,0.3753981370618331,-0.1441327465233333,-0.12974136580363313,0.6350985855491749,-0.3919989545666666,0.3030662385002764,0.31552261955389027,-0.1361350042633333,-0.17094225563932572,0.5574570476363212,-0.298895985,0.07512698729932919,-0.16601493000890558,0.05378389077,-0.07358808099041915,-0.19113938835835473,-0.0510871915266666,0.09906236156472098,-0.48535584769857915,0.0892854050466666,-0.0309559827675805,-0.4525635215579411,-0.06664849211,0.10062298973640739,-0.7478376088203901,0.2686540783333332,-0.05452747095274369,-0.7636616124767448,0.1337473702733333,0.08273019442606803,-0.7755733314926656,0.2952937429666666,-0.05620878976629091,-0.7900968693175482,0.1164603947633333,0.10541270367228045,-0.8180058536787193,0.2676961391666667,-0.05061561475613108,-0.832855114026481,0.0426346602923333,onweer_g_ch1_g19_compr.mp4,ch1g19,5.118388394413611e-05,8.277445800734184e-05,5.4318535816592685e-05,4.891885096668422e-05,3.6906046451061566e-05,9.38623929138309e-05,5.515556834105881e-05,6.456998564054133e-06,9.501623663343266e-05,4.698312565817328e-05,0.0009471285899927751,5.888520050270777e-05,5.4146196887009266e-05,5.41693751235953e-05,0.0005425917642415641,7.256439978744667e-05,5.0823862112147666e-05,0.001005276055309908,5.897419739784679e-05,5.106289424602164e-05,0.00010489842344152785,5.795949041896973e-05,5.4276661627742184e-05,5.7907723401476e-05,2.865601999709788e-05,5.545537346794492e-06,5.4572391767761385e-05,0.0009256768552984014,4.141722147637316e-05,0.0010218369737078764,3.541808779696849e-06,5.5603857775948655e-05,8.582971693026301e-05,0.0010772781107663055,6.556770120108125e-05,-0.00041776799268639515,-0.000457528091467468,-0.0004869036376675759,-0.0005121720632896379,-0.0003866944936439493,-0.0003948110763698315,-0.0003607664051030329,-0.0003455811367577114,-0.0001538156839661958,-0.00045366512614936663,-0.0003500184313926423,0.0012639460779958489,-0.0001294083687583916,0.008540263083768759,-0.0007888572712089607,0.015146119942981078,-0.0013746171808753827,0.016516496900007022,-0.0014208350781474831,0.01687783090325391,-0.0017165577825265738,0.015528899702510084,-0.0015475982653511944,-6.420735332265593e-06,4.8948306077536634e-05,8.977778817280827e-05,0.0007725677846616206,0.00019250428786300207,0.0009434204022594506,0.00024718456633465225,0.0009509258660834909,-0.00013087756350704745,0.001078417080920806,2.190875487451468e-06,4.578058954796735e-06,1.0336869029146834e-06,3.186868002223711e-06,7.354310405975321e-07,5.372526019762619e-06,8.257659175968212e-07,7.928397570984511e-07,-5.595223494969802e-07,-5.261768899851503e-07,-3.290893737296821e-05,3.26930623470614e-06,2.785132945810597e-07,9.85360560305712e-07,-6.211408560986733e-06,3.1109479688088606e-06,-1.2798522103559413e-06,-3.669328425469313e-05,2.9776660469018535e-06,1.394855478839433e-07,6.642655379312835e-06,1.3349975400522495e-07,2.521510793040448e-07,4.790577090955558e-07,1.0810447122589612e-06,4.300548221955021e-07,-1.3706845546459988e-07,-3.001500732920593e-05,1.1441669821997873e-07,-4.022392790457282e-05,4.075124660055685e-07,6.903703978302768e-07,5.333109324049159e-06,-9.249319250740793e-08,1.697663530143499e-06,8.192969516054038e-08,9.684641982593196e-07,-1.7090842082660386e-07,1.7694698388133223e-06,2.9349015464849447e-08,5.792805933487095e-07,-6.057648749291301e-07,-2.964947115520062e-07,-1.1187574495892149e-06,-1.0528617980215174e-07,-7.554222489928437e-08,7.603706545091144e-08,-8.52883609734568e-08,-1.5138924735906484e-07,-5.499093626843417e-07,-1.5836806465958448e-06,-1.7817658268155367e-07,-1.334488718318315e-07,1.926041246982294e-06,7.434869499560667e-08,-8.17855983522214e-08,-7.318912564220201e-09,-4.805184755596927e-08,-3.963997765384379e-08,-7.973769815063439e-08,-1.0750671150255754e-06,2.1111537104843252e-08,-1.614998892425459e-06,-1.959417521594794e-08,-3.5819072529643076e-07,1.8436162663929019e-06,2.232269645723004e-06
2266.6666666666683,-0.02748970909413629,0.3443460333396984,-0.3112111370333333,-0.01203355526678894,0.3593862686162018,-0.2988331511333333,-0.013622256948030917,0.3615044460983266,-0.2892883729,-0.015105004881587537,0.361484991762355,-0.2906633581,-0.03640701723522781,0.3682733953529017,-0.3175050268333335,-0.03462100648403986,0.36827924609446355,-0.3311080972,-0.030945809859434882,0.3568625505688973,-0.310588046,0.025594962392200094,0.34663007153016456,-0.192541974,-0.0957144872299418,0.30174602574430254,-0.2181318137333333,-0.001622029330112176,0.3314309873511149,-0.2626914555666667,-0.03427149559613589,0.3024038859279214,-0.2988230189,0.10789855322902075,0.23156454768646037,-0.0551037312536666,-0.14151848780732182,0.29224450943017877,-0.1074048932033333,0.2296924112033598,0.22069582682898095,-0.0738408231233333,-0.19494815040338392,0.3348181481274751,-0.2552101681666666,0.30493877053242685,0.33110534283469345,-0.1278266542333333,-0.18313272391334695,0.5305283146285601,-0.3448635379333333,0.3058407196956583,0.3704457348707805,-0.1285200517366666,-0.16102988145800143,0.5880944811507518,-0.4112812250333333,0.2907107703616185,0.39185480212915225,-0.1441142708233333,-0.12951788299150807,0.6334372081074459,-0.3970024445999999,0.3058818919840791,0.3306864574770333,-0.1363529295299999,-0.1708220489176265,0.5559279838100362,-0.30899629,0.07519175511475265,-0.1660225846605135,0.0539395008633333,-0.07367308643641007,-0.19108951069221158,-0.05126201486,0.09901214084167097,-0.485309718555711,0.0924870752466666,-0.030889968546744244,-0.4518008084329541,-0.0659589530433333,0.10015797540738437,-0.7476423977036729,0.2736636147666666,-0.05483728430303528,-0.7627373782492599,0.1348474738399999,0.08213709520050763,-0.7753247831105579,0.3004863545999999,-0.0564823250630613,-0.7891667744583459,0.1176741752966666,0.10450555874732022,-0.8181382882627699,0.2728212306333333,-0.05122408207702212,-0.831808570618902,0.0434471521923333,onweer_g_ch1_g19_compr.mp4,ch1g19,5.4114178893434955e-05,9.101279932879653e-05,5.635573855758797e-05,5.4850395828716075e-05,3.734200995222871e-05,0.00010293561692612007,5.6895761398895914e-05,7.72494321534164e-06,9.387050976798166e-05,4.649492401984501e-05,0.0009128714968242579,6.250947180927777e-05,5.505207936437931e-05,5.6107346416018575e-05,0.0005366135002502918,7.610030522021181e-05,4.879387632758399e-05,0.0009668524651905363,6.221455479057815e-05,5.1790860096600404e-05,0.00011526154563550314,5.8785188430056735e-05,5.5159873308727056e-05,5.904690278768373e-05,2.9423373889642126e-05,5.998422082572487e-06,5.489778188812193e-05,0.0008944947103325052,4.189634227246535e-05,0.0009797315605390112,3.9694563099360075e-06,5.6542568106503445e-05,9.507792961020664e-05,0.001048506905569979,6.88214048014099e-05,-0.000481180906195347,-0.0005207992385615208,-0.0005515836689363563,-0.0005769750917867683,-0.0004417230431467393,-0.0004479955955945374,-0.0004115373924680602,-0.0004004756495274133,-0.00017084593905603932,-0.0005091867842960385,-0.0003952666177754738,0.001231933554367313,-0.00015299818481232267,0.008447898976396508,-0.0008925694352244786,0.014625042687786902,-0.0015151643497833313,0.015867995075712106,-0.0015807494281114358,0.016170920026416565,-0.0018946893416379082,0.014955199424325254,-0.001703584093994089,-8.82224577990343e-06,5.183286043010403e-05,7.376457799394442e-05,0.0007714193632632801,0.0002361684669997484,0.000989396669554231,0.00029218582412924714,0.0010050515597013338,-6.78435400183043e-05,0.0011264745631442226,2.1770980188942606e-06,6.784700908443092e-06,1.3392748206086446e-06,4.3281348483860805e-06,4.146307657125162e-07,7.687002398871228e-06,1.0775570344409817e-06,1.3915126888226213e-06,-1.0857618853990118e-06,-8.617310364267443e-07,-3.4073765961790214e-05,3.0272655146417946e-06,3.9205816951557154e-07,1.2765002651827215e-06,-6.759837746942299e-06,2.7649895541667742e-06,-1.982323618883736e-06,-3.830186545900921e-05,2.6540125054506595e-06,1.9867615284931543e-07,9.149517157820398e-06,4.251014545891676e-07,3.637073357493013e-07,6.172852833209775e-07,8.844830749166067e-07,3.8980013943415424e-07,-6.920404688864679e-08,-3.1265963953405704e-05,2.3610145500309097e-07,-4.165825956886352e-05,3.759468816089319e-07,4.781649670525644e-07,7.739926404945574e-06,-3.1464276953315076e-07,1.3510722892709648e-06,7.252474104427414e-08,6.980329719155469e-07,-1.9848439313721364e-07,1.3659554044147359e-06,3.752863142834948e-08,4.839299147367399e-07,-3.588881271097547e-07,-2.44860044934586e-07,-5.554098070768649e-07,-4.861812033959967e-07,-1.4559918334551286e-08,6.347387025859072e-08,1.939572057185961e-07,-5.221227500983095e-07,-3.6705951571314525e-07,-9.786392143775944e-07,-5.058164246504354e-07,-4.8001151660179067e-08,1.4315135802862858e-06,1.3734707291571638e-07,-1.646882039894019e-08,-1.2798035119954628e-08,-9.298905014318296e-08,-4.5413504140737905e-08,4.992731872619149e-09,-5.502823357407842e-07,7.615218110709837e-08,-9.252157776536875e-07,-3.757722485200949e-08,-3.81677571106199e-07,1.4355839031079614e-06,1.6288266965505064e-06
2283.333333333335,-0.026656978059027458,0.3438752865793835,-0.314033712,-0.01126079585511589,0.35887375867355376,-0.3019106949333334,-0.012885604291786153,0.3609615555418319,-0.2923419337666667,-0.014382907704339443,0.36091716092070814,-0.2937098701999999,-0.0356183634587312,0.36784136740784673,-0.3205583621666668,-0.033838273786404444,0.3678384437807059,-0.3342039217333333,-0.030204101077879415,0.356457324402041,-0.3136058679333333,0.026382123572731946,0.346237328768983,-0.1959573628333333,-0.09480104501432535,0.3015848692626804,-0.2212228579333333,-0.0008000885460810775,0.3309296779237738,-0.2655098418333332,-0.03346459556329874,0.30201780653035254,-0.3015887827,0.10882761759690933,0.23280574761885967,-0.0583231991606666,-0.14085383214362052,0.2920972385553186,-0.1097437374899999,0.23258060506142575,0.2291539332855039,-0.0758098019666666,-0.19475786738534454,0.33398569348505186,-0.2587324371,0.30778820950189145,0.345505926675647,-0.1275114655999999,-0.1831250067622451,0.5291017197588287,-0.3499589115333333,0.30861684179931875,0.38604127530712895,-0.1281085872366666,-0.16097322181498233,0.5866370755597485,-0.4165576497333334,0.29295889885540277,0.4076485164698007,-0.1432330238566667,-0.12926999090410943,0.6316371927246193,-0.4020715027333332,0.30864790489106075,0.3453712344492304,-0.1358246274633333,-0.1706756588954561,0.5543168143427752,-0.32716009,0.07525503172054827,-0.16603264549261704,0.0540975846733333,-0.07375600186959473,-0.19103688679001377,-0.05143859275,0.09890422160909876,-0.4852735538016382,0.0955868602566666,-0.03082151582804316,-0.45103825800959985,-0.06544599125,0.09968447912668282,-0.7474561210847075,0.2782169605999999,-0.05517128927086119,-0.7617778456281701,0.1356873385399999,0.08154212993128586,-0.7750871314501955,0.3051650852666666,-0.056786510700513486,-0.7881939661901111,0.11861248663,0.1036937761876981,-0.8182269431303913,0.2773853048333333,-0.05184036814034891,-0.8306984839915186,0.0439376492456666,onweer_g_ch1_g19_compr.mp4,ch1g19,5.6630230769473814e-05,0.00010010786888115813,5.865247172904967e-05,6.083291784810297e-05,3.80189520062272e-05,0.00011300100529094647,5.883897520821834e-05,9.59107858511369e-06,9.237694537000939e-05,4.569825452465179e-05,0.000877401528066354,6.529041295142663e-05,5.6153400474190684e-05,5.828856049016496e-05,0.0005293486609381829,7.883537155729398e-05,4.6797161818800234e-05,0.0009266422963209405,6.456443981367707e-05,5.270598619359215e-05,0.00012671848511037733,5.997651802380401e-05,5.624436325712602e-05,6.027318328646019e-05,3.06729199618631e-05,6.380308062061306e-06,5.534652683849686e-05,0.0008619840291702297,4.231453811704655e-05,0.0009360976012619641,4.337337684457209e-06,5.69926566183379e-05,0.00010539645693446919,0.0010183067812243184,7.14800315293774e-05,-0.0005548342221650376,-0.0005927352443492694,-0.0006250802810822641,-0.0006506401180694521,-0.0005063475514766678,-0.0005107702447919576,-0.00047140667777176347,-0.0004606779002972811,-0.0001931643565562438,-0.0005717480112450122,-0.0004491988697579839,0.0012040540213634544,-0.00018094656220649013,0.008342908752709897,-0.0009977384522368493,0.014085614671243925,-0.001669374356678137,0.01519355032555627,-0.0017568425301960505,0.015441899488704235,-0.002090211705114422,0.014364330468988695,-0.001875470605267947,-1.0638120607768924e-05,5.42968308018229e-05,4.6737161612450287e-05,0.0007589831340635073,0.0002498588885834259,0.0010194295639525497,0.00030427560375641846,0.001043287141041214,-3.717249034352376e-05,0.0011626637339120787,1.926366858135427e-06,8.720145116010249e-06,1.602007723830141e-06,5.397811346471828e-06,1.0048124516665506e-07,9.621894861854425e-06,1.2889808069606028e-06,1.860331039189949e-06,-1.3941521722298577e-06,-1.0779210542710599e-06,-3.526325222957953e-05,2.4124512064298235e-06,5.187698831254231e-07,1.5149727112193156e-06,-6.973626584824902e-06,2.10520456110883e-06,-2.387584037220414e-06,-3.999103219455017e-05,2.019301635018058e-06,3.12160779260412e-07,1.1094584746316307e-05,6.995120987020421e-07,4.978161577218442e-07,6.767936363693985e-07,6.868634699832257e-07,3.547227578383059e-07,1.065549819942029e-08,-3.245357840096648e-05,2.926327389365598e-07,-4.319111724506359e-05,3.405993292350622e-07,1.239063631068348e-07,9.826709770417482e-06,-5.36425019802873e-07,7.040912681976955e-07,-4.402007722331065e-08,3.1095979261225565e-07,-1.8794039390972887e-07,6.31593965761275e-07,-5.299060065679629e-08,3.360796238046645e-07,-9.531863718438069e-08,-1.9937520064567657e-07,1.258504291994466e-07,-8.422857512128748e-07,-4.277529847649273e-08,-5.300772237681138e-08,4.703736029057483e-07,-8.891285785222622e-07,-1.1645516138908488e-07,-1.5017386847583813e-07,-8.047971455836579e-07,-4.732605498854026e-08,5.606385419087293e-07,7.844533567900812e-08,-4.097483417498438e-08,-9.868031239461568e-08,-1.2096437477834525e-07,-4.695764780086704e-08,9.691790929351787e-09,8.61297016773351e-08,1.1736541535435716e-07,-2.2352313955242317e-08,-4.8940064293258993e-08,-3.682518125305705e-07,6.921817506502458e-07,9.061512889111053e-07
2300.000000000002,-0.02586256452468236,0.3433205850048641,-0.3169126411666667,-0.010510813222986767,0.3582816425265879,-0.3050707484333333,-0.01217253152495058,0.36033740878294457,-0.2954714105666666,-0.01368477422656475,0.3602671000393669,-0.2968316705333333,-0.03486279436462932,0.3673390137973294,-0.3236711054666668,-0.03308588145025463,0.367333120293708,-0.3373686711,-0.029495486617332527,0.35599320624687353,-0.3166876009,0.027185435660116122,0.3457819014592979,-0.1994779717666666,-0.09388750653262343,0.301414158147692,-0.2243911855666666,-1.0805069674907727e-05,0.3303644248396693,-0.2683982526333333,-0.03269241070788736,0.3015808751834244,-0.3044168542,0.10975430758429634,0.23403569935739907,-0.061683111627,-0.14019401856854535,0.29192720723130466,-0.1122303697433333,0.23536834592534897,0.23739873984539822,-0.0780235848466666,-0.19456644496994424,0.33294524441413553,-0.2631315544333333,0.310551436729392,0.35919623382391375,-0.1273968485999999,-0.18310913583540359,0.527330521687848,-0.3571420371666666,0.31133900344345733,0.40071995880019157,-0.1280529180033333,-0.16092552519681047,0.584727696181293,-0.4241289253666668,0.2951385014347602,0.4225734521710167,-0.1426004447566667,-0.12896722471834787,0.6293818556795485,-0.4094609627333332,0.31133397761518,0.35931664655240625,-0.1355005599966666,-0.17049819534828722,0.5523201805255612,-0.363117546,0.07532648819379999,-0.1660427725573195,0.0542532553633333,-0.07384713572183284,-0.19098328391963873,-0.0516115655533333,0.09870665057551799,-0.48524124889511633,0.09875114877,-0.030776886818810033,-0.45027871810955,-0.0649847219566666,0.09920151722401412,-0.7472385481549871,0.2827131654666667,-0.05556034149480658,-0.7607789681678474,0.1363595920066666,0.08094663245450479,-0.7748231516528947,0.3097719918333332,-0.05714418316480281,-0.7871704848242587,0.1193502376633333,0.10290237392270678,-0.8182734644207819,0.2818191786333333,-0.0524983954561613,-0.8295659129246381,0.0442015291923333,onweer_g_ch1_g19_compr.mp4,ch1g19,5.821053461889059e-05,0.00010888208078773621,6.04688590194162e-05,6.603801413252616e-05,3.8179199571065025e-05,0.00012255993265463164,6.03029826854819e-05,1.1250991472580994e-05,9.093063576512353e-05,4.4710714028282596e-05,0.0008411768860933102,6.736140119021462e-05,5.6881754081466425e-05,5.99950878542904e-05,0.0005217648815467952,8.080780672727294e-05,4.436405321425926e-05,0.000885436424928516,6.621712912768833e-05,5.3271588932468214e-05,0.00013768582210747798,6.094295205915883e-05,5.696229653301887e-05,6.104886409036128e-05,3.152605384822869e-05,6.674073377359813e-06,5.552459572177188e-05,0.0008284898461388824,4.2690244607964234e-05,0.0008918487850227319,4.596891077371645e-06,5.6778322419289574e-05,0.00011540407119502192,0.0009873450985334383,7.333894096013634e-05,-0.0006236849029808642,-0.0006590410642901594,-0.0006927672904496038,-0.0007184878789073273,-0.000566453119107277,-0.0005692855034906488,-0.0005272280365966933,-0.0005146605692588229,-0.0002151419987740803,-0.0006279962586477576,-0.0004996217825909405,0.0011876601385812304,-0.00020481545405968363,0.008241632572433821,-0.001087912980384304,0.013533243026443969,-0.0018163383358475557,0.01450656876669507,-0.0019249685665254628,0.014706814366675163,-0.002275745051197414,0.013763986442227242,-0.002036980488689277,-1.2158634577094222e-05,5.67253955429213e-05,1.846036119539697e-05,0.0007448611226922397,0.0002451192975277107,0.0010397831870276868,0.00029737056135936425,0.0010718764393375698,-1.999816817009485e-05,0.0011898646993288744,1.3422190739511217e-06,9.310653021957834e-06,1.6638196340041684e-06,5.7764533028594825e-06,-1.0207589641692099e-07,1.0058243908642191e-05,1.3245093765977153e-06,2.07916369312387e-06,-1.4851684592584363e-06,-1.1571421304201405e-06,-3.562528737340123e-05,1.4900022159362732e-06,5.706148575004022e-07,1.5525793433828213e-06,-6.749870789191848e-06,1.1986374084142902e-06,-2.4089814823710645e-06,-4.0656046533756135e-05,1.153135056728703e-06,3.9284148703961585e-07,1.1303263314537788e-05,8.467506897466915e-07,5.619485339592053e-07,6.105709041401816e-07,5.496304947087171e-07,3.187093743492639e-07,7.909252463353092e-08,-3.2793965864657415e-05,3.568262045756164e-07,-4.374120269523117e-05,2.9622309163449446e-07,-3.330583003575244e-07,1.033202588234284e-05,-6.982581233553424e-07,-8.509146435413528e-08,-2.1291571047862066e-07,-1.2822278609811724e-07,-1.2221523803519393e-07,-2.4919164274863434e-07,-1.9128486495762865e-07,1.7232973241099845e-07,1.371382667729831e-07,-1.8287036601175412e-07,8.493543104988162e-07,-1.14560990052222e-06,-1.2387102570586897e-07,-2.1884908392113823e-07,6.383934647128382e-07,-1.208721316553378e-06,1.8409177516255172e-07,8.069243024518385e-07,-1.0552878258046373e-06,-1.0153817276922244e-07,-4.6337552633238005e-07,-5.5743811135928005e-08,-1.1900231915763428e-07,-2.208903147154277e-07,-1.1123806476108496e-07,-4.514783700530038e-08,-4.15490265941684e-08,7.590572375605927e-07,1.3470821093254453e-07,9.967499127517967e-07,-5.310369589580392e-08,-3.0469089268045213e-07,-1.916437652231733e-07,1.003691060965412e-06
2316.666666666668,-0.02508837536066454,0.3426538682156141,-0.3197947224333334,-0.00977892423100887,0.3575820058117844,-0.3082466955333333,-0.011478822178403974,0.3596052343713704,-0.2986137500666666,-0.013004505842541007,0.359508934213488,-0.2999654388666666,-0.0341292563121407,0.3667401695148077,-0.3267851133666667,-0.03235522615226713,0.36673396930202995,-0.3405355056,-0.028808962459295585,0.3554385931406523,-0.3197711707,0.027991373395119097,0.3452476652461799,-0.2030285405,-0.09297199681716735,0.3012080218107179,-0.2275634163,0.0007630125446412737,0.3297124216861505,-0.2712957104333333,-0.031937901615493626,0.3010601412334993,-0.3072407007333333,0.11067511833161003,0.2352391688040623,-0.065087358215,-0.139525888087334,0.29172173950885766,-0.1147283477399999,0.23797320915376352,0.24549602253110867,-0.0802365127699999,-0.19435086930852613,0.3316909281061119,-0.2676658620333333,0.31317628244523055,0.37234503229336113,-0.1274640846333333,-0.18308430785782603,0.5252540652548507,-0.3647505541999999,0.3139690269129381,0.4147644697751556,-0.1281611759033333,-0.16088583580285504,0.5825038792331826,-0.4321733607666668,0.2972359651582265,0.4368064367800875,-0.1421960272566666,-0.1286634673732204,0.6267848339723701,-0.4173337150999999,0.31390212238373744,0.3726825496841554,-0.1353643834966666,-0.1703144031878253,0.5500025030865295,-0.380810738,0.07540616126814594,-0.16605481975282824,0.05440986781,-0.07394652085645316,-0.1909266930069115,-0.0517830569333333,0.09848847857678573,-0.4852384266277768,0.1019772073333333,-0.030712053513978554,-0.44956373138753836,-0.0645518794833333,0.09873580432415496,-0.7469806626943488,0.2872186279333333,-0.05597248279261752,-0.7597370044739322,0.1370164168066666,0.08039129033806433,-0.7745128808400367,0.3143804809,-0.057523789558525606,-0.786092174923361,0.12007512403,0.10220223884125455,-0.8182751928826623,0.2862785781,-0.05312913732515495,-0.8283609646424748,0.0444119277523333,onweer_g_ch1_g19_compr.mp4,ch1g19,5.8877623155162175e-05,0.00011734696121154894,6.160290318180427e-05,7.11499920067779e-05,3.7743210828073066e-05,0.000131661156998815,6.107621310090768e-05,1.3009306992378908e-05,8.932574795466534e-05,4.3026165642987476e-05,0.0008066625876708597,6.846157418832008e-05,5.6929654413798125e-05,6.101093295566181e-05,0.0005145860666168775,8.156816996851992e-05,4.1710605270778355e-05,0.0008459792238991023,6.695499271556884e-05,5.316711095511842e-05,0.00014793047810028988,6.120803406932657e-05,5.699453235135612e-05,6.112148119482043e-05,3.179234952061237e-05,6.9478696467180944e-06,5.5065014728904744e-05,0.0007964241939368468,4.283766754313124e-05,0.0008497959949446057,4.837187381539718e-06,5.590716954512345e-05,0.00012485346928645417,0.0009580829542958872,7.411966363646464e-05,-0.0006852525534273276,-0.0007170312902353944,-0.0007517724691046457,-0.0007776727468067005,-0.0006193411088068287,-0.0006207411646386679,-0.0005760794067862655,-0.0005589426200938482,-0.00023328376321798695,-0.0006766263507428491,-0.0005449829590645019,0.001178120037266401,-0.0002253293140538989,0.00815612464608626,-0.0011758022061539044,0.013006631257299391,-0.0019569309226164394,0.01385191655893064,-0.0020817845436517783,0.01401254751869223,-0.0024476718297128425,0.013194943830779588,-0.002189686892549212,-1.3857821569152793e-05,5.9254098319484416e-05,-1.3789479168328726e-05,0.0007191815397362839,0.0002254244435810738,0.0010401878882368096,0.00027479254984914847,0.0010787803525166156,-2.2462461390392455e-05,0.0011961873772803314,4.2571018178200897e-07,8.303991494722328e-06,1.2448162465922874e-06,5.201790984713165e-06,-1.2041427424087631e-07,8.781559987352273e-06,9.311342005532145e-07,2.153895658588941e-06,-1.333830631401079e-06,-1.172814473502867e-06,-3.475239282042626e-05,2.769088099715346e-07,3.160515956531248e-07,1.1245264229602524e-06,-6.070599006549241e-06,-7.816807469726425e-09,-1.9386554521152472e-06,-3.9837394953690776e-05,6.416253280221322e-08,1.99913275231806e-07,9.633757060497956e-06,5.957742324512987e-07,3.1131482958941253e-07,2.3178080312647216e-07,5.268921424120117e-07,2.7614544426806913e-07,-5.546592725979289e-08,-3.197656762882138e-05,4.3266593729981573e-07,-4.272708719012911e-05,2.4337925600900396e-07,-8.182825260710189e-07,9.096366838947904e-06,-7.72583624914478e-07,-8.503107274103409e-07,-3.88958129185457e-07,-5.561155536033924e-07,-7.132513329081829e-09,-1.0991531764665093e-06,-3.3547285684163805e-07,9.439913797364862e-09,3.0202025710682375e-07,-1.8362383727870306e-07,1.3872771502054374e-06,-1.341162125860551e-06,-2.2220369404296474e-07,-3.8875251467405786e-07,5.45013282450169e-07,-1.4062764268927615e-06,5.033874290800079e-07,1.6311692187090683e-06,-1.2105990719495583e-06,-1.7843038542846496e-07,-1.4287365677297716e-06,-2.121813899764579e-07,-2.1469322341084784e-07,-3.4143903343348166e-07,-6.063905504165894e-08,-4.346931757098384e-08,-1.1880956647703825e-07,1.2375923855845366e-06,1.3304407079501488e-07,1.873763985208418e-06,-5.397963771342488e-08,-2.0047048929218496e-07,-1.021492353390811e-06,1.6914393967898002e-06
2333.3333333333344,-0.024326392483595607,0.34192145463950024,-0.3228172282666667,-0.009057418390729335,0.3568267755612688,-0.3115879064333333,-0.010796831964620982,0.358814893125687,-0.3019152006999999,-0.012335529518646778,0.35869307413714224,-0.3032620173,-0.03341059454556413,0.36608648303396196,-0.3300668527333333,-0.031638780595165415,0.3660792213731124,-0.3438718030666667,-0.028137870062321296,0.35483037136145035,-0.323023219,0.028792955691454635,0.34467459362258795,-0.2067410053666666,-0.09206656451840499,0.30096854884678476,-0.2309377636666666,0.001528693476607979,0.32900753567129115,-0.2743318503333332,-0.031193241611548524,0.30048272162887446,-0.3102066422666666,0.1115728862744067,0.23643837373574467,-0.0685016155653333,-0.13882779752397287,0.29150623153497746,-0.1174970758799999,0.24051319424864487,0.253648780327924,-0.0821872468766666,-0.19413154364888519,0.33045271740174004,-0.2724009310333333,0.31582854412935557,0.38518604575191434,-0.1269019733333333,-0.1830492117836442,0.5231829994996807,-0.3722388287666667,0.31663687965537246,0.4284255248163318,-0.1274853881366666,-0.16084322872728582,0.58029663915749,-0.4401061360000001,0.2993506938916904,0.4506096415393252,-0.1411152768233333,-0.12831915424508533,0.6241977417526005,-0.4250712731666666,0.3164961122437503,0.38569933950367485,-0.1346013064299999,-0.17010927578962945,0.5476920870225046,-0.402517557,0.07548770872704162,-0.16607179548721226,0.0545879010466666,-0.07404810724526113,-0.19086387385910894,-0.0519722116533333,0.09825236603613675,-0.48526289936011713,0.1053835509466666,-0.030638785024183452,-0.44884696763898135,-0.0641241414033333,0.09829651583303667,-0.7467321478987516,0.2917884922,-0.0563773978426239,-0.7586426196402983,0.1376608070733333,0.0798794731807974,-0.7742126059730021,0.3190485299,-0.057896383934929824,-0.7849512452173183,0.1207743287299999,0.10163149289057773,-0.8182710425332331,0.2907826319,-0.05374858087206442,-0.8270893858970377,0.0445974416223333,onweer_g_ch1_g19_compr.mp4,ch1g19,5.871712986932391e-05,0.00012470040917748548,6.222142979435962e-05,7.557361932626812e-05,3.6983229705538236e-05,0.00013947746315303862,6.140523467746308e-05,1.5113515907313918e-05,8.80273193885871e-05,4.129299624941136e-05,0.0007722176539142655,6.801145485878619e-05,5.667197700637324e-05,6.150900693536555e-05,0.0005072399422000768,8.05966357155699e-05,3.946310365755427e-05,0.0008064834902220543,6.63038162254768e-05,5.280751435265469e-05,0.00015665742540310905,6.125993767983659e-05,5.672788141737773e-05,6.085440055391925e-05,3.1733362122599094e-05,7.2426056856215215e-06,5.453398682406309e-05,0.0007642405692295539,4.30287748668865e-05,0.0008078948117140312,5.103207363104764e-06,5.4775139306813e-05,0.00013302537784382916,0.000928772076780172,7.350647806598957e-05,-0.0007312031857994528,-0.0007583870471214312,-0.0007935775304590761,-0.00081959705109014,-0.0006576291878854772,-0.0006579385871652087,-0.0006115467387833318,-0.0005831614494191212,-0.0002441932687538534,-0.0007087776179292457,-0.0005778433745108773,0.0011776806949326613,-0.00023570309137045247,0.008072815299078443,-0.0012474386925178374,0.012472488030757331,-0.0020774350894829843,0.013189601370662659,-0.0022154895649268373,0.013314929145450644,-0.0025920149526574986,0.012621733970688071,-0.0023185936202464656,-1.636716529475278e-05,6.236761986401092e-05,-5.2919276513354503e-05,0.0006879113523734587,0.0001855616598830167,0.0010213399266636805,0.000230503126575603,0.0010642263970988373,-5.160351706604945e-05,0.001180988187880608,-6.466386842317865e-07,6.280239051377235e-06,4.413501859975808e-07,3.965386554661409e-06,9.381720513389086e-08,6.422600289424702e-06,2.02340165335818e-07,2.09345618708729e-06,-9.786158446528743e-07,-1.3156750291988294e-06,-3.2885133875160673e-05,-1.2182502580743388e-06,-2.04461871147662e-07,3.3037242970192205e-07,-5.352495006711379e-06,-1.540409071322705e-06,-9.748256857298106e-07,-3.762324851444418e-05,-1.2529062922694423e-06,-2.5371000426296056e-07,6.8352548799215625e-06,2.9055054918183925e-08,-2.0928551899674818e-07,-3.888784009556658e-07,6.511225003340483e-07,2.300424556991519e-07,-3.8341522565565566e-07,-3.026320614016233e-05,4.913119321384017e-07,-4.026788644416458e-05,1.8998644831412884e-07,-1.1705761028812626e-06,6.8143637829562134e-06,-7.389033682710598e-07,-1.4230497968166268e-06,-5.354647888932427e-07,-8.874223023006519e-07,1.3383822823570393e-07,-1.7325872037295624e-06,-4.552682147712343e-07,-1.4773983628478403e-07,3.562894303588019e-07,-2.2076245307563181e-07,1.5702313488303642e-06,-1.3887959455255913e-06,-3.204744548397473e-07,-5.273677560354495e-07,5.48841054314129e-08,-1.4323496182774724e-06,7.725624763503103e-07,2.1213648725199387e-06,-1.2379193284551996e-06,-2.642948046609169e-07,-2.1301669515631876e-06,-3.660860350026886e-07,-3.1052813968951906e-07,-4.3944994528447564e-07,1.673816267024606e-08,-4.367629673993413e-08,-2.1667068229537302e-07,1.3477682213408834e-06,9.863822952317171e-08,2.4122190086861398e-06,-5.36626547103111e-08,-8.243326303661551e-08,-1.6127789196851261e-06,2.1522268724104823e-06
2350.000000000001,-0.023583829215475652,0.341129767446562,-0.3259149577666668,-0.008336903901044357,0.3560144821150902,-0.3150058309666667,-0.010118150787046731,0.3579660364322066,-0.3052910806333333,-0.011668909210149986,0.35781886897521487,-0.3066338108333333,-0.03270201804492023,0.3653751261705102,-0.3334059129,-0.030931441770299994,0.36536875047893375,-0.3472670147666667,-0.027475912344418544,0.3541672205163452,-0.3263345709333334,0.02960866584333392,0.3440479968778199,-0.2105351534333333,-0.09115535825541472,0.3006892335344976,-0.2343462224999999,0.002286662311170726,0.32824933745944085,-0.2774547512666666,-0.03045946854781367,0.29985296612280715,-0.3132386163,0.11248550068401107,0.2375754035476824,-0.072049821762,-0.13809551512104803,0.2912467343220102,-0.1203552368799999,0.24305717296543397,0.2617106981901993,-0.0843186713566666,-0.19390572541661089,0.32920279338035907,-0.2775254487999999,0.31845631858891815,0.39754837219886763,-0.1264906724666666,-0.18298993090641671,0.5210914171315234,-0.3806972290333333,0.3192636421176404,0.4414688827091047,-0.12698872897,-0.16078515324848544,0.5780627744974532,-0.4491306458000001,0.30140089201910686,0.46378496063214714,-0.1402121005233333,-0.12788462389060884,0.6215872075490625,-0.433896919,0.3190514848198104,0.3981966357016674,-0.1339894592966666,-0.1698507297180581,0.5453553905572628,-0.47227639,0.0755737396192235,-0.16609054046464652,0.0547458057966666,-0.07415400349226867,-0.19079858096704264,-0.05213965861,0.09800175158340257,-0.48531806779064995,0.1086826199733333,-0.03055100597270467,-0.44814505041440034,-0.0636305889933333,0.09785700435607221,-0.7465212605140331,0.2960298673333334,-0.05674700685845158,-0.7575644477442286,0.1383814302066666,0.07937537448379157,-0.773953735755873,0.3233447452666666,-0.05823050558372279,-0.7838254177786647,0.12152612683,0.10104557284025532,-0.8182934763785825,0.2947687570999999,-0.05432276097627692,-0.825848893882529,0.0447995304256666,onweer_g_ch1_g19_compr.mp4,ch1g19,5.775313727044928e-05,0.0001301373362983907,6.231890761241254e-05,7.885939331113022e-05,3.6348793143962974e-05,0.00014503311205514203,6.12897150070029e-05,1.731878374590998e-05,8.683293948285887e-05,4.000350677160873e-05,0.0007396635629278176,6.615512287536759e-05,5.6216237608733116e-05,6.149937740295484e-05,0.0005010417319498985,7.818980290773774e-05,3.840057330388632e-05,0.0007697067077059637,6.447133613902021e-05,5.230466944668184e-05,0.0001625873521551102,6.10915343743051e-05,5.627491538788414e-05,6.021095020442217e-05,3.162714513433436e-05,7.471183372483487e-06,5.401782930137865e-05,0.0007341566202965488,4.3539416813813015e-05,0.0007684560160884814,5.285013653796509e-06,5.367213312924934e-05,0.0001388149900918123,0.0009017667605832701,7.181106803897839e-05,-0.0007625683018492375,-0.0007845273468031435,-0.0008198106681889519,-0.000845554683382476,-0.0006834378411279689,-0.0006830106580066899,-0.0006354430065474541,-0.0005923835079523021,-0.0002535556866890583,-0.000726221277941293,-0.000600579838627159,0.0011837000755175388,-0.00023751851027854426,0.008013556329298203,-0.0012976634356512515,0.011972998852107349,-0.002166346163708059,0.012576588892932866,-0.0023105076940357896,0.012663513959476713,-0.0026904781089003215,0.012081976567510543,-0.0024096896155008504,-1.968027871808872e-05,6.602192211133657e-05,-9.275185447103056e-05,0.0006557167451066103,0.00013800097626451903,0.0009792146743726011,0.00017650770848058869,0.0010213141132136908,-9.631044995356463e-05,0.0011347784538715288,-1.6381674425906787e-06,3.8370093709104365e-06,-5.024241793262661e-07,2.4383903814587767e-06,4.1817440632086697e-07,3.616513149456853e-06,-6.283108838372164e-07,1.9004409606549826e-06,-5.237012930691045e-07,-1.622060400171105e-06,-3.06396183059214e-05,-2.722877859258945e-06,-8.16340854671236e-07,-5.874141552106936e-07,-5.1904505569183755e-06,-3.12703643108531e-06,4.93291216305265e-08,-3.461222587509597e-05,-2.5782618649993978e-06,-8.150411821213184e-07,3.587854561369802e-06,-6.392609725796874e-07,-8.187407526280987e-07,-1.0852632812655028e-06,8.187493455666549e-07,1.7713453124061442e-07,-8.050055900492055e-07,-2.831002373672536e-05,5.024856838011607e-07,-3.6964043748665545e-05,1.321618071465098e-07,-1.2987919362261162e-06,4.102052895814823e-06,-5.999517670770432e-07,-1.6755212473351927e-06,-6.265546555960186e-07,-1.0537976965675511e-06,2.56878779283119e-07,-2.0053949210472763e-06,-5.289684457225109e-07,-2.7527597645748443e-07,2.81318730886436e-07,-2.9613118918015757e-07,1.1893383203666165e-06,-1.2777693459253186e-06,-4.050574363824159e-07,-6.107678022590819e-07,-9.445390916785178e-07,-1.2788965958229691e-06,9.342735519040016e-07,1.9916514602785934e-06,-1.1324280171806347e-06,-3.4574157113317153e-07,-2.4004355070948606e-06,-4.913851978617812e-07,-3.9316020656577504e-07,-4.967228018168208e-07,9.088335116082719e-08,-4.251264111548769e-08,-3.229760014393515e-07,8.721184598248155e-07,1.7115001567030346e-08,2.348209975094972e-06,-4.8765922441259196e-08,1.2073040147703992e-08,-1.820197953409782e-06,2.360213070728752e-06
2366.6666666666674,-0.022919156938599826,0.3403406835654984,-0.3290322806666667,-0.007681179772049724,0.35520568581073214,-0.3184376737,-0.009501765746417002,0.3571205599709056,-0.3086799414333332,-0.011065457797939052,0.3569481905684059,-0.3100186106,-0.03206874884674337,0.3646658155116211,-0.336755235,-0.030298486275848947,0.36466047911531174,-0.3506732781666667,-0.026888273373643346,0.3535064021186257,-0.3296574355000001,0.0303945232183918,0.3434296530961888,-0.2143092713666666,-0.09030658972152233,0.300410278669784,-0.2377300700666666,0.0029802577462796735,0.32749534922379503,-0.2805923854666666,-0.029800463512956434,0.29922430099208736,-0.3162823170666666,0.11332626114187604,0.23871605895912446,-0.0755720608813333,-0.13739175272503548,0.2909844702094235,-0.1232612595899999,0.2453756504494403,0.26968511115839194,-0.0863805663833333,-0.19375972554106446,0.3279072274634797,-0.2825352251333333,0.32095617940884635,0.4093739016827981,-0.1261101867333332,-0.1830787668267682,0.5189282003959453,-0.3887068296666666,0.32178413405911893,0.4538552874827191,-0.1265218915033333,-0.16090239758278135,0.5757540860663651,-0.4576406036000001,0.3033391816082672,0.4762643358970284,-0.1393800524566666,-0.12763048245408218,0.618918350441332,-0.4422596255,0.32147611720125685,0.4101194436399273,-0.1334302440633333,-0.16975109966488572,0.5429543552006343,-0.488912046,0.07566046202192836,-0.16611317415688004,0.0549151028566666,-0.07426030374355144,-0.19072909433434804,-0.0523155727766666,0.09771296215962186,-0.48538595050196065,0.11174970327,-0.030433758351218396,-0.447471296265023,-0.06328970966,0.09734749050167511,-0.746326747939568,0.2997312417666667,-0.05718427832668264,-0.7565327201897101,0.13884833874,0.07880137838506394,-0.7737149272331645,0.32706228,-0.05864281829850849,-0.782745000331373,0.1220150545633333,0.10039805141354223,-0.8183096347773706,0.2981800675333333,-0.05497649056791006,-0.8246508321499144,0.0447079786723333,onweer_g_ch1_g19_compr.mp4,ch1g19,5.60480248446935e-05,0.00013322125407749352,6.158883945087254e-05,8.06455030096544e-05,3.7155525664917816e-05,0.00014765585138612296,6.045237744245885e-05,1.9223053797846778e-05,8.654962564946568e-05,3.858290034549721e-05,0.0007092975943226852,6.28329189660274e-05,5.522273744465233e-05,6.0699452844005725e-05,0.000495180258881199,7.43965392134315e-05,3.921896635238524e-05,0.0007358137378380074,6.141825457961706e-05,5.1318806326564165e-05,0.0001648494066890899,6.034356912820168e-05,5.527965473871519e-05,5.900008242849642e-05,3.27822764374475e-05,7.646143062462687e-06,5.3181861944542824e-05,0.0007059992656441278,4.4105720304345424e-05,0.0007324509542462927,5.4231452313975796e-06,5.244652943339137e-05,0.00014193490263429682,0.0008762933593091752,6.961953493113752e-05,-0.0007725486566736537,-0.0007893631072325231,-0.0008241114821200968,-0.0008490749831001644,-0.0006900423173480018,-0.0006889786294199664,-0.0006409863603761542,-0.0005791120029489107,-0.00025204935691906447,-0.0007226484450438075,-0.0006050552181679896,0.0012092436261684264,-0.0002258975752525076,0.007963688923464423,-0.001324951713714126,0.011505323361425934,-0.0022180252635858287,0.012006257476817264,-0.0023634813193059907,0.012060979466073922,-0.0027312456304499433,0.011577836759413289,-0.002454304291680395,-2.343616409653432e-05,6.958257835796346e-05,-0.00012944234073444677,0.0006221795868474963,7.392553817395433e-05,0.000917253533101428,0.0001029354377474428,0.0009549932738752969,-0.00015401262469547748,0.00106041258831489,-2.236216173596779e-06,1.7483294165114102e-06,-1.2339784565491604e-06,1.1229007967994481e-06,6.632595592911058e-07,1.202728188309657e-06,-1.2270899337975498e-06,1.5695796437593262e-06,-1.5124929399757562e-07,-2.0386785148615615e-06,-2.91256436044527e-05,-4.1501984501843e-06,-1.2761151077800413e-06,-1.2882517275521593e-06,-6.172752941193455e-06,-4.606362673822607e-06,9.824366872802206e-07,-3.2036355435039924e-05,-3.839079168086185e-06,-1.2259017089929312e-06,8.127033181078173e-07,-1.2096978126120626e-06,-1.2669163083923564e-06,-1.642796159836137e-06,8.67770519138654e-07,1.3103991579818739e-07,-1.1703973907965052e-06,-2.7167665700109904e-05,5.286207293452014e-07,-3.4062272530889796e-05,8.419285528521326e-08,-1.117010038488579e-06,1.809062186793885e-06,-3.8114926286249857e-07,-1.5721020530950575e-06,-6.33441042595441e-07,-1.0312768437027828e-06,2.943867396988844e-07,-1.874671138245735e-06,-5.328885272427767e-07,-3.459872483104238e-07,4.5219584260127435e-08,-3.702363224844381e-07,1.6731491390518156e-07,-1.021960390037524e-06,-4.4432730513439827e-07,-6.124987764888054e-07,-2.417202962848266e-06,-9.616264672250226e-07,9.478405910390199e-07,1.127437934399572e-06,-9.073319630366873e-07,-3.893080151564408e-07,-2.19477970542539e-06,-5.494086352521579e-07,-4.3081833785080986e-07,-4.942103344595826e-07,1.0074416190015018e-07,-3.889859284428607e-08,-4.0528941876346124e-07,-2.441722425154405e-07,-1.1773179154420405e-07,1.5460632946492907e-06,-3.981879671390244e-08,6.04016350072829e-08,-1.6205985270321545e-06,3.072055833040917e-06
2383.333333333334,-0.0223331677886769,0.3395538401190737,-0.3318442728333334,-0.00709895023952622,0.35440097679891597,-0.3215783755666666,-0.008956476534234288,0.3562801964627196,-0.3117779355666666,-0.010528471809176904,0.35608312602536013,-0.3131195362666666,-0.03150585697151142,0.3639605779960632,-0.3398030420333333,-0.029735485680367605,0.36395603266926935,-0.3537689179333334,-0.02636795226624807,0.35285032696514623,-0.3326799830666668,0.031096631625966344,0.342829113566702,-0.2178140672,-0.08950701774792243,0.3001413409318335,-0.2408117658333333,0.0036005842659738545,0.3267489086345636,-0.2834310924333333,-0.029202470718509798,0.2985992410231229,-0.3190129468999999,0.11405660570318428,0.23990072659140227,-0.0787939750233333,-0.1367008140875333,0.29073801353802725,-0.1259146948499999,0.24749324404079742,0.2775150720889522,-0.0879630164333333,-0.19356903491141556,0.3266002607985216,-0.2871803203999999,0.32335581599449936,0.42042845738943757,-0.1252677932666666,-0.18319691542426655,0.5167478507096709,-0.3966213777666666,0.32427211117123833,0.4653388571809975,-0.1255577737033333,-0.16105928914924275,0.5734314063810741,-0.4659397725666667,0.3052623443761553,0.4877719489919968,-0.1381047482566667,-0.12742553522250458,0.616252809222602,-0.4503166118333334,0.32381644861305764,0.42122420729245064,-0.1324254530633333,-0.16968972444719427,0.540550556688925,-0.476119667,0.075747566493344,-0.1661368942055134,0.0550895969466666,-0.0743667640038291,-0.190658513756703,-0.0524940857066666,0.09741252393351653,-0.48555233750377697,0.1146751243133333,-0.030300153067178957,-0.44690575613773603,-0.0633147131866666,0.09676775637771513,-0.7463986787543943,0.3030679738666667,-0.057640815854911584,-0.7557320772894961,0.1386332812066666,0.07814976262264607,-0.7737801430326124,0.3303969820666667,-0.059078598134064644,-0.7819143141687999,0.1217797130966666,0.09974395028935806,-0.8186371015692278,0.3012615705666666,-0.05563295053418962,-0.8237529839710879,0.043854362799,onweer_g_ch1_g19_compr.mp4,ch1g19,5.3490337438267254e-05,0.0001346594163491248,6.0051829852576696e-05,8.156142071237078e-05,3.879400420254565e-05,0.00014816812488425377,5.893986808764998e-05,2.1057829182674154e-05,8.658201238636645e-05,3.684457913275451e-05,0.00067858101496027,5.854599686195763e-05,5.376226007988408e-05,5.9119669898987554e-05,0.0004885564653568672,6.975254711197449e-05,4.1484367965627374e-05,0.0007022956182595274,5.760123352639736e-05,4.9947583716707885e-05,0.00016448159315719313,5.9079020281908275e-05,5.384065472287634e-05,5.71032184471948e-05,3.446504556880324e-05,7.747350184791984e-06,5.187279843609074e-05,0.0006775029121568302,4.4423370832489856e-05,0.0006971907258359625,5.483160777870906e-06,5.0967442399166964e-05,0.0001433955495008274,0.0008499900232256191,6.712482007292271e-05,-0.000756643609347667,-0.0007692564337998076,-0.0008026622026024044,-0.0008265609643342964,-0.0006731780740470583,-0.0006714654475412957,-0.0006239629999382681,-0.0005462419875401182,-0.00023625036880751642,-0.000695871088049718,-0.0005875314935807863,0.001244456640889169,-0.00019984023064426723,0.00790164155811175,-0.0013295101849681798,0.011028639004837432,-0.0022379533741542575,0.011434809330926379,-0.0023846985823878075,0.011452936924092735,-0.0027254164696007836,0.011063001791931712,-0.0024599223299779133,-2.7699329284644965e-05,7.308685840105802e-05,-0.00015976042790284293,0.000586703609675373,1.0960904197351378e-05,0.0008403704452460473,2.7049900605452483e-05,0.0008692392760808267,-0.00021887143718452175,0.0009581172708640392,-2.3914896357005726e-06,4.776053239544487e-07,-1.7872822563636103e-06,2.810180580682071e-07,8.657423165450979e-07,-3.111990788486285e-07,-1.6624120529458144e-06,1.153256179712706e-06,-4.472375974323175e-08,-2.419114451759061e-06,-2.87761831236805e-05,-5.007241823398707e-06,-1.6612059543294317e-06,-1.813776843928196e-06,-8.803125727810482e-06,-5.457609324367479e-06,1.7562392175608591e-06,-3.0549200665837755e-05,-4.59564635410692e-06,-1.565654568820499e-06,-9.516127084465739e-07,-1.7150027595704098e-06,-1.634348122823838e-06,-2.079269046212481e-06,8.550529853239865e-07,9.547085418884682e-08,-1.5584261492881058e-06,-2.7275903033408462e-05,4.2566168273783995e-07,-3.211945612741551e-05,4.946486768430398e-08,-8.35874193809078e-07,4.914803109406151e-07,-1.293981938106846e-07,-1.1747866931275313e-06,-5.760620451731427e-07,-8.277626976023109e-07,2.6379030091732047e-07,-1.4162874335942651e-06,-4.892312883075983e-07,-3.5910689602858816e-07,-3.0956080350245156e-07,-4.0689516181464563e-07,-1.3708891453053875e-06,-6.584148631367371e-07,-4.4902946939751947e-07,-5.530354955574582e-07,-4.204842867133948e-06,-5.262033574655944e-07,8.210692655378533e-07,-3.769359309531607e-07,-5.936147530467492e-07,-4.0323468076129556e-07,-1.624229610456754e-06,-5.56711985605555e-07,-4.356216350793124e-07,-4.529583505958696e-07,7.293115533899622e-08,-3.26465999503674e-08,-4.660216120535245e-07,-1.8727163165830936e-06,-2.9148073602085955e-07,1.0433243559260449e-07,-2.669451716568138e-08,4.414084438080845e-08,-1.1101216403215931e-06,4.822145248494197e-06
2400.0000000000005,-0.021763240682845214,0.3388368012183881,-0.3344118561666667,-0.006528957006285729,0.35366465481058634,-0.3244662642333333,-0.008424601822405942,0.35551277413735144,-0.3146195422999999,-0.010003252377903017,0.3552909805123275,-0.3159674501666667,-0.03095613147721566,0.363321617070587,-0.3425964633999999,-0.02918571974791315,0.36331961034089333,-0.3566101600666667,-0.025859819714982395,0.35226180177355626,-0.3354513070000001,0.03176979371233486,0.34231485898348013,-0.221012313,-0.08871598733562586,0.29995276082134203,-0.2436529906,0.004201002968346147,0.3260967964320764,-0.2860152855999999,-0.028618501904390324,0.2980582801045609,-0.3215027633333333,0.11473382143555735,0.24119176393186673,-0.0816149142966666,-0.13603747115617168,0.29056487115985113,-0.1284587058899999,0.24930869969993893,0.28531987712325424,-0.0888518195366666,-0.19334451177498993,0.3252387851420091,-0.2917412474666666,0.32573189988952816,0.43115612384928076,-0.1237710265333332,-0.18324291593794534,0.5144912136808423,-0.4042943567666666,0.326783892744182,0.476416887057287,-0.1239244601699999,-0.16114756367464272,0.5710332469730336,-0.4740813061,0.30722798261765966,0.4988267151074061,-0.1363055872566666,-0.1272006293427794,0.6135233140567732,-0.4583185135333334,0.3261555857171259,0.431958989490474,-0.1308283619966666,-0.1695763898114061,0.5380731317724132,-0.469342232,0.07583726365472161,-0.1661631962936119,0.0552656637266666,-0.07447598108205615,-0.19058650535503635,-0.0526724624133333,0.09710229016586501,-0.4857620637670937,0.1176053611566666,-0.030163508941404456,-0.446385237713164,-0.0630663107066666,0.09617823695680934,-0.7464886182560234,0.3065335409,-0.05810405574426512,-0.755001892256967,0.1391897169066666,0.0774898576636778,-0.7738659168636467,0.3338826576333333,-0.05952354736142293,-0.7811613004850625,0.1223574104966666,0.09906843169908691,-0.8189639516269975,0.3044578040999999,-0.056289600148487905,-0.8229174080413356,0.043894285739,onweer_g_ch1_g19_compr.mp4,ch1g19,5.045078281005541e-05,0.0001348715363641234,5.808642386809969e-05,8.208166237834346e-05,4.0251567416200774e-05,0.00014750095030913022,5.7185844738000255e-05,2.2250404129724618e-05,8.644021284230082e-05,3.437983464413737e-05,0.0006468986446437595,5.268797607163857e-05,5.224740293231869e-05,5.714205883048927e-05,0.0004790782337299356,6.402316156979921e-05,4.4148379628233896e-05,0.0006683765165838917,5.229663802635095e-05,4.8608115892624686e-05,0.00016300592171625944,5.74673810418752e-05,5.236921930759129e-05,5.496035783127905e-05,3.580735023864688e-05,7.813960509207621e-06,5.0520479727680395e-05,0.0006478001469726433,4.435945299472988e-05,0.0006611260214127015,5.505624212902323e-06,4.9503615438801426e-05,0.00014364654068037315,0.0008210290586036431,6.338063331943206e-05,-0.0007200447307918324,-0.0007288621312892256,-0.0007597729350787083,-0.0007822129629426105,-0.0006367511688865858,-0.0006346245504424531,-0.0005886713697635678,-0.0004968411762880446,-0.00020583631661351534,-0.0006500908751842365,-0.0005514258956751636,0.0012791403171003937,-0.000161548177234614,0.007791050199713006,-0.0013234962032472191,0.010552338916266685,-0.0022439180728359067,0.010882848045652049,-0.0023915178888199388,0.010866388450609272,-0.0027058379946948165,0.010555191050530125,-0.0024509962440047266,-3.2273985936316e-05,7.660983344235983e-05,-0.00018384444482625397,0.0005504199244496163,-5.28725382137551e-05,0.0007525918303247411,-5.187248455772418e-05,0.0007689282808116048,-0.0002837172287223394,0.0008465087618470368,-2.220008351264445e-06,-1.5433772880457047e-08,-2.174092788122039e-06,-1.3645014977386613e-07,1.1101950644547979e-06,-1.0311403426800268e-06,-1.971936716019876e-06,7.554654962415355e-07,-4.5597843813007433e-07,-2.7971461244844595e-06,-3.057140645811171e-05,-5.3525557807884135e-06,-1.994341466255733e-06,-2.1796812944178373e-06,-1.3454749108364482e-05,-5.703615254492322e-06,2.4586747644242905e-06,-3.132057759096016e-05,-4.914445501275192e-06,-1.8641055591077297e-06,-1.8368612464070012e-06,-2.15077837823203e-06,-1.952199367889461e-06,-2.388200809070371e-06,8.934286220366695e-07,6.759435267408948e-08,-1.9541640213040095e-06,-2.95954675128925e-05,1.8714804161524796e-07,-3.2357280020453055e-05,2.826714365921141e-08,-6.334180821092578e-07,2.058054588353097e-07,9.373364558219847e-08,-6.417303699418609e-07,-4.821868750566877e-07,-5.274515973410624e-07,2.0385996378647745e-07,-8.149345255929077e-07,-4.255270733090912e-07,-3.030532606510038e-07,-7.327466981451269e-07,-3.6624559869836507e-07,-3.245287969410565e-06,-1.9934763510118133e-07,-4.370652373125381e-07,-4.6078723649798133e-07,-6.027672140926709e-06,-1.0996158056205983e-08,6.049786805223704e-07,-2.3472642005486327e-06,-1.9353704406481858e-07,-4.019740991032506e-07,-9.122040673485109e-07,-5.269317982834354e-07,-4.24957829886484e-07,-3.9957456488593056e-07,4.33447169053494e-08,-2.6335687977039764e-08,-5.129100752537067e-07,-3.8113023546731215e-06,-4.886064684264983e-07,-1.7905285683470712e-06,-1.2661703873510174e-08,-5.673273221092069e-08,-4.714625691465648e-07,7.1797548796936105e-06
2416.666666666667,-0.02116971902187595,0.3381625742852786,-0.3368066277333334,-0.0059472920953056495,0.35297827159012324,-0.3271737575333333,-0.007882227229890607,0.35479755159515897,-0.3172792756333333,-0.009464138957245932,0.35455317965991373,-0.3186372514666667,-0.030387757131508316,0.36272604056974866,-0.3452406446333333,-0.028618651117108575,0.36272616353925385,-0.3592984348333334,-0.025331004910634423,0.3517134499361014,-0.3380724689666667,0.032414351459635976,0.3418605305672532,-0.2240110288,-0.08793001048691836,0.29978286238557306,-0.2464219805,0.004806666186340118,0.32549705426064335,-0.2884183004999999,-0.028014989528517886,0.2975524580508245,-0.3238486262999999,0.11530118566767314,0.242499017611423,-0.0841464125966666,-0.135336752098199,0.2904399313984943,-0.1309812038766666,0.2508545327135723,0.2930081623486086,-0.08909504573,-0.19302159862794735,0.3239138976011082,-0.2962158416666666,0.32814546635896846,0.4413583914930116,-0.1213743523666666,-0.18323785921007824,0.5122311094950865,-0.4118425707666666,0.3293568054537839,0.4869208189919733,-0.1212972995366666,-0.16120720148357903,0.5686417355788559,-0.4821946089000001,0.30934312619455184,0.5093001770738355,-0.1336045925899999,-0.12698147193011836,0.6108283247286519,-0.4662065445333334,0.32852550284296633,0.4421492013205403,-0.1283646002633333,-0.16943350482031316,0.5356191215702816,-0.467029572,0.07592101215342308,-0.16619617358778385,0.0554712647333333,-0.07457936961726112,-0.1905099467286622,-0.0528748796633333,0.09679504479729739,-0.48597243660646966,0.1206010125033333,-0.029965040553438054,-0.4458983954394429,-0.0629178462166666,0.09559938365409658,-0.746574412553391,0.3101202543666667,-0.058577002349563444,-0.7543571300692904,0.1394908018066666,0.07683532379374047,-0.773952263151743,0.3374834844666666,-0.05998685689061969,-0.7805080229021182,0.1226692004299999,0.09837267653586605,-0.8192789742022067,0.3078414276666666,-0.056946053406040656,-0.8221756732223737,0.0436926945123333,onweer_g_ch1_g19_compr.mp4,ch1g19,4.747524655357927e-05,0.00013165245177410904,5.5318537405397494e-05,8.05264399623784e-05,4.177216351862342e-05,0.00014300480640268293,5.473925828281008e-05,2.251553179689519e-05,8.600142607435064e-05,3.170318597407394e-05,0.0006166438667068173,4.6600725104247656e-05,5.004574548010881e-05,5.4396443700870606e-05,0.00046520411159178804,5.777555863857244e-05,4.757431451129781e-05,0.0006374728276849384,4.675473999169534e-05,4.6608985716862245e-05,0.0001573410442785802,5.476298368589396e-05,5.021400266888072e-05,5.218184818177878e-05,3.699506682357576e-05,7.840742822829038e-06,4.838817389761441e-05,0.000618643918539268,4.462374024221422e-05,0.0006287932974184221,5.4971653408443535e-06,4.853172156067514e-05,0.0001401811273091383,0.0007892731079789009,5.962080744984817e-05,-0.0006632250632257697,-0.0006702632222753881,-0.0006980255570370093,-0.0007185865479939878,-0.0005812633429870559,-0.0005790719811376753,-0.0005351900073844531,-0.0004358589394115208,-0.00015935050729774903,-0.0005881066623920507,-0.0004974239457890284,0.0013070754690861722,-0.0001138609335823903,0.007602634701773728,-0.001289043436844178,0.01007183235759601,-0.0021976641152319193,0.01036021818747128,-0.0023400316978716236,0.010308782525043443,-0.0026201968397904208,0.010050112555386745,-0.0023838418867492927,-3.692123453725728e-05,7.987988632682212e-05,-0.00020573672031715332,0.000500399204235161,-0.00011675473597434702,0.0006479652973428584,-0.00013204825137145475,0.000650354596184448,-0.0003531841150239001,0.0007189136079318818,-1.8705586517473473e-06,-1.442707227302456e-07,-2.4140085643394e-06,-3.178383689699422e-07,1.3290684470733638e-06,-1.2908594966080395e-06,-2.1816697701123865e-06,4.989818950503976e-07,-1.3965179556133267e-06,-3.1118959869230256e-06,-3.471891845954735e-05,-5.238873180174649e-06,-2.285046955499077e-06,-2.4067311777103893e-06,-2.027099619407113e-05,-5.350650454746921e-06,2.99874622052803e-06,-3.464418081063555e-05,-4.835462990144484e-06,-2.1268427739987126e-06,-2.1379854247425368e-06,-2.5101663126540775e-06,-2.2279499934956327e-06,-2.611498929559776e-06,9.582416176526472e-07,4.775069394700372e-08,-2.381753798417732e-06,-3.4302690260082787e-05,-3.4269000815229587e-07,-3.51444667971877e-05,2.4451153758730458e-08,-6.710239207171434e-07,3.5072983213472243e-07,2.1798357709383415e-07,-7.059942701338322e-08,-3.799876569026958e-07,-1.6945322845594143e-07,1.1342933628570783e-07,-1.6582388621494483e-07,-3.6338781759254057e-07,-1.7692607423779953e-07,-1.148261893837183e-06,-2.459175369690083e-07,-5.230370781797901e-06,2.8603844047081637e-07,-4.1341325038078417e-07,-3.6361895983193385e-07,-7.529272989887141e-06,5.130384719743735e-07,3.2040677131074244e-07,-4.5768141785264466e-06,2.359362614795439e-07,-3.856178696659731e-07,-1.6040650066494495e-07,-4.672397593093946e-07,-4.0359979526883125e-07,-3.482547389409727e-07,1.4351215364884997e-08,-2.1421740490845953e-08,-5.320525478794588e-07,-5.7998238764438086e-06,-7.09921892077548e-07,-3.980845801196303e-06,-2.4885546888186997e-10,-2.566063122637073e-07,1.7986911808038662e-07,9.505872260331531e-06
2433.3333333333335,-0.020549222127675078,0.33752280408211044,-0.3391264385333333,-0.00534180959474855,0.35233967868705024,-0.3297900239333333,-0.007317733850360077,0.35413308887524203,-0.3198443635,-0.008898816674925083,0.3538689102172142,-0.3212175176666667,-0.02980080642694194,0.36217595772641387,-0.3478108018666666,-0.028034380524618315,0.36217659524126145,-0.3619115749666667,-0.024782892043346206,0.3512047403857342,-0.3406206489666668,0.0330558880760122,0.3414739536891478,-0.2268541757999999,-0.08714802275809698,0.2996442755531402,-0.2491223763999999,0.005432108842007168,0.32494049376566114,-0.2907229145999999,-0.027392626810754498,0.29707650898298443,-0.3261134259666666,0.11583996194808018,0.24379626002399005,-0.0865056591833333,-0.13460105284665216,0.29036552161334317,-0.1334726762866666,0.25218910866219646,0.300490649931937,-0.08921826893,-0.19262097129762767,0.32264427136101514,-0.3006363724666666,0.33057714716265263,0.4510923403238405,-0.1188612399666666,-0.18321086706067904,0.5100104336146158,-0.419267729,0.33208597807477386,0.4969006972002743,-0.1185230063366666,-0.16126435649189916,0.5662747804402389,-0.4902355765,0.3117445755656649,0.5192183069254583,-0.13080438499,-0.1267833993570355,0.6081768731511624,-0.4740110605000001,0.3309658140078294,0.45185500419814,-0.12580657253,-0.16928903194475198,0.5332190863198939,-0.46788764,0.07600425762052382,-0.16623885062334012,0.0556806859,-0.07468224854362608,-0.19042577298214608,-0.0530796875533333,0.09650155766400968,-0.4861811482713237,0.1236803990366667,-0.029770300088067057,-0.4454172848538226,-0.0627299438166666,0.09504046175301048,-0.7466665197427061,0.3134265558,-0.05905303892812891,-0.7537432688719929,0.1399308087733333,0.07619645318024745,-0.774053360549541,0.3407506703333333,-0.06045254401033087,-0.7798926470532376,0.1231393866966666,0.0976907980353908,-0.8196021935153045,0.3109132225666667,-0.05760145385082771,-0.8214796808297681,0.0436001944356666,onweer_g_ch1_g19_compr.mp4,ch1g19,4.514890038958252e-05,0.00012838166950344452,5.193010767954926e-05,7.836745031173007e-05,4.3168313046158275e-05,0.00013846330519498728,5.170605569298376e-05,2.2628660916478346e-05,8.450046372792732e-05,2.8287243870088795e-05,0.0005852984923198038,4.111547061830194e-05,4.697631242625788e-05,5.1050657330251314e-05,0.0004429271447043338,5.2015296563029724e-05,5.066691963396363e-05,0.0006075877148684796,4.161478400184255e-05,4.372699878314615e-05,0.00015182103113464302,5.113882601703174e-05,4.7172139944487254e-05,4.8773888512230244e-05,3.78807977734221e-05,7.835828812478782e-06,4.52571026782073e-05,0.000586660775045714,4.451069399230766e-05,0.0005994115772020884,5.471597822385438e-06,4.8359575876505034e-05,0.00013696914407511222,0.0007503190193684449,5.6273840169930746e-05,-0.000596162277172777,-0.0006029091861792123,-0.000627056372441313,-0.0006457812563573476,-0.0005138378516598,-0.0005117366379644398,-0.00047028160309073953,-0.0003702197884110792,-9.715642525953648e-05,-0.0005185804008087494,-0.0004323871449158166,0.001311744243590461,-5.5713053563348134e-05,0.007272035947604167,-0.0012481410526097047,0.009469138265092719,-0.00214489258311378,0.00972359877989549,-0.002284058979951612,0.00963767978256493,-0.002528141195350961,0.009424972568690595,-0.0023095955906777205,-4.2206763772306606e-05,8.353467880318134e-05,-0.000217885982323997,0.00043448568627850546,-0.0001726434641114586,0.0005332991527172707,-0.0002033064596850593,0.0005224817365987822,-0.0004136595877020108,0.0005860268240903019,-1.4889232054734364e-06,1.459934302259469e-07,-2.6174553798764148e-06,-3.612584070319205e-07,1.4861139504165761e-06,-1.0408563119664371e-06,-2.395350959295068e-06,3.674408395818575e-07,-2.8024309277794424e-06,-3.3373966308986616e-06,-4.1124760055700934e-05,-4.7296675526953385e-06,-2.5853283638064572e-06,-2.6000710492341184e-06,-2.8833585826746027e-05,-4.509129484292557e-06,3.2165322044363846e-06,-4.056103801268796e-05,-4.417549310295904e-06,-2.401339378391369e-06,-1.800719871331708e-06,-2.8523676692274164e-06,-2.51547383452879e-06,-2.835366720628473e-06,1.0520166129131303e-06,2.3208833875466036e-08,-2.8589452290662345e-06,-4.1265261684934923e-05,-1.1518956722855082e-06,-4.045951921875995e-05,2.3955781042452645e-08,-1.0205772657863642e-06,9.993819481019127e-07,1.9600558218016606e-07,2.779545438262271e-07,-2.9839625408149695e-07,1.0773799984600623e-07,1.4332680734706362e-08,2.437313867570265e-07,-3.2285212048954843e-07,-3.200447739567576e-08,-1.4609359705792298e-06,-2.682041741010823e-08,-6.86270595870772e-06,7.121038243816786e-07,-3.773897230536327e-07,-2.881271765826933e-07,-8.282084776146497e-06,9.42379519778362e-07,3.05821012016687e-08,-6.586754956694824e-06,6.243736492771201e-07,-3.509377082000989e-07,3.057408202174228e-07,-3.9210644845060476e-07,-3.7023440771134515e-07,-3.069825331046774e-07,-3.155481874399205e-09,-1.7937288406384444e-08,-5.093789712058106e-07,-7.344255822327402e-06,-9.047406865991987e-07,-6.037512257798768e-06,9.932733670370523e-09,-5.412723563445121e-07,5.407524112073974e-07,1.1073386475153479e-05
2450.0,-0.019922462924240644,0.3369450659058596,-0.3412244733666666,-0.0047269066485106466,0.351762437991336,-0.3321319858,-0.006742979156699585,0.353532278452682,-0.3221394661666666,-0.008321801098300496,0.35325057395324455,-0.3235283967,-0.02920601802285576,0.3616849968889654,-0.3501210928,-0.027442581465755147,0.361687755584901,-0.3642589608666667,-0.024225084491230064,0.350757230402754,-0.3429047158333334,0.033698078191556645,0.3411380021729383,-0.2293002903,-0.0863678778625144,0.29955448766244913,-0.2514842948999999,0.006061243255744312,0.3244473667554926,-0.2927708680999999,-0.026767042291955194,0.29665937526904274,-0.3281406156999999,0.11633459529181092,0.245091095870174,-0.0884281901133333,-0.1338684795416691,0.2903350840310577,-0.1356657228899999,0.253303932588293,0.3075802229054866,-0.0889126358199999,-0.1921774297824027,0.32137089346481174,-0.3047627478999999,0.3330748000482506,0.4601957260573818,-0.1161206191666666,-0.1831488376063455,0.5078009326665353,-0.4266048933999999,0.3349952901588388,0.5062264979235778,-0.1155566004033333,-0.16130067374302204,0.5639196298024345,-0.4982630148333333,0.31446375990141423,0.5284534746928798,-0.1278777427899999,-0.12661995090334596,0.6055725576830053,-0.4817448128333334,0.3335225376477277,0.46090390809517784,-0.1230613199299999,-0.16913733005157108,0.5308404059160454,-0.459447801,0.07608208024678295,-0.1662866996213667,0.0558948922033333,-0.07478011137465583,-0.19033942897078654,-0.0532878303266666,0.0961762252305863,-0.48640969167019144,0.1267804431933333,-0.029485220041411103,-0.44499200548207235,-0.0624486198266666,0.0943658502014737,-0.7468625913887011,0.3166476583666667,-0.059522948589687215,-0.7532797367799972,0.1404679549066666,0.07542979306858001,-0.7742906834051104,0.3439288675,-0.06091778346616139,-0.7794534326811167,0.1236984953966666,0.09689228857605588,-0.8200426294931306,0.3138927867333333,-0.0582547581429087,-0.8209770356597544,0.0437103946056666,onweer_g_ch1_g19_compr.mp4,ch1g19,4.401338676152713e-05,0.00012952453691957003,4.854543570882333e-05,7.814358416522669e-05,4.43297834461995e-05,0.0001385566791750744,4.8569009041897346e-05,2.278185454257726e-05,8.148525123631067e-05,2.4351838972966445e-05,0.0005454005415618173,3.6523827817331715e-05,4.349647830355933e-05,4.769438260286959e-05,0.0004115516235242417,4.7047281476420634e-05,5.341656434191993e-05,0.0005694809389536837,3.724678373993489e-05,4.041593847915876e-05,0.00015152127158391947,4.724323579284139e-05,4.374067095113719e-05,4.51849534988406e-05,3.857767426546807e-05,7.858204522895144e-06,4.145486379271582e-05,0.0005457506657883025,4.313428323726224e-05,0.0005621854997644663,5.504951935986418e-06,4.800423724499034e-05,0.0001395335354316752,0.0007000725344164214,5.3624246854403794e-05,-0.0005387885299157984,-0.0005461859594586342,-0.0005669545624758294,-0.0005841873311919736,-0.00045405467749624044,-0.00045128680843271467,-0.0004118806733043312,-0.000318426621722124,-3.5488286144056545e-05,-0.00045956000325932155,-0.0003725720664051368,0.0012765486463205361,-1.459773378695871e-06,0.006758076572523663,-0.0012470529055812508,0.008662829111465795,-0.0021677806158026257,0.00887242850525678,-0.0023262323072432353,0.00876840757742848,-0.0025247602557415235,0.00860016746983092,-0.002315407176938768,-4.7047331862705175e-05,8.651262181069996e-05,-0.0002233123364294852,0.0003535415229391273,-0.00020813587362955645,0.0004167308691779521,-0.000251180808710333,0.00039592058234270153,-0.00045247354054944717,0.0004512877810573177,-1.2675549101856076e-06,6.217470674150571e-07,-2.8795550777296044e-06,-1.876002851633449e-07,1.4074728344228086e-06,-5.610383616148413e-07,-2.70558029156326e-06,3.4750646517243654e-07,-4.52244881155923e-06,-3.35713778671259e-06,-4.8937143494083046e-05,-3.745642954632521e-06,-2.9625834917784035e-06,-2.8552708657376595e-06,-3.791536599166883e-05,-3.2209985954423247e-06,3.021811199209258e-06,-4.826690825337572e-05,-3.566670371630787e-06,-2.751889975025047e-06,-1.1940787313532692e-06,-3.2350277933931244e-06,-2.887061014458057e-06,-3.125019123236242e-06,1.0061631939371695e-06,3.3210621379116516e-09,-3.392305559442107e-06,-4.958479210100854e-05,-2.1529743372790456e-06,-4.758020692134075e-05,3.401376773097577e-08,-1.7313442997821144e-06,1.7729319081966208e-06,1.9816810605493307e-08,1.619285054325895e-07,-2.782845964237205e-07,1.4234160970557678e-07,-7.6127783630923e-08,1.6323110549603747e-07,-3.332317976289402e-07,9.522411243303665e-08,-1.6005372973939722e-06,2.5497900506237764e-07,-7.524400690858114e-06,1.027933173888407e-06,-3.5304491860387895e-07,-2.725223406513637e-07,-8.030877131791667e-06,1.2095885930825093e-06,-2.3731309930879498e-07,-7.65228808544495e-06,9.228133887237377e-07,-3.2326502294578053e-07,2.2246905678799647e-07,-3.3616090622350215e-07,-3.505220927708506e-07,-2.937731662989852e-07,-1.0220327352626159e-08,-1.7758085754681924e-08,-4.5387538856001666e-07,-7.875720451228759e-06,-1.0048959200694145e-06,-7.188221753951206e-06,1.474789011661891e-08,-8.253446907446738e-07,3.3235354909469843e-07,1.1250264090525274e-05
2466.6666666666665,-0.019304236655378684,0.336428749768325,-0.3430544561666666,-0.004114113933872454,0.3512406289586449,-0.3341586857666666,-0.006170386606521299,0.3529915833106099,-0.3241230680333333,-0.007746777503890063,0.3526941957401162,-0.3255298312666667,-0.02861446089834753,0.36124767539541325,-0.3520975321666666,-0.026854097275433992,0.36125498647845605,-0.3662694642666667,-0.02366984492369638,0.35036267542779764,-0.3448561659666667,0.034346118202568617,0.3408509364946344,-0.2313800389333333,-0.08558852008324354,0.29952221002531537,-0.2533958580666666,0.006683745282921861,0.32401923358795937,-0.2945466066999999,-0.026149284825037283,0.29630936949891185,-0.3298744234333333,0.11680944583778824,0.2463741319605334,-0.0901507778833333,-0.1331448300725071,0.2903508999617746,-0.1374389637933332,0.2542144428244466,0.3141158599912057,-0.0886552642066666,-0.19175100804052822,0.32013713127233046,-0.3083036681,0.33560782104447395,0.4683971243533617,-0.1135839689,-0.18312732174464535,0.505672433320805,-0.4332695539666666,0.338092807756611,0.5145819305601244,-0.1128334315699999,-0.1613839716050793,0.561605019111955,-0.5055396035333334,0.31749228051608336,0.5366837984635616,-0.1251896401233333,-0.12653468435725085,0.6031149065316193,-0.4889951923333334,0.33619761892184935,0.46901644105759815,-0.1205352313633333,-0.16902543040302115,0.5285840363787625,-0.456626266,0.07615803747538516,-0.1663355295570263,0.0560642773033333,-0.07487581320385876,-0.1902528818402163,-0.05344576351,0.09584811249152353,-0.4866379573443469,0.1294695719233333,-0.029208837769063144,-0.4446236408964847,-0.0618998810866666,0.0937280489138759,-0.7470875159911194,0.3193505537,-0.05997305231453033,-0.7528704999550117,0.1415961277733333,0.07470543719077648,-0.7745676867077607,0.3465904008333333,-0.06136451397054516,-0.7790714644725351,0.1248657428366666,0.09609715660766938,-0.8204894207247838,0.3163486799,-0.05892555382378539,-0.8205616585060248,0.0447385869723333,onweer_g_ch1_g19_compr.mp4,ch1g19,4.3866674236128046e-05,0.00013270703293984313,4.654342509339247e-05,7.920871535475298e-05,4.494935378512675e-05,0.00014069051700827987,4.662822147954212e-05,2.283602387218373e-05,7.644865307887159e-05,2.059594005637089e-05,0.0004936054223405535,3.3578310411531314e-05,4.093808642804796e-05,4.5694082881257494e-05,0.000369644650691549,4.446465624603366e-05,5.5104817935408294e-05,0.0005189458730323546,3.436410517195872e-05,3.7988864566917064e-05,0.00015328882620959863,4.470394982677289e-05,4.129996925323362e-05,4.2662209954135165e-05,3.884459870676664e-05,7.888558024157081e-06,3.825185045029433e-05,0.0004929373470544258,4.056052225582285e-05,0.0005125747816998229,5.575623265751256e-06,4.6793515181874534e-05,0.00014436297775077058,0.0006352240337753127,5.1863229488329945e-05,-0.0004986930234784826,-0.0005079474762542589,-0.0005256038797746462,-0.0005417176828638628,-0.0004100903147178311,-0.0004060100861255326,-0.00036815691282485435,-0.0002867221683226313,1.8267692177696287e-05,-0.00041826725617994883,-0.00032556425902774167,0.0011977525692228774,4.111772441328091e-05,0.006096072512494288,-0.0012758408145151642,0.007691047282898245,-0.0022278628841204216,0.00785345524617247,-0.002409953254071701,0.007732104440537401,-0.0025579583980470952,0.007611074502688521,-0.0023591725199064704,-5.1156484214884303e-05,8.8460946611354e-05,-0.00022922171974821217,0.00025747630624160935,-0.00023102890932937068,0.00029996084979245173,-0.000281841519681223,0.0002736471281575109,-0.00046854455532455874,0.0003258203630642273,-1.3013795168416238e-06,8.689564124015426e-07,-3.2127110565564838e-06,-2.7424282020993346e-08,1.1718741968110082e-06,-2.525440602721058e-07,-3.1183690903256414e-06,4.616120303701994e-07,-6.345986921807071e-06,-3.153547207129865e-06,-5.6855606958664607e-05,-2.586674207491735e-06,-3.3979449832866422e-06,-3.1864961965537373e-06,-4.626476736201874e-05,-1.8825805289513646e-06,2.5301194407437237e-06,-5.647889983617936e-05,-2.5452717018819194e-06,-3.160113005229622e-06,-7.712262513000736e-07,-3.6529636739270664e-06,-3.325977584976451e-06,-3.4788644392829574e-06,8.802963208957016e-07,-8.336375158793776e-09,-3.9317937643593495e-06,-5.7885417833290935e-05,-3.2939756272856563e-06,-5.5281552039454556e-05,5.829770240010503e-08,-2.7302709861131224e-06,2.1696170057029337e-06,-2.642642093657541e-07,-3.4078195649851517e-07,-3.3323752332504196e-07,-6.290983073848557e-08,-1.5153549299088437e-07,-3.219266279252448e-07,-4.0183312540278714e-07,1.845486175043658e-07,-1.5190585961687162e-06,5.394334657611179e-07,-6.874887247087647e-06,1.1788003169949363e-06,-3.507580075006712e-07,-3.2830678673152814e-07,-6.632724566076283e-06,1.2453929778649915e-06,-4.6483785833496504e-07,-7.355545989521305e-06,1.0765516139003493e-06,-3.1580986582973336e-07,-3.0781545544831325e-07,-3.2067174453996656e-07,-3.567494978291977e-07,-3.1736108981741767e-07,-1.277372560929751e-08,-2.1001792087860952e-08,-3.814829776715442e-07,-7.078676649426724e-06,-9.819604980993306e-07,-7.001452715042702e-06,1.3878598067710608e-08,-1.022201975489328e-06,-3.33824526994176e-07,9.706739321999405e-06
2483.333333333333,-0.0187565537726036,0.3359520118891262,-0.3447378810666666,-0.0035331360331086765,0.35075469077662036,-0.3360048442666666,-0.0056278568397535485,0.35248954807162874,-0.3259308391666667,-0.007200856280759906,0.3521787383024666,-0.3273516621333333,-0.02806058284505903,0.3608542630478396,-0.3538729995666667,-0.026304375960157736,0.3608672329862777,-0.3680751879666666,-0.023150077056162035,0.35001222014152583,-0.3466051699,0.03499468014795538,0.3405842715772943,-0.2332162548999999,-0.08483370448750022,0.29956250043201277,-0.2549789311,0.00724959188268752,0.3236247257198706,-0.2961674814999999,-0.025603406115283504,0.2960071847170869,-0.3314261082999999,0.11722930237441376,0.24758193263785053,-0.09175343763,-0.1324794315609441,0.2904066774943962,-0.1388880361666666,0.25486982878272857,0.31999189942738243,-0.0884450940099999,-0.19136622945566092,0.31891709109886607,-0.3112809111666667,0.33817436089234154,0.47585435402319265,-0.1111956261666666,-0.18324053243906338,0.5035605319712638,-0.4391116784,0.3413675312144091,0.5222107317598845,-0.1102796494699999,-0.16163893555381237,0.5593057064339071,-0.5119075124333333,0.32080539381284306,0.5441801599626878,-0.1227039227566666,-0.12669262753879734,0.6007254004665062,-0.4954795796666668,0.3389868633752453,0.4763857654821401,-0.1181807842966666,-0.1690781113451185,0.5263663948894568,-0.465718955,0.07623398425643868,-0.16638497923383783,0.0561986755933333,-0.07497149309749733,-0.19016729259292653,-0.0535641586666666,0.09551250238576739,-0.4868509795162632,0.13185420576,-0.028995122160044653,-0.44438922383147494,-0.0613377308133333,0.09310079590298288,-0.7473331434615916,0.321820069,-0.060476796209355047,-0.7525938646747647,0.14273220074,0.07399159965623613,-0.7748731631677142,0.3490250956,-0.06187173267144614,-0.7788257949546102,0.1260389090333333,0.09526826616575078,-0.8209498230113401,0.3184700092,-0.05963310577864258,-0.8202889554772702,0.0457166248723333,onweer_g_ch1_g19_compr.mp4,ch1g19,4.367151336144134e-05,0.00013493929986793324,4.437379024709114e-05,7.986727318339255e-05,4.534144716539904e-05,0.00014186203634163449,4.4451802747601944e-05,2.3147742226166457e-05,6.921028813532839e-05,1.7711637085080766e-05,0.00043138069810176095,3.225027637192687e-05,3.8305847532863443e-05,4.3535906321208914e-05,0.00031877057820666344,4.404396029630231e-05,5.6474403820559025e-05,0.00045672893791882187,3.291350016259691e-05,3.555827629879286e-05,0.00015399935474506718,4.207752928453077e-05,3.8768109516849445e-05,4.009473067184568e-05,3.904521812643919e-05,7.890294898127411e-06,3.4908129963041995e-05,0.00042973090759337954,3.689983725456679e-05,0.0004516848928722515,5.656196512087532e-06,4.39414896586455e-05,0.00014816955918987764,0.0005575578269971994,5.106689291012801e-05,-0.00048327034205381116,-0.0004931682886776096,-0.0005082538310425376,-0.0005235592413525367,-0.00039081821532185374,-0.0003851968782951601,-0.00034874500301102597,-0.00027591081299104274,5.4164700015249426e-05,-0.0004014362014328816,-0.00030105179249934706,0.0010770517494364021,6.646293755727964e-05,0.00530326961099632,-0.0012976194795948158,0.0065902033427196775,-0.0022609222969530445,0.0067015312061713414,-0.002468231727724365,0.006573548126463447,-0.002565959355977234,0.006497849024152743,-0.002377094507989682,-5.384239411336044e-05,8.860984701866436e-05,-0.00023515837134616856,0.00015691316936442253,-0.0002499664915833068,0.00018652484939988005,-0.00030504617034049817,0.00015862675109902522,-0.00047384005539304167,0.00020860457402018876,-1.6657985493412972e-06,5.892057075560951e-07,-3.56656136242292e-06,-2.7807669948103275e-08,8.350550029219067e-07,-4.6036676735993e-07,-3.561248268883701e-06,7.287642958713757e-07,-7.940619745325912e-06,-2.5126560995547145e-06,-6.388422184766574e-05,-1.3495666804129572e-06,-3.7591585743755975e-06,-3.5381761088076747e-06,-5.2609464851539664e-05,-6.157059291752944e-07,1.864165547095129e-06,-6.420540091992023e-05,-1.4187026931602472e-06,-3.4900249728843833e-06,-9.229832325039317e-07,-3.953818714867938e-06,-3.7008581398838843e-06,-3.811156784069989e-06,7.280508400920386e-07,-1.8541060123721235e-08,-4.295662752176114e-06,-6.508172907628655e-05,-4.353952085216697e-06,-6.266757618037717e-05,8.521100161468103e-08,-3.858254534812629e-06,1.8358241112960873e-06,-5.566329335768621e-07,-1.0233214299006003e-06,-3.8092195072529285e-07,-4.101413229970369e-07,-2.268516201212201e-07,-9.964000058868937e-07,-4.486275481608584e-07,2.0019658554117015e-07,-1.202742647674462e-06,7.574900925127254e-07,-4.894988183455171e-06,1.1564013909921426e-06,-3.1519674876877e-07,-3.741499449480924e-07,-4.173778292313005e-06,1.0600776090149427e-06,-6.732949004769927e-07,-5.604315427799009e-06,1.0731520460830694e-06,-2.7983321102996457e-07,-1.045717059879509e-06,-2.8226290079995504e-07,-3.29626477999651e-07,-3.200658371290035e-07,-3.6901925303356487e-08,-2.604403036097445e-08,-2.614525002468519e-07,-4.94377065443347e-06,-8.2434566473115e-07,-5.391605800418525e-06,8.288206571991736e-09,-1.0420119506410717e-06,-1.215452234364927e-06,6.5632839471368575e-06
2499.9999999999995,-0.01827160160191909,0.335512853713669,-0.3461692230333332,-0.002982593693151196,0.35030252613203533,-0.3375816116333333,-0.00511518079680393,0.3520263703959265,-0.3274675601666667,-0.006682839288027608,0.3517013853756519,-0.3289037174333333,-0.027546861018214262,0.36050694748574696,-0.3553686648666667,-0.025797182887908107,0.360525829478994,-0.3696003863666666,-0.022669934216536784,0.34970296647113,-0.3480809660333333,0.03565403170413231,0.3403292415989107,-0.2347363352666666,-0.08413572572005533,0.29966785214020936,-0.2562252840999999,0.0077662637888371066,0.32325615924362405,-0.2975252941999999,-0.025127408082598505,0.2957473689039093,-0.3327020500333332,0.1176300659945057,0.24862051778605798,-0.0930755030466666,-0.13189632357337885,0.29049343099392216,-0.1400607175666666,0.2554236539065349,0.32493210448416754,-0.0882677259933333,-0.19098615749859107,0.317700574307577,-0.3138886883666667,0.3408755867924247,0.4821762157702145,-0.1090344089333333,-0.1834492155768216,0.5014484824123122,-0.4444330112,0.344930988299504,0.5286919006723785,-0.1079707028699999,-0.16202164192243634,0.5569996315764446,-0.5176968281333334,0.32448745695800263,0.5505537861545394,-0.1205029497233333,-0.12702579640545766,0.5983432870067577,-0.5014338552000001,0.342001909882222,0.4826459522768747,-0.1160829091633333,-0.16925581425691696,0.5241534840958991,-0.468691528,0.07631351690486918,-0.16643781885004494,0.0562919958533333,-0.07507072042411106,-0.1900803618195099,-0.0536390692866666,0.09519928919449111,-0.48706119902964523,0.1337867773933333,-0.028816603676299235,-0.44425970524256647,-0.0602913844399999,0.0924951693806099,-0.7475966410995216,0.3236184285333333,-0.060972728387756074,-0.7523997831224216,0.1445915621666667,0.07329798675785669,-0.7752017732158077,0.3507738362666667,-0.06236639917006497,-0.7786581863470886,0.1279340924999999,0.0944421183982876,-0.8214539368122711,0.3199142824,-0.06030809109801989,-0.8200865119128216,0.0475475545623333,onweer_g_ch1_g19_compr.mp4,ch1g19,4.238663551962252e-05,0.00013598372362934753,4.126855784579526e-05,8.007031559556677e-05,4.6394719109374475e-05,0.0001419297028630028,4.1288752196013486e-05,2.4020626439712746e-05,6.016818021048642e-05,1.577299668886352e-05,0.00036172258264714356,3.2093966173430526e-05,3.492459415556971e-05,4.0458007228209985e-05,0.00026160295232033516,4.4941128823951515e-05,5.888848400008847e-05,0.00038583074051911265,3.2594545568276875e-05,3.24733287917232e-05,0.00015369054665121485,3.8608661220250544e-05,3.5446551196870745e-05,3.669583169676939e-05,4.004800089295482e-05,7.880721019631916e-06,3.089711052953949e-05,0.00035912653586750627,3.209956953274419e-05,0.0003823833346929576,5.771489424151812e-06,3.931134590508715e-05,0.0001507004036338481,0.00047149846442866305,5.163571221862431e-05,-0.00048144632621420627,-0.0004922786232836202,-0.0005051973998954531,-0.0005197949631461754,-0.0003887758232167144,-0.0003813469545316027,-0.0003465953757736138,-0.00028455190251215824,6.943456973352505e-05,-0.0004010094201272524,-0.00029276301614848937,0.0009145549949976578,6.887266555704086e-05,0.004384529872239629,-0.001304532518394968,0.005371398676235023,-0.0022564218009337696,0.005425116701139985,-0.0024885297091782406,0.005303765634573672,-0.0025442174430646792,0.005274293626298841,-0.0023610448486155685,-5.4388076077732454e-05,8.635416742815296e-05,-0.00024121368480949144,5.450122457589695e-05,-0.0002661941419291397,7.761294722673336e-05,-0.00032265160063990584,5.179646127069936e-05,-0.00046765696634745724,9.88797527032049e-05,-2.3619794958486248e-06,-5.429113860335797e-07,-3.9166907609009945e-06,-3.842771080763717e-07,5.288183454949371e-07,-1.5672154025386204e-06,-3.9946827704852245e-06,1.032715071709272e-06,-9.040588972915238e-06,-1.5297186251549283e-06,-6.847087235621392e-05,-1.7061756234490586e-07,-3.998734037780167e-06,-3.881099673983894e-06,-5.5790044656191254e-05,4.173280349124227e-07,1.0967433424537006e-06,-6.965708377493278e-05,-3.030651285077228e-07,-3.6984496308671088e-06,-2.1365977618935463e-06,-4.1327530649182655e-06,-3.959747443242266e-06,-4.101840922628735e-06,6.500550829763813e-07,-4.742120789954411e-08,-4.4432655178071754e-06,-6.957490106430169e-05,-5.161730331763125e-06,-6.803380362094476e-05,9.092933920735042e-08,-4.922124771398737e-06,3.828359552597471e-07,-7.546997973904401e-07,-1.7164731057989824e-06,-3.5045271764315924e-07,-8.067222271749717e-07,-3.3149289869606705e-07,-1.681664466227757e-06,-4.0528488659143274e-07,1.248824817616058e-07,-6.940822136164245e-07,8.754038807237249e-07,-1.8483872480572398e-06,1.0003409323106318e-06,-1.9782684845434127e-07,-3.403090916664121e-07,-9.57406794962063e-07,7.297411803309053e-07,-8.979024269596364e-07,-2.6435128888773605e-06,9.412642741081352e-07,-1.688759200839947e-07,-1.797850502421121e-06,-1.7624061489844178e-07,-2.1824605243363368e-07,-2.514842049927865e-07,-1.167744481889123e-07,-3.354279018641801e-08,-7.444025721395007e-08,-1.7508193234008333e-06,-5.392964989130442e-07,-2.583601623517249e-06,-3.1483096066367258e-09,-8.411885982121195e-07,-2.1137211473763972e-06,2.7530123045461735e-06
2516.666666666666,-0.01788971020783088,0.3350724484067587,-0.3475237971999999,-0.0025032242894087848,0.34984649566578835,-0.3390692412333332,-0.004670768384216684,0.35155910734282797,-0.3289181604,-0.00623271631739934,0.35121986503460234,-0.3303680257666666,-0.027108497122285535,0.36015686768237143,-0.3567390610666667,-0.025365347034826336,0.3601820372990765,-0.3710076212333333,-0.022262233275525706,0.3493911724885781,-0.3494360219999999,0.03630132131817853,0.3400453092419106,-0.2361638913333333,-0.08348149851639798,0.2997677074945533,-0.2572706456666666,0.008196612063350121,0.32288091745554215,-0.2988199110666666,-0.024742992946652328,0.295485660212163,-0.3338834001999999,0.11801215602922213,0.24942378798034434,-0.0943702569933333,-0.1313884022912694,0.29056660725373,-0.1409662934,0.2558806333417736,0.32890546880958393,-0.0884462764266666,-0.19064713880506537,0.3164502194355796,-0.3163059348666667,0.34354728320371625,0.48716008057527177,-0.1075697113666666,-0.1837371846608,0.4992756820589238,-0.4498914535666666,0.34841373425554284,0.5337622395371935,-0.1064776820033333,-0.1624816498033133,0.5546051181770733,-0.5236322219,0.32806854024385923,0.5554946964994629,-0.1192458485233333,-0.12745330003315306,0.5958614289281053,-0.5075289268333334,0.3449772733695342,0.4875379795565665,-0.1147629801966666,-0.1695189157741117,0.5218642644644206,-0.464995265,0.07639290741232846,-0.1664928211173907,0.0563284038599999,-0.07516985063568668,-0.18999294936750988,-0.0536513140666666,0.09490490674487584,-0.48729853975038007,0.1354899689333333,-0.028629849988820302,-0.4442765477199686,-0.0585400895699999,0.09191744844924572,-0.7478370187840053,0.3255619204333333,-0.061457780812030904,-0.7523936086926504,0.1472377116033333,0.07263074543020555,-0.7754970884557213,0.3527149201333333,-0.06285220380354806,-0.7786810694799049,0.1306201839966666,0.09359700826434302,-0.821918061799078,0.3215373587666666,-0.06099238637517756,-0.8200331247393055,0.0500990031556666,onweer_g_ch1_g19_compr.mp4,ch1g19,3.936451093109945e-05,0.00013517704092958432,3.6903678561254904e-05,7.951557398649141e-05,4.7801207844362555e-05,0.0001400924272121832,3.678569023532748e-05,2.563938048349677e-05,4.998583710007656e-05,1.4796013345128144e-05,0.0002882468274689508,3.28581108013098e-05,3.054216239249895e-05,3.6131200108111136e-05,0.00020212767033652546,4.663060940251382e-05,6.069365775096795e-05,0.0003100819829665071,3.3160460824380744e-05,2.8443451569742864e-05,0.0001512525886992197,3.4040329761109714e-05,3.109215594465822e-05,3.2164316824125934e-05,4.1641216459157026e-05,7.7898866996974e-06,2.604450643308178e-05,0.00028468700490119555,2.6159997187966327e-05,0.0003083997395368073,5.841182265593413e-06,3.304314906144058e-05,0.0001506601102207244,0.0003827503687472608,5.32316359910501e-05,-0.0004747260288009052,-0.00048608611237405103,-0.0004968598750975261,-0.0005104877742019026,-0.00038546179326275,-0.0003769550898825413,-0.0003448003047320974,-0.0002939455880214544,7.247939085786948e-05,-0.00039963225931416397,-0.00028740112094295027,0.0007347829642967833,5.704869346975277e-05,0.003415600066089598,-0.0012864169830097364,0.004118995930730589,-0.002195181758341817,0.004121037625381177,-0.002438107028723558,0.0040101032710735725,-0.0024673894724650943,0.0040239727244499885,-0.0022898759736006014,-5.302190952477602e-05,8.201862493188284e-05,-0.0002480684363748134,-4.182610455743495e-05,-0.00027570272420921317,-2.450489144206269e-05,-0.0003301525627671595,-4.561128708291953e-05,-0.000449114344405869,-2.122592436085248e-06,-3.3147898123686553e-06,-2.615409248378741e-06,-4.3152436820538125e-06,-1.217923904978614e-06,3.3371221418842293e-07,-3.653551918770015e-06,-4.443939119942973e-06,1.2476934854452235e-06,-9.400507625825977e-06,-4.270890240436684e-07,-6.936331955842972e-05,8.139998308976812e-07,-4.2067173553904155e-06,-4.267034227913481e-06,-5.517854782996239e-05,1.0408831871605665e-06,2.771348022352974e-07,-7.147549069973801e-05,6.654640002782932e-07,-3.8753550358949655e-06,-4.456930332607524e-06,-4.305305034488586e-06,-4.189049357276687e-06,-4.388338473113127e-06,6.9335065441914e-07,-9.655691543317366e-08,-4.471415736821675e-06,-7.023686011968763e-05,-5.591224177459382e-06,-6.987167598642742e-05,7.316759367492151e-08,-5.8091289479034e-06,-2.213614252400052e-06,-7.815052116049615e-07,-2.2404928917651623e-06,-2.0587610943036334e-07,-1.1358114387834989e-06,-4.4408261590836644e-07,-2.187953509723412e-06,-2.3973575001875155e-07,-3.031680368928486e-08,-7.545490100485216e-08,8.75992872889847e-07,1.8031349278246377e-06,7.520165865118615e-07,1.139642490891692e-08,-1.9250613772754096e-07,2.5570571354713875e-06,3.370653227765872e-07,-1.0679571283045163e-06,1.0631605565878552e-06,7.160586252316375e-07,2.99048902374875e-08,-2.352219479529971e-06,7.946257859481208e-09,-1.172481419129066e-08,-8.950629181930672e-08,-2.356259847010242e-07,-4.182064044307858e-08,1.7472763762316175e-07,2.028388825807059e-06,-1.5912244963187035e-07,9.755788003806475e-07,-1.8299035944485853e-08,-4.3889886003093405e-07,-2.8012678185467883e-06,4.1185893756534825e-06
2533.3333333333326,-0.017647715568682092,0.3346332306045261,-0.3486894266333332,-0.0021416797492205164,0.3493921571021475,-0.3403603871333333,-0.004336387606204537,0.35109468931014337,-0.3301831825666667,-0.005894896776638989,0.35074206402086,-0.3316425290333333,-0.026797378482996657,0.359806669368636,-0.3578872819666667,-0.025058004022411703,0.3598382416890473,-0.372190537,-0.021975047171716004,0.34907915194714706,-0.3505736203666666,0.03692848763013932,0.3397658116477699,-0.2374456360666666,-0.0828995759154165,0.29986424904654824,-0.2580229908999999,0.008533857785008366,0.322506549688511,-0.2999476073333333,-0.02446310945922617,0.2952238135441727,-0.3348612342666666,0.11839561333505456,0.2500544209375741,-0.0956058354466666,-0.13095114891401927,0.2906314470557648,-0.141588739,0.2562254358610984,0.3317893994389608,-0.08891203779,-0.19051524986603663,0.31517392640176195,-0.3182816947333334,0.3460985565104274,0.490761211949439,-0.1075413013,-0.18422442236923411,0.49708824473280105,-0.4547299569666667,0.35180498175275976,0.5373818634440061,-0.1065297049366666,-0.1631211154411449,0.5521936762616642,-0.5288752074,0.33155550895326874,0.5590307699736585,-0.1194999962566666,-0.1280342029448145,0.5933906639736789,-0.5129419624000001,0.34784286459216984,0.49106619190072076,-0.1148708139299999,-0.16997513235250386,0.5195733717673661,-0.462443352,0.07647459564586756,-0.16654736832324826,0.0563331399333333,-0.07527000267468549,-0.18990910560888913,-0.0536313800366666,0.09459494155497206,-0.48754057260669026,0.1365804644666667,-0.028466217495344875,-0.4443999890084361,-0.0568815288533333,0.09134282623221668,-0.7481121530473632,0.3268294469999999,-0.061956444960080466,-0.7525040563177404,0.1497571674166667,0.07196958075984948,-0.7758202958777654,0.3539837093333333,-0.06335345063135014,-0.7788065237866042,0.1332081662733333,0.09275997808155857,-0.8223517117296285,0.3225132169333333,-0.06169429773140904,-0.8200809917482769,0.05245275039,onweer_g_ch1_g19_compr.mp4,ch1g19,3.5186907594533936e-05,0.00013113212132424994,3.203300336210879e-05,7.749952809356382e-05,4.8262558480593504e-05,0.00013505299563434993,3.174321453623247e-05,2.7359367948806352e-05,3.949200614299005e-05,1.4569996513809554e-05,0.00021578609228763637,3.3489657414241464e-05,2.5959400001051494e-05,3.130712978127807e-05,0.0001452781657035886,4.790748939763591e-05,6.086370202017213e-05,0.0002348153832878647,3.36480090736093e-05,2.423837219316319e-05,0.0001454175542087117,2.924110500134765e-05,2.6501642717037665e-05,2.7335228011255596e-05,4.260494091242677e-05,7.656854815560929e-06,2.130746532174041e-05,0.00021147037772057723,2.0053923628131154e-05,0.0002344837097392625,5.9018093161205255e-06,2.634676188808012e-05,0.00014670317913138188,0.0002983743892850153,5.4289681383934005e-05,-0.0004492129025551272,-0.0004609138747960595,-0.00046949040669524387,-0.00048186787703084565,-0.0003684514566334824,-0.00035958343646948834,-0.0003311462554354712,-0.000287254840626778,7.258331604194707e-05,-0.00038198353726921633,-0.00027237612189561704,0.0005625519976518865,4.2535294658467715e-05,0.0024668180585292144,-0.0012178423060018827,0.00290786070528215,-0.0020464571986205096,0.002862230024701308,-0.0022873427694346735,0.0027686002101753935,-0.002303285775811002,0.0028209145359433404,-0.002132192169046321,-4.997497067635465e-05,7.581391248607501e-05,-0.00025852233799895566,-0.00012886720910252936,-0.00029151471695395046,-0.0001204337550101703,-0.00034242178124462605,-0.00013607164357482142,-0.0004333646630624861,-0.00010072737660241353,-4.283001196132608e-06,-5.428683604594384e-06,-4.511435518359532e-06,-2.6029334964935535e-06,6.432209781820533e-08,-6.4534385788288555e-06,-4.649407655494344e-06,1.2816278824527938e-06,-9.121781885981986e-06,5.932010606480476e-07,-6.626425223769146e-05,1.4872535678937508e-06,-4.142084570371227e-06,-4.448640642206671e-06,-5.0616989211419366e-05,1.189571206687185e-06,-5.890813412465266e-07,-6.92071020420287e-05,1.348333704031691e-06,-3.78227919454518e-06,-7.491824056569808e-06,-4.218861964597914e-06,-4.14115638709348e-06,-4.433710761652524e-06,6.2904241430065e-07,-1.5644987190059599e-07,-4.174237473038158e-06,-6.672272360708728e-05,-5.6347198474058365e-06,-6.78354289356736e-05,3.305583464901526e-08,-6.276865920237947e-06,-5.670554487911166e-06,-6.321309286205401e-07,-2.4594766024745277e-06,2.195233519327772e-08,-1.300153329825553e-06,-5.050416898982536e-07,-2.3789239473049314e-06,1.0952535436730286e-08,-2.1604626241083874e-07,5.516629620852205e-07,7.627369517625064e-07,5.515630237553643e-06,4.91106335922693e-07,2.6338854467744027e-07,3.7221485979383644e-08,5.8465120923658734e-06,-1.0945923191215373e-08,-1.1261380270133254e-06,4.942658601772494e-06,4.6871510890580175e-07,2.6784992995265395e-07,-2.5622264745238004e-06,2.3602532122421327e-07,2.4128250869289894e-07,1.384259575587816e-07,-3.3361052491833505e-07,-5.1783702033254454e-08,4.3678782486613304e-07,5.829904457238873e-06,2.370289043797448e-07,4.744853545414063e-06,-3.736276525156539e-08,6.71759141634813e-08,-3.112690797517664e-06,8.712572149824079e-06
2549.999999999999,-0.017637748175680302,0.33422001210585517,-0.3498278594666665,-0.0019860567181093063,0.34895937779112013,-0.3415916949333332,-0.004196889105529867,0.3506522718425292,-0.3313959702,-0.005757338823367323,0.350286053992362,-0.3328674442333334,-0.02670201559170803,0.3594761681570293,-0.3589555283333333,-0.024963135861853423,0.35951651064425644,-0.373294117,-0.021898349662119145,0.3487865388634943,-0.3516344469333333,0.03749060493755157,0.3394893893488766,-0.2386646752333333,-0.08246961503857873,0.29996435148327305,-0.2585838258999999,0.008689129238472195,0.3221488446610277,-0.3010564389666667,-0.02438216321030392,0.2949844581187346,-0.3357923837333333,0.11877820428041924,0.25050591685329493,-0.09688624305,-0.13066860712431075,0.2906896830923779,-0.1419869302999999,0.25653353266914786,0.3336640026583209,-0.09008473259,-0.190843657994887,0.3139336353918001,-0.3196112677333333,0.34831754317521296,0.4926744094710035,-0.10887886205,-0.1851168751824142,0.4950028469989972,-0.4584700938,0.35474485770439,0.5391796622314703,-0.1080599434233333,-0.16412288074110962,0.5498556661779703,-0.5329774414333334,0.33466707740343504,0.5607175350442766,-0.1211786669566666,-0.12889845392252852,0.5910983128502892,-0.5172366946333334,0.3503117108564369,0.49286222729633367,-0.1163271843733333,-0.17080051641988447,0.5174234144144865,-0.464610159,0.07656127907678638,-0.16660000135811853,0.0562593020733333,-0.07537327031274439,-0.1898329591836139,-0.05353482275,0.09425098327189449,-0.48782603419324816,0.1373548465,-0.02848303696527259,-0.4446399330696298,-0.0552529706399999,0.09071292482920577,-0.7484165339582173,0.3281027720999999,-0.06252590619385505,-0.7527467050791943,0.1521682306666666,0.07125080574241757,-0.7761655499141297,0.3552941820333333,-0.0639203025962894,-0.7790567270261117,0.1356773386133333,0.0918372116303216,-0.8227934936832936,0.323534773,-0.06249210023328459,-0.8203133157591147,0.0546439673466666,onweer_g_ch1_g19_compr.mp4,ch1g19,3.012916316129157e-05,0.00012424701247287507,2.700311858398951e-05,7.430943504873393e-05,4.775760779608599e-05,0.00012731325355501763,2.6578469203548456e-05,2.8635061007479338e-05,3.035971225589608e-05,1.5432117988218077e-05,0.00015186082122164074,3.4694683150193685e-05,2.1526626112804954e-05,2.635104605876809e-05,9.713184781957617e-05,4.872264599975437e-05,5.919322900976347e-05,0.00016764036591160797,3.4750896505725075e-05,2.0179113400652852e-05,0.0001366220161852653,2.4651315339195292e-05,2.2044330256006988e-05,2.2498236925307207e-05,4.284444853550611e-05,7.476481386900082e-06,1.697322890460696e-05,0.00014720027409806136,1.4041786218846524e-05,0.00016854059199082288,5.9248905048308005e-06,1.9672382113332062e-05,0.0001390851654786487,0.00022817039422564551,5.516585518473585e-05,-0.00039618657882361125,-0.0004079838092319436,-0.00041408794034360945,-0.0004248509110836884,-0.0003295561196138039,-0.00032116142401854265,-0.00029766383969594416,-0.0002586185457429518,7.113816556913212e-05,-0.00033973761462667806,-0.00024108458852963564,0.0004011092830164042,2.7685538639613303e-05,0.0015951774461320524,-0.0011123362728212897,0.0018445207249983527,-0.0018322128910770914,0.0017698708188030768,-0.002054791051028173,0.001700190415618445,-0.0020714690899711007,0.0017732536755976896,-0.0019103175093322772,-4.596683872510677e-05,6.868803968641997e-05,-0.00026330841905134795,-0.00019171805344696613,-0.0002848512630671125,-0.0001890851815882831,-0.0003269443413562146,-0.00019773986825108306,-0.00038884886370543905,-0.0001660362459818626,-5.047011696749909e-06,-8.44185039555438e-06,-4.4705409681074395e-06,-4.156318792421204e-06,-3.448367799885661e-07,-9.383835638278151e-06,-4.579161411474925e-06,1.01492745343461e-06,-8.143806961512299e-06,1.3610600073196339e-06,-5.861738260087544e-05,1.6601841236163248e-06,-3.7769004537017008e-06,-4.3888949057513e-06,-4.2634939904877336e-05,7.899541032385709e-07,-1.6054754578324576e-06,-6.21545876962497e-05,1.5345043830010097e-06,-3.4020891114319762e-06,-1.0637746645648584e-05,-3.91532116721483e-06,-3.79674693949244e-06,-4.213272172518972e-06,3.7752943757924564e-07,-2.1543729143444065e-07,-3.5689317172618873e-06,-5.8637854210573696e-05,-5.1811689865915614e-06,-6.1203568124065e-05,-1.8435602296542194e-08,-6.112940198777164e-06,-9.443193802520372e-06,-3.155390246295965e-07,-2.3240865581914503e-06,3.1583866754304927e-07,-1.2519234152626744e-06,-4.778697091724222e-07,-2.2113833756104165e-06,3.2592993559080615e-07,-3.7109651311821026e-07,1.0614833818025329e-06,5.35248437644428e-07,8.616157860017034e-06,2.1295086973106129e-07,5.299313847984913e-07,3.309088882395734e-07,8.36577539447587e-06,-2.7615869436446635e-07,-1.0351135831851886e-06,8.29815442939226e-06,1.9449712630874844e-07,5.178708987661344e-07,-2.375446273879282e-06,4.813295521262835e-07,5.120853759461223e-07,4.109723021243065e-07,-3.666447703910869e-07,-6.338055706293767e-08,6.798844960181136e-07,8.967146793208181e-06,5.97206477541879e-07,8.02712649032898e-06,-5.8654345932066947e-08,6.020222245334121e-07,-2.9779881067376238e-06,1.2544505176746144e-05
2566.6666666666656,-0.017735165420905287,0.33377641736672997,-0.3508375859999998,-0.0019503939062909769,0.34850686047388174,-0.3426846941333333,-0.004168108771431827,0.35019345915549716,-0.3324732923333333,-0.005733877905382292,0.34981507618543856,-0.3339578192333334,-0.026729497649672196,0.3591056474603827,-0.3599083562666667,-0.024987252620057836,0.3591571512453061,-0.3742872416333333,-0.021942718102915416,0.34845012259573105,-0.3525866867666667,0.037908723056397475,0.33920028089612153,-0.2397649938666666,-0.08223817782881625,0.30000927342690553,-0.2591206496999999,0.008713970397683247,0.3217704543162289,-0.3020498099666666,-0.024433442028491598,0.2947127961003028,-0.3366308055333334,0.11908405256448304,0.2507596390730008,-0.0981823144999999,-0.13059808234086298,0.2907103172724446,-0.1422884383999999,0.25670939423980615,0.3345896373718371,-0.09177553817,-0.1914385406412927,0.31271773364812677,-0.3208554729666667,0.34947867006508915,0.4933754381823117,-0.1110066475366666,-0.1861746757021435,0.49296134992164536,-0.4617595420333333,0.35627061107268493,0.5396725862361934,-0.1104072211533333,-0.1652705837458458,0.5475411202308497,-0.5365182931,0.3361802298561444,0.5611364525878185,-0.1235209906833333,-0.1298915168575524,0.5888122707028032,-0.5209154984333334,0.35156546662703675,0.4934635744170408,-0.1185029118466666,-0.17180196143316728,0.5153049195326904,-0.464787394,0.07665054731698548,-0.16664608920815852,0.0561250403766666,-0.07547757461345957,-0.18976684875528999,-0.05338435815,0.09382623802570769,-0.48811110640495714,0.1379221046666667,-0.028588797871505294,-0.4448568747444564,-0.0538742705033333,0.09003932211640242,-0.7487025995016965,0.3290696786666666,-0.06309720226870812,-0.7529698100930975,0.1540141428,0.07051111756249921,-0.7764827515821461,0.3562891256,-0.06448782975013673,-0.7792825358827472,0.1375226892333333,0.09091171831744425,-0.8231332241250013,0.3243645650333333,-0.06335903505332124,-0.8205167253573606,0.0563661875866666,onweer_g_ch1_g19_compr.mp4,ch1g19,2.4468760926600094e-05,0.00011446882695619755,2.2241085441365862e-05,7.00089644571222e-05,4.684106696776064e-05,0.00011650391461511383,2.1720105413850218e-05,2.937806243342779e-05,2.2932396020218727e-05,1.7141030940450184e-05,9.781462050609862e-05,3.6523885321050285e-05,1.7688474338658115e-05,2.168755318310895e-05,5.948734404289191e-05,4.907277326142474e-05,5.656554555004334e-05,0.00011003793488930383,3.64571474422163e-05,1.6717716342889628e-05,0.00012424413255091856,2.063956178618512e-05,1.81587800361364e-05,1.812108941859684e-05,4.275454828606201e-05,7.238378347414759e-06,1.3555695862916114e-05,9.318435132170015e-05,9.157582862703771e-06,0.00011203831832617988,5.88602124940304e-06,1.3786128148506289e-05,0.00012764950855102163,0.00017385751315836175,5.618785454854729e-05,-0.00032340672915567837,-0.00033404310777066773,-0.0003377378317982998,-0.00034644649290127934,-0.00027300239160540815,-0.0002660938219886763,-0.00024821396396014424,-0.0002155655189130553,6.583134657944421e-05,-0.00028238634749027535,-0.0002006022302260702,0.0002486654440487241,1.193806361369906e-05,0.0008561423043369722,-0.0009638851434106134,0.0009697961789077573,-0.0015523606539877802,0.0008866226552747925,-0.001742162199359726,0.0008449603394029725,-0.0017674772644993438,0.0009198520367309255,-0.0016210254408884357,-4.198762836203353e-05,6.166206671238611e-05,-0.00026341089010656533,-0.0002280276960827687,-0.0002723915405457022,-0.00023851244524659027,-0.00030408174785310046,-0.00024123672961811753,-0.00033540205808882335,-0.00020885035939692103,-5.308588875782571e-06,-1.132530250494317e-05,-4.140066163333517e-06,-5.766675732717549e-06,-7.602446127676596e-07,-1.2190691693466225e-05,-4.202173293266684e-06,4.7391658570959735e-07,-6.726785325904034e-06,1.7773616788384815e-06,-4.702910550976924e-05,1.545312314649612e-06,-3.1763928607307007e-06,-4.038662835837092e-06,-3.2368040133836845e-05,7.859111809153439e-08,-2.584052488649908e-06,-5.0646150031092085e-05,1.4115740391927622e-06,-2.8190808423317083e-06,-1.3657082248894554e-05,-3.4254697455615535e-06,-3.2170440514417003e-06,-3.7373910476909763e-06,2.2238823251964384e-08,-2.754632559045344e-07,-2.792737354818202e-06,-4.675813239877423e-05,-4.207318245593977e-06,-4.9954900896477356e-05,-8.069047604879686e-08,-5.1766327261519645e-06,-1.3086592826968935e-05,1.3115044395898428e-07,-1.810900826232783e-06,6.390774185189166e-07,-9.5866457005732e-07,-3.612878503626942e-07,-1.6521428796680939e-06,6.659430842901088e-07,-4.477229262960877e-07,1.3858123690731428e-06,2.319191750110678e-07,1.066688025247134e-05,-5.902693662760883e-08,7.724058986637009e-07,6.515114413771778e-07,9.766232582675242e-06,-4.368790095139521e-07,-8.125614240051432e-07,1.0657086413652668e-05,-7.972743129833104e-08,7.435424217106049e-07,-1.7440199444256166e-06,7.172316850511928e-07,7.623589830899204e-07,6.933257089095776e-07,-3.1973413213676705e-07,-7.475278146046133e-08,8.701976918451218e-07,1.1000122952619292e-05,8.460971030843371e-07,1.035686637851914e-05,-7.908453939403145e-08,1.0692764149701035e-06,-2.3770356353697096e-06,1.4851949481195492e-05
2583.333333333332,-0.017921748946258555,0.3333897137174123,-0.3517502383999999,-0.002050540307615361,0.3481166409886346,-0.3436491429666666,-0.004269687851243448,0.34979943942089053,-0.3334274792333332,-0.005841484031353934,0.3494122028751328,-0.3349220376000001,-0.02688285380284164,0.35876495269993325,-0.3607631594,-0.02513371490039004,0.3588267011709483,-0.3751782396999999,-0.02210840619088446,0.3481395382992461,-0.3534443062,0.038125938391254055,0.33893921815158073,-0.2407609740666666,-0.08218833554427556,0.3000095477215062,-0.2596517494333333,0.008638874191723425,0.32143706354992463,-0.3029635253333333,-0.024572061978653175,0.2944596624305997,-0.3374245596,0.11933024343080535,0.2509147208267657,-0.0994111402633333,-0.13063476544198518,0.2906581585076882,-0.1425988758,0.25693180494192863,0.3351486512828116,-0.09349853783,-0.19213839588279708,0.31166700581867546,-0.3218896364,0.349799108901042,0.4938472743461089,-0.1131848570533333,-0.18727495126672514,0.49126347977857887,-0.4642253981000001,0.3566047668110715,0.539964490573012,-0.1128147050866666,-0.16645194014835832,0.5455884330621688,-0.5391219154000001,0.3363661316782359,0.5614184393568663,-0.1258516234466666,-0.13092036291813572,0.5868402169518423,-0.5236145159333333,0.3518371397075788,0.49388874645487846,-0.1206894128799999,-0.1728497225875756,0.513521432286111,-0.470058978,0.07673976316508653,-0.16668154243128963,0.0559739911533333,-0.07558111445375093,-0.18971445397769482,-0.05322139185,0.09335190714165603,-0.488386864262626,0.13826104,-0.028886264800492143,-0.44507994056933325,-0.0528898206966666,0.08933248232705755,-0.748981783383536,0.3295623179999999,-0.06368954099276518,-0.7532204339500548,0.1550061180666666,0.06975524370868776,-0.7767905502277344,0.3567839395333333,-0.06507304603300355,-0.7795296195499818,0.1384754471333333,0.08999544211493997,-0.8234239715994736,0.3247202418333333,-0.06423656669757721,-0.8207437285503131,0.05719450837,onweer_g_ch1_g19_compr.mp4,ch1g19,1.8719311238319322e-05,0.00010186462478586138,1.8165458024810838e-05,6.424154116063381e-05,4.579590296887082e-05,0.00010304761741600118,1.7606424906557443e-05,2.9786370229344377e-05,1.7540179792974604e-05,1.966851817174361e-05,5.784323622552195e-05,3.827975142733911e-05,1.4693585908400767e-05,1.7723283744979227e-05,3.461651531163739e-05,4.8532111726570374e-05,5.3849283317585835e-05,6.64786825160474e-05,3.814593603507849e-05,1.4063092760967192e-05,0.00010910096116883992,1.7472264331786966e-05,1.5104110762947843e-05,1.4503156393682433e-05,4.253024209201684e-05,6.942621618620039e-06,1.1143053888266186e-05,5.3662909630656174e-05,5.442012863733717e-06,6.895309834506907e-05,5.780679368184925e-06,9.157737283236669e-06,0.00011281360967881601,0.00013631356644078582,5.7130849183237776e-05,-0.00023071872063431078,-0.00023975556148350677,-0.00024111614833026014,-0.0002474256802844911,-0.00019751506939947387,-0.00019283499984244301,-0.00018069981250839765,-0.00015855276463884438,6.43891811464884e-05,-0.00020887636080500736,-0.0001473003831393895,0.00011593174325850186,-1.9483218553806954e-06,0.0002668760989161817,-0.0007799559923144507,0.00031373727425776317,-0.0012315462995383896,0.0002383731735852946,-0.0013817715683112504,0.00022158642782810895,-0.0014253296600061395,0.0002863354582983506,-0.001293585877884283,-3.8419125005880246e-05,5.5288809614595305e-05,-0.00026209988804021587,-0.00023800779386790375,-0.0002587305670375393,-0.00026556465989765896,-0.0002803675544994784,-0.00026312725404196313,-0.0002853339450710182,-0.00023244068562650218,-4.920949339661899e-06,-1.2950773603350006e-05,-3.4524130858044345e-06,-6.806989632682213e-06,-1.17929387371891e-06,-1.3632105736939418e-05,-3.470662792506958e-06,-1.5298278437471353e-07,-5.094077154414896e-06,1.7110931003278485e-06,-3.370982274071344e-05,1.2835284608999138e-06,-2.3763021989697068e-06,-3.336514141410131e-06,-2.1472608171323222e-05,-6.077014787780298e-07,-3.5092909290945145e-06,-3.6854557639970804e-05,1.1044925688687393e-06,-2.069375211614142e-06,-1.5135332280384888e-05,-2.7155333739460764e-06,-2.4352830121592316e-06,-2.994679993114272e-06,-4.0994791944315934e-07,-3.431244017877038e-07,-1.915389728979336e-06,-3.333255484791453e-05,-3.0665282978899973e-06,-3.625977919972384e-05,-1.5918857713478977e-07,-3.5750364542000145e-06,-1.5239702125491019e-05,6.361113799375329e-07,-8.97354897933407e-07,9.336555555188487e-07,-3.9302266542231484e-07,-1.477042176969834e-07,-6.958512494255116e-07,9.70948739607766e-07,-4.1787043347945517e-07,1.4883125658130338e-06,-1.0220072058943516e-07,1.135919983057204e-05,-2.746155971850555e-07,9.479320522163484e-07,9.415846002206388e-07,9.902360715502128e-06,-4.814482829028314e-07,-4.826369226416414e-07,1.165576870482981e-05,-3.0364576913586387e-07,9.038209825495697e-07,-6.776829438445015e-07,9.054060766380967e-07,9.47479573064111e-07,9.401037009084468e-07,-1.7282871830501678e-07,-8.37402220052464e-08,9.817922576211456e-07,1.1625125023543643e-05,9.59170809318516e-07,1.1386774622291365e-05,-9.585380988632924e-08,1.3910149291436796e-06,-1.285703528280035e-06,1.530228715523667e-05
2599.999999999998,-0.018073105315710634,0.33315423603327426,-0.3520221130666666,-0.0021593213365772956,0.3478772702420308,-0.3439336259999999,-0.0043739392470588745,0.34956085239764634,-0.3337166372666666,-0.005948058594387893,0.34916901572906,-0.3352114499333334,-0.02701646897131963,0.35854912100925945,-0.3610119323,-0.025265151659224418,0.35861613410149606,-0.3754272311666666,-0.0222503875962221,0.3479390370069752,-0.3536971193000001,0.038224911432252165,0.3387832240738509,-0.2410788381666666,-0.08221692796084633,0.3000423143210657,-0.2597370396999999,0.008569449213571924,0.3212268073629313,-0.3032467566666666,-0.024687279628580545,0.2942958924039363,-0.3376488519000001,0.11953063736057942,0.2510018244549455,-0.09990847794,-0.13070894052174173,0.29061946962015317,-0.1424523422666666,0.2570857221441802,0.33524867019631616,-0.09468974721,-0.19286553889216235,0.31104208308276415,-0.3215978557666667,0.3494792186828746,0.49409345763760115,-0.1146477788066666,-0.18834775209377272,0.4904172008426408,-0.4639231657666667,0.3561464251927158,0.5401824502478287,-0.1144372932866666,-0.16759361141597082,0.544654611815346,-0.5387128169333334,0.33577999230085337,0.5616322963608069,-0.1274063639,-0.1319439533043721,0.5858365996773912,-0.5232464155333333,0.35142520412785994,0.49413387247160123,-0.1221532068499999,-0.1738878498444526,0.512626208828773,-0.465376973,0.07682707655889019,-0.16671478082556576,0.0558297969633333,-0.07568078901548135,-0.18966673089792613,-0.0530677895633333,0.09289504675987818,-0.4886570354973355,0.1380907371333333,-0.0292316776853302,-0.4453028360319946,-0.0523009048266666,0.08862780844459908,-0.7492836086610684,0.3293580926,-0.06431069095737021,-0.7534942341857961,0.1554412831333333,0.06900390162129522,-0.7771175348888049,0.3565634162666667,-0.06569951394849227,-0.7798021845453238,0.1388801254333333,0.08909781095356496,-0.8237264273029558,0.3243907771333333,-0.06510776037291044,-0.8209753472158442,0.0575030693466666,onweer_g_ch1_g19_compr.mp4,ch1g19,1.3873603097911727e-05,8.750596455854039e-05,1.5277766367599148e-05,5.671278304466615e-05,4.494818709683446e-05,8.80104045162149e-05,1.4736980751517121e-05,2.9599632870384613e-05,1.399183695103429e-05,2.1968625363164184e-05,3.083397470874354e-05,3.920020514365976e-05,1.2957505781318349e-05,1.495769085247107e-05,2.0160599479255977e-05,4.704360583983676e-05,5.045627811411165e-05,3.632866639824928e-05,3.900020674803679e-05,1.2607094362473218e-05,9.249959115884526e-05,1.5464859408277083e-05,1.3322360427445565e-05,1.2087168127048924e-05,4.2431239180366004e-05,6.529545190002085e-06,9.970425716584068e-06,2.746808817658278e-05,2.967698975522112e-06,3.9026012105044386e-05,5.539368259284085e-06,6.351140525419238e-06,9.603420377283031e-05,0.00010970222984712481,5.7631815733768454e-05,-0.00011628296338176932,-0.00012524996338484363,-0.00012432939657822136,-0.0001282340829952145,-0.00010112473253444996,-9.898447389375997e-05,-9.191391152514987e-05,-8.631931787091363e-05,7.401981160776135e-05,-0.00011515016145933812,-7.562765138943695e-05,1.7306804917162467e-05,-6.460850774821828e-06,-0.00014263615654364864,-0.0005721020642260751,-0.00011125009138581774,-0.0009051107833304633,-0.0001638740149228802,-0.0010143028853999,-0.0001609622814430737,-0.0010794483092968728,-0.00011860135725378195,-0.000961406163046839,-3.527757699352612e-05,4.964736341983382e-05,-0.0002541144104042676,-0.00023013220098815776,-0.00025398016067725287,-0.0002857581876580149,-0.0002681797926893803,-0.0002816035981669821,-0.00024509750876446307,-0.0002512750118922599,-3.86698617017113e-06,-1.268184078915677e-05,-2.2438424630828076e-06,-6.7330012061345445e-06,-1.4623977078464203e-06,-1.3097665234510403e-05,-2.242301437788115e-06,-7.020707892019627e-07,-3.464432682777835e-06,1.291689892302821e-06,-2.1317332369130644e-05,9.093016893158699e-07,-1.225596736958609e-06,-2.123682726650223e-06,-1.1081331414660754e-05,-1.1692460939507995e-06,-4.131981533209547e-06,-2.388294577160734e-05,6.820028361808461e-07,-9.904503729293966e-07,-1.4445185742701259e-05,-1.606099103509362e-06,-1.2842315510891823e-06,-1.8550244866151354e-06,-7.512976066831941e-07,-4.149875555182005e-07,-8.28804661368892e-07,-2.0729296326446878e-05,-1.9884767114333654e-06,-2.3570200122097435e-05,-2.476633246769393e-07,-1.7267091999202726e-06,-1.5130750581557225e-05,1.103270537412674e-06,3.1475241736067464e-07,1.1522028453994165e-06,4.2071915550562385e-07,1.418700418196018e-07,5.429100018557922e-07,1.1920445214061724e-06,-2.591302997777733e-07,1.3854518999041401e-06,-3.9649049059890365e-07,1.0724886934757413e-05,-4.076942309650639e-07,1.030868791668012e-06,1.1539320283686938e-06,8.935589607605693e-06,-4.4059403781418033e-07,-5.368733345249188e-08,1.1279239874670831e-05,-4.438121868006789e-07,9.747135148296004e-07,6.865386548950483e-07,1.0192316736328538e-06,1.0394104160993763e-06,1.1114381888397534e-06,6.142452274289412e-08,-8.568862870264469e-08,1.0030934325923438e-06,1.0889667126978435e-05,9.354712451716369e-07,1.1077001730097625e-05,-1.0353580637852389e-07,1.517128151015966e-06,1.6506375715115858e-07,1.4096300417626938e-05
2616.666666666665,-0.01814117746065792,0.33310766389147733,-0.3521483720333332,-0.0022156845610610855,0.34782859738547905,-0.3440691858333333,-0.004424383679708547,0.3495154285715007,-0.3338574055333332,-0.005999066600967588,0.3491229461843829,-0.3353491605000001,-0.027084092972170612,0.35849801857599173,-0.3611296624,-0.025333445715249467,0.3585628133863944,-0.3755350112666666,-0.02232632831741155,0.34788550162404824,-0.3538194598333334,0.03830726764574782,0.33875322526002305,-0.2412632434999999,-0.08224372909018218,0.3001040924625471,-0.2597323468333333,0.008555386472982407,0.32117070442704443,-0.3033912303999999,-0.024737038907275983,0.2942490391358995,-0.3377521020333334,0.11972848674772632,0.25101092422691346,-0.1002534661466666,-0.1307645140198845,0.29060175566569996,-0.1421658605,0.25721280349578984,0.3349163312451867,-0.0956294742866666,-0.19357510766695846,0.3107132922391985,-0.3209340398333333,0.3488308044838334,0.494048643771072,-0.1157169443333333,-0.18937940847347298,0.4899425320068319,-0.4630442883333334,0.35525392427221875,0.540169367115704,-0.1156115618933333,-0.1686943448718829,0.5441327772283225,-0.5376745020333333,0.3348090666780206,0.5616502304140955,-0.1285395823,-0.13294882199791608,0.5851883924855923,-0.5222179075666666,0.3506789671443433,0.4941233654105471,-0.1232232150333333,-0.1748959901785557,0.5120999427946649,-0.464745611,0.07691013993565185,-0.166745758233117,0.0556960021699999,-0.07577435578879443,-0.18962248124189873,-0.0529267504433333,0.09244201661235325,-0.4888867459345477,0.1381183728,-0.029569961777554547,-0.44549794750396626,-0.0520621299866666,0.08790624673866157,-0.7495248058278263,0.3296203351666666,-0.06490365921840673,-0.7537415648782431,0.1554899045999999,0.06825062216106796,-0.7773741288837961,0.3568431458333334,-0.06629911524523702,-0.7800484197172557,0.1389048464666666,0.08827638215086768,-0.8239674579949583,0.3246240597666666,-0.065809131909593,-0.8211979206481835,0.05737173051,onweer_g_ch1_g19_compr.mp4,ch1g19,1.0410044292252963e-05,7.414969539568507e-05,1.3808622714468051e-05,4.986844850405372e-05,4.388008849530659e-05,7.413900269662691e-05,1.33462369745412e-05,2.901854207677057e-05,1.1924545646305414e-05,2.3653467534444074e-05,1.618402001569495e-05,4.043872262928413e-05,1.251220190485166e-05,1.3619878885257286e-05,1.5226796462658004e-05,4.5925650942729865e-05,4.640568915778134e-05,1.9331471240266855e-05,4.003075296650479e-05,1.2374819687097612e-05,7.716495687469934e-05,1.4700529136458318e-05,1.2848090518315746e-05,1.1036134894494503e-05,4.209859711281757e-05,6.038525062680866e-06,9.999934198051487e-06,1.3698092351718558e-05,2.0890798603370457e-06,2.1973208038989045e-05,5.203394822174034e-06,5.443614230833635e-06,8.018171648283686e-05,9.1676237641309e-05,5.8092624849740294e-05,1.0060691715642156e-05,-1.220037957082378e-07,3.1813902344805104e-06,1.2662339510358986e-06,7.956484036849396e-06,7.4530144354206785e-06,1.001118193084466e-05,-4.769401704437167e-06,9.533829981022221e-05,-9.262584620879968e-06,9.263903448170504e-06,-4.6881957296182483e-05,-6.547721527081426e-06,-0.0003933140533409127,-0.00039538492067874774,-0.0003308073003741099,-0.0006346258425143218,-0.00035204238284164554,-0.0007076472064665898,-0.00033472242011188633,-0.0007899659760314878,-0.00032085408088993123,-0.0006845362906783043,-3.275447241016517e-05,4.515625266457894e-05,-0.0002442383777081114,-0.00021306617974365207,-0.00025534366897592814,-0.00029910514861692744,-0.00026223349590020627,-0.00029439430797578595,-0.00020922083781975252,-0.00025945199362715403,-2.3314726021574642e-06,-1.1227019981383077e-05,-7.044226831893957e-07,-5.7274313506369374e-06,-1.4269543944442027e-06,-1.1363173361309755e-05,-6.934870487671577e-07,-1.0197878937030829e-06,-2.0700703955429813e-06,6.636289678642727e-07,-1.121553705568562e-05,5.689337763713715e-07,8.023727159915586e-08,-5.906116427681306e-07,-2.6965382547997194e-06,-1.3871151110228874e-06,-4.194451572233551e-06,-1.3154702801891968e-05,2.823328496038639e-07,2.350467678355906e-07,-1.2446309843132106e-05,-2.694131894501565e-07,4.559919110216554e-08,-4.629558662270163e-07,-8.250923398830946e-07,-4.925903233305237e-07,3.344029681990291e-07,-1.0444749586524521e-05,-1.0446679105804482e-06,-1.3059073508162934e-05,-3.466029008249869e-07,5.456374883754015e-08,-1.3607487966628523e-05,1.444105312092347e-06,1.6488884698093584e-06,1.2553072146213455e-06,1.3432710118710714e-06,5.064528821179333e-07,1.8808306318341416e-06,1.2893952422202116e-06,1.7070452342861896e-08,1.1319328138908045e-06,-5.972472812507042e-07,8.977070676938723e-06,-4.812621268735943e-07,1.0130839611392984e-06,1.2497219851437598e-06,7.118435768601717e-06,-3.7597881818798605e-07,4.506915615941717e-07,9.69540519490888e-06,-5.159642593436626e-07,9.49880607478622e-07,2.15367651846598e-06,1.0502296676917594e-06,1.028522419245273e-06,1.181258114755031e-06,3.8661354811236787e-07,-7.756231791908828e-08,9.41772246154452e-07,9.032579483948994e-06,7.94857930770812e-07,9.580290557422003e-06,-9.887375630735381e-08,1.4318516150892927e-06,1.7773620758066152e-06,1.1695419193973679e-05
2633.3333333333317,-0.01816575961070379,0.33329689143555613,-0.3520310013333332,-0.0022408144236287565,0.3480015881527171,-0.3439544458999999,-0.004442139953851183,0.3496940485236676,-0.3337515556333332,-0.006016137306855779,0.3493028729233627,-0.3352384786333335,-0.02711056149786508,0.35866453174875085,-0.3610201430333333,-0.025362221871471347,0.3587245099676912,-0.3754076679333334,-0.02235999653898739,0.3480426406444861,-0.3537150672666667,0.038375948666968154,0.3388591545132805,-0.2411998588999999,-0.08225484864913575,0.30025088798109145,-0.2595789155333333,0.00856786139198909,0.32131001875758897,-0.3032966725999999,-0.024749021573808035,0.2943832183605242,-0.3376407377333333,0.11993500911519037,0.2509781184097432,-0.1003017148666666,-0.13080585649901522,0.2906235892986667,-0.1418053691333334,0.2573845982116551,0.33446578006798644,-0.0961304900833333,-0.19425611553075994,0.3104932045802387,-0.3203211232999999,0.34829942886955345,0.49383583303695905,-0.1165525091333333,-0.19034690061164192,0.4895791960507796,-0.4624234503333333,0.3544794545250621,0.5400070128962373,-0.1165056512,-0.16972833158373338,0.5437555011553163,-0.5369439616666667,0.3339602755854269,0.5615155179214353,-0.129296452,-0.13390286852690403,0.5846859466336539,-0.5214664936666665,0.3500514128838885,0.49394615849290346,-0.1239866437333333,-0.17584418133533103,0.5116894899379058,-0.464202404,0.07698708172065481,-0.166777477570975,0.0555787608266666,-0.07586050423948026,-0.18957814746180976,-0.05280665379,0.09201950262525649,-0.48910349595188185,0.1383553603666666,-0.02990667332076842,-0.4456771927369156,-0.05202349736,0.08725613730408895,-0.7497289305471976,0.3300092435666666,-0.06549731132366632,-0.7539945179525641,0.1553946469666666,0.06757754057656305,-0.7775800924288924,0.3572114002333333,-0.06690152891059047,-0.7802958321892829,0.1387921122333333,0.08761634641889007,-0.824113897467906,0.3248496623333333,-0.06645046040108217,-0.821416703206802,0.0569693787933333,onweer_g_ch1_g19_compr.mp4,ch1g19,8.85902582673779e-06,6.247785911894572e-05,1.365438519362229e-05,4.340259342956196e-05,4.2986009629357246e-05,6.240264869307556e-05,1.3285429080989727e-05,2.7628138464140067e-05,1.068334782968803e-05,2.354729146085545e-05,1.2826770418242626e-05,4.0620585724441667e-05,1.2986696985345719e-05,1.3577852979022452e-05,1.738150321723297e-05,4.394566147195339e-05,4.2301537559762356e-05,1.4742492456998539e-05,3.9882274405739026e-05,1.2986384813973568e-05,6.443793638031479e-05,1.4749172684341704e-05,1.3318853069797336e-05,1.119986783567167e-05,4.17075858049557e-05,5.499685910744069e-06,1.0748173761751145e-05,1.1028349259138175e-05,1.950923093366931e-06,1.7397258358907367e-05,4.797556598181019e-06,6.311897193386628e-06,6.6254345682675e-05,7.880995583028136e-05,5.770717915001918e-05,0.00013396283600431314,0.00012274365604399617,0.00012807386946836634,0.00012769700017006296,0.00011896456116998725,0.00011572597974969893,0.00011499101123547238,8.000411076441941e-05,0.00012949355560379287,9.761205943631817e-05,9.79399651417397e-05,-8.211140460397822e-05,4.332328698373888e-06,-0.0005130584281307307,-0.0002540406150116551,-0.0003701820552493107,-0.00043997216970769815,-0.0003496549940137721,-0.00048452239513067393,-0.0003220801861347446,-0.0005847702435914365,-0.0003440761614439045,-0.00048749175068596586,-3.13871113651111e-05,4.22059417419291e-05,-0.00022311581637581484,-0.00018878115401352023,-0.00025384525947826553,-0.00030284079576271166,-0.0002554206590373749,-0.00029896233981866626,-0.0001784901300801614,-0.00025613525630387233,-6.43713261894405e-07,-8.809432223183852e-06,7.017446715279636e-07,-3.862908987435404e-06,-8.239900672313639e-07,-8.691559347221242e-06,7.331985091004084e-07,-9.148920171270836e-07,-1.1305059742679257e-06,-5.52546854867035e-09,-3.965092350872824e-06,2.2498193792762742e-07,1.1786740443359804e-06,8.05573910804378e-07,2.961115070698847e-06,-1.4166869202515022e-06,-3.4432665763323855e-06,-5.25931845479148e-06,-1.1423665767693374e-07,1.2738365646794308e-06,-9.438759897432986e-06,8.901569567001145e-07,1.1668060215324397e-06,8.341646943550404e-07,-3.64911147554148e-07,-5.73276666162674e-07,1.303834032694194e-06,-3.132036881213481e-06,-3.4659845578248263e-07,-5.242188294417009e-06,-4.4930835512106346e-07,1.4001100188948883e-06,-1.09023567310998e-05,1.57586473346559e-06,2.9721867897278477e-06,1.21824473303928e-06,2.2789607682994457e-06,8.925426932185541e-07,3.1726722704073586e-06,1.2405737022783303e-06,3.771162207586277e-07,8.030494515741802e-07,-6.447857102704113e-07,6.488844755007359e-06,-4.6827925184017414e-07,9.046246695527213e-07,1.2061269804295776e-06,4.847621050908911e-06,-2.782172431644746e-07,9.59942530179099e-07,7.255742259350075e-06,-4.88461480359065e-07,8.408968496027286e-07,3.5560718648174983e-06,1.004607905587357e-06,9.234606820413586e-07,1.1364103204879323e-06,7.578586766687856e-07,-5.891745378531373e-08,8.213943989533416e-07,6.44884885295252e-06,6.101227271933775e-07,7.2218866446944015e-06,-8.162985179068706e-08,1.1553200452532143e-06,3.3854089291820718e-06,8.894640963969426e-06
2649.999999999998,-0.018129221028763645,0.33358015600697266,-0.3515866993666666,-0.002218994667178957,0.34826995680654876,-0.3435025870666667,-0.004411977034237245,0.3499699307514705,-0.3333116971999999,-0.005984372040945169,0.34957976886351605,-0.3347950757000001,-0.027080326823838388,0.3589250750600401,-0.3606058907666666,-0.025336190893686442,0.35897819397023556,-0.3749641865333334,-0.02233735789595931,0.348290719301378,-0.3533038021666667,0.038441165529750715,0.33906252152097277,-0.2407799724999999,-0.08224046916917147,0.3004517308553213,-0.2591998965333333,0.008625865695971244,0.32153819927922095,-0.3028752359666666,-0.024705912847258052,0.29459372411672935,-0.3372250678666668,0.12012944459789461,0.25093095165807944,-0.0999264117366666,-0.13083302501332533,0.29067787093098274,-0.1412644450333333,0.2575893997492374,0.3340047618477023,-0.0959267023,-0.1949311398219232,0.3103068495546362,-0.3195072645666666,0.34802024901809514,0.49361414385883706,-0.1165899904999999,-0.19125019612230798,0.489279016569435,-0.4614078497666666,0.3540295439783943,0.53985659366475,-0.1165548702333333,-0.1706667887694678,0.5434607651755196,-0.5357947503333332,0.33343833692309693,0.5613919956823312,-0.1292032743,-0.13476771965983214,0.5842860973098412,-0.5202907214999999,0.3496951705132114,0.49375787994640075,-0.1239386227666666,-0.17672724690459668,0.5113512826658917,-0.466604143,0.07705604695235713,-0.16680996082901423,0.0554844005866666,-0.07593650533921137,-0.1895347781936922,-0.0527113359033333,0.09166411363779127,-0.48932129887059284,0.1384126563,-0.03022636014474449,-0.44584589343484027,-0.05235592848,0.08670941405509476,-0.7499481612213281,0.3299589415666666,-0.06605116989106186,-0.754288386714365,0.1549344186666666,0.06701854832388565,-0.7777899680164059,0.3571071556666667,-0.06747688694661054,-0.7805874162108353,0.1383323639666666,0.08710937945102987,-0.8242642282596794,0.3245857309666666,-0.06703446222716855,-0.821663013326675,0.0562923737166666,onweer_g_ch1_g19_compr.mp4,ch1g19,9.35157572260145e-06,5.528922754787933e-05,1.499775823300955e-05,3.9609347656357756e-05,4.217523846774516e-05,5.564512144995257e-05,1.4693836326675095e-05,2.6242054686707864e-05,9.713554092432657e-06,2.249141121114475e-05,1.595899752092532e-05,4.0237559174651936e-05,1.464022372076563e-05,1.5009731241130537e-05,2.4048710462902638e-05,4.202921913091722e-05,3.8939201606091834e-05,1.7067808194847164e-05,3.9043657965683164e-05,1.4703749531210416e-05,5.7495315285532014e-05,1.6108424837683163e-05,1.495358446103221e-05,1.2747906693002078e-05,4.118328155995414e-05,4.980670265176322e-06,1.2484122775931738e-05,1.4694351177788365e-05,2.2487863769494215e-06,2.0027433053567693e-05,4.379586648566502e-06,8.586377039823767e-06,5.7316306881098995e-05,7.362108078579183e-05,5.674918420019545e-05,0.000246926699047873,0.000234555804487101,0.0002416748834878512,0.00024196469021006985,0.00022333934642595275,0.00021806128057969286,0.00021520808178248033,0.00016166644248822478,0.00017035983197426994,0.00019755898748146018,0.00018351207510076094,-9.639293438983746e-05,2.1910637774598262e-05,-0.0005717137341933252,-0.0001918172701534035,-0.0003422295527969441,-0.0003645336015765335,-0.0002844776910616784,-0.0003956741116474195,-0.0002509192944758881,-0.0005153016726699619,-0.00030331739596872016,-0.00041510283617841686,-3.103204351910268e-05,4.06837038252889e-05,-0.00020921808775844033,-0.00016510196028057944,-0.0002591120104602019,-0.00030284999916666076,-0.000256817061821853,-0.00030066634643633605,-0.00017005699825862813,-0.00024716475573332555,9.575834110343008e-07,-5.240045566861288e-06,1.829208960912475e-06,-1.079766254053779e-06,4.150400558799731e-07,-4.931227196443449e-06,1.880683326623394e-06,-3.048552042146427e-07,-6.419528134338736e-07,-6.412670825406283e-07,3.4075034308758633e-07,-1.431228099404975e-07,1.927365895838424e-06,1.9173181477412204e-06,5.898622685743347e-06,-1.395874548243628e-06,-1.9484831652227945e-06,-2.575864597365258e-07,-4.980077239255892e-07,1.97783941723491e-06,-5.252351521810727e-06,1.7851274300399588e-06,1.9380700740190487e-06,1.8889371190868066e-06,7.188664250164334e-07,-6.333890782165753e-07,1.9893013429180217e-06,1.1133429945272798e-06,6.34795979960357e-08,-2.4129321772901233e-07,-5.307607409343477e-07,2.1685102451787793e-06,-6.793414950294205e-06,1.4625368282866706e-06,4.106798412130365e-06,1.0276438631903716e-06,3.0591838645499202e-06,1.2456840047807433e-06,4.240796411211663e-06,1.0348551313216057e-06,7.34984543526821e-07,4.775403468329317e-07,-5.660840384504248e-07,3.823245163844471e-06,-3.893002080609679e-07,7.046860803259133e-07,1.0106804631997163e-06,2.5498569235477195e-06,-1.9050576550427156e-07,1.3811732015001008e-06,4.541706484666742e-06,-3.826844213235852e-07,6.465267041976263e-07,4.697399587992969e-06,8.664239388608151e-07,7.236447705881186e-07,9.691704940063001e-07,1.1188051704954492e-06,-3.003139915981379e-08,6.448463139851727e-07,3.7106764719323302e-06,4.3906181220570955e-07,4.567253952169046e-06,-5.207618660101852e-08,7.397689543834362e-07,4.7813439143498095e-06,6.8187454362892504e-06
2666.6666666666647,-0.01808948933295541,0.33390860078085005,-0.3511097717999999,-0.0021898575694476227,0.3485801964911429,-0.3429921239333333,-0.0043751830039394715,0.3502872619347888,-0.3328129313666666,-0.005946421731926076,0.34989653950941063,-0.3342918297333334,-0.027044015015159458,0.359223763729078,-0.3601204000333332,-0.025303735268055436,0.35927150559614024,-0.3744560400333334,-0.022308833895825293,0.34858126914424653,-0.3528204929333333,0.03851320156611243,0.33928179309918566,-0.2402652645333332,-0.08221788376719416,0.30066207130872574,-0.2587069328333333,0.00868585863294927,0.3218048590799777,-0.3024159841666666,-0.024661098183228047,0.294844349860248,-0.3367693625333334,0.1203188105755655,0.25082171131797804,-0.0995432552,-0.13086214048763237,0.2907267993594419,-0.1406408860666667,0.25781481248513777,0.3334265823875786,-0.09573843234,-0.1955882819402376,0.3101089618074065,-0.3187303398999999,0.3478439240107591,0.4932704436630823,-0.1166362583333333,-0.19208333741592917,0.48890415469481047,-0.460537314,0.35370387547977505,0.5395755269088343,-0.1166159081333333,-0.171529910611572,0.5430461904964271,-0.5348274781999999,0.3330522498935295,0.5611570257404808,-0.1291257266666666,-0.135550676846846,0.5837898769963386,-0.5193256646666666,0.3494510292529793,0.49345430319665523,-0.1239044886666666,-0.1775378415593614,0.5109333720316453,-0.466675758,0.07712120599488975,-0.16684281422755093,0.0553900209766666,-0.07600756576318854,-0.18949211029652524,-0.0526172050199999,0.09135128144617435,-0.48954683088862844,0.1381407906,-0.030525303645357396,-0.4460198962279572,-0.05283194533,0.08614439014818796,-0.75024212028082,0.3296049098333333,-0.06659257017549254,-0.7546155996493707,0.1543017670333333,0.06643661315154462,-0.7780762686940433,0.3567250759666667,-0.06804478360352599,-0.7809113886335457,0.1376960789333333,0.08651370350839437,-0.8244573931718339,0.3240726293666666,-0.06760460315473114,-0.8219151792761089,0.05544149382,onweer_g_ch1_g19_compr.mp4,ch1g19,1.1672015475278927e-05,5.369445838711509e-05,1.800229537853441e-05,4.001968787213868e-05,4.220174922841019e-05,5.4629397373451074e-05,1.7668342102654874e-05,2.5572092377801123e-05,8.870976975555235e-06,2.083060401119788e-05,2.0167659093583603e-05,3.9341083910854e-05,1.7787168366218012e-05,1.809416313835294e-05,3.158812852717777e-05,4.052830065580733e-05,3.674906574954209e-05,2.111607173884373e-05,3.766522819632589e-05,1.7823087794369616e-05,5.660498733336525e-05,1.911160293462943e-05,1.8075580326752018e-05,1.57310367207413e-05,4.138057111338431e-05,4.447263771008666e-06,1.5456810486009112e-05,1.95945467244184e-05,2.6284366686916635e-06,2.4025913710178924e-05,3.9279444971494345e-06,1.2130006555814133e-05,5.446467950167657e-05,7.659260019123229e-05,5.5955527705054827e-05,0.00034131962178635355,0.00032694416731970087,0.0003352255210369948,0.00033535265329400507,0.00031308425461907445,0.00030649003851399226,0.0003029481912897887,0.00023379385992694133,0.00021340258518038978,0.0002838783647954798,0.0002602608313090803,-9.341683988020586e-05,4.201446018493858e-05,-0.0005777234664013462,-0.00023131237044470007,-0.0002821334043318946,-0.0004240811543896052,-0.00019922099643448427,-0.0004496410844939076,-0.00016336058294745472,-0.0005778428211171174,-0.00023744970645115353,-0.0004765227485924418,-3.138063449274329e-05,4.025981756353136e-05,-0.00021300730079968106,-0.00014871448854232664,-0.00027598233403056956,-0.0003120720341562371,-0.00026871199735677007,-0.00031181769253352606,-0.00017749893330906038,-0.00024047061354787985,2.3139224712074387e-06,-6.788582820089409e-07,2.647619736130035e-06,2.3650349673937464e-06,1.9800762839488454e-06,-2.661740557886924e-07,2.7079657089288032e-06,7.227010027995588e-07,-5.495780727147465e-07,-1.1554493120020688e-06,1.9230810870336445e-06,-5.291210524254019e-07,2.3733806324271376e-06,2.7150056238147542e-06,6.538279925542369e-06,-1.418734447745404e-06,-2.3651304202981579e-07,1.968599079834027e-06,-8.618100429583014e-07,2.381719674280369e-06,-1.0137122792478629e-07,2.4268640105892123e-06,2.4058886707091355e-06,2.674904093042104e-06,2.159123644858225e-06,-6.618261422784748e-07,2.411079297720867e-06,2.5257349775138563e-06,2.6489197481789284e-07,2.072293670851597e-06,-5.790259069184204e-07,2.4446823897548678e-06,-1.4899103897577184e-06,1.1223353703031861e-06,4.953892202991984e-06,7.002424064994884e-07,3.546096446378148e-06,1.4773768880278789e-06,5.005957181977885e-06,6.925824541681349e-07,1.0052877997253834e-06,2.1500829168802923e-07,-3.9742796674202163e-07,1.5184137199187161e-06,-2.6719153953063514e-07,4.3332751268843593e-07,6.804827522889786e-07,6.231289855516023e-07,-1.2845211240584525e-07,1.6299151224030518e-06,2.0890650569803054e-06,-2.2811354723021445e-07,3.865322285626398e-07,5.512453640445381e-06,6.458071318282198e-07,4.482353962496878e-07,6.972306664927061e-07,1.3747061451539047e-06,1.009132080227359e-08,4.290480139400544e-07,1.3528826544149038e-06,3.300693618724932e-07,2.1668960311947046e-06,-9.950497394573807e-09,2.5247331333455973e-07,5.84971117316026e-06,6.271716605135454e-06
2683.333333333331,-0.018046503650229726,0.3342481983343129,-0.3505146681,-0.002158604281726619,0.3489036773216752,-0.3423722694,-0.004334302128206205,0.35061873938477534,-0.3322014711666666,-0.005905059906679433,0.3502272044230991,-0.3336805712,-0.027000767166136485,0.3595416860921513,-0.3595386713999999,-0.02526455886159998,0.3595828310254311,-0.3738531052666667,-0.02227380847622807,0.34889247360493064,-0.3522405466666666,0.03856215481142992,0.33948145955943226,-0.2396326391999999,-0.08219956094790146,0.30086701085113626,-0.2581470197333333,0.008734679490246504,0.32207584470896233,-0.3018324169333333,-0.02462308251228669,0.29510268169275816,-0.3362032743666667,0.12043919832141073,0.2506448956331604,-0.0990462018833333,-0.13089548297436554,0.29073614275509474,-0.1399391168666666,0.2580419426208082,0.33282729341965656,-0.09536859744,-0.19624126816377546,0.3097534136913417,-0.3179873322666666,0.34775996979682405,0.49294140768086564,-0.1164186596333333,-0.1928549190376012,0.48828191273413013,-0.4597062106666666,0.3535021755921318,0.5393434209959334,-0.1163817388666666,-0.17229235287207006,0.5423919997319899,-0.5338961397333333,0.33276965487992094,0.5609375752819417,-0.1287808217999999,-0.1362403841028248,0.5830226165436593,-0.5183808465666666,0.3493065917361531,0.49315979723443365,-0.1236162289333333,-0.17828196885266423,0.5102584056522017,-0.466247797,0.07717138595106189,-0.16687527001325375,0.0553061391133333,-0.07606156049810182,-0.18945056540535857,-0.05253395397,0.09099617504274636,-0.4897976900512497,0.1379091178,-0.0308208885663712,-0.4461799401528427,-0.05349134096,0.08547346211645045,-0.7505769285693772,0.3292517463666666,-0.06713232101352479,-0.7549812765709196,0.1534076034666666,0.06574112697482648,-0.778400866368952,0.3563712806666667,-0.06861862593892057,-0.7812772717048091,0.1367830264333333,0.08585247770487216,-0.8246868923713324,0.3236966521999999,-0.06817310719867961,-0.8221836723000748,0.0542532574066666,onweer_g_ch1_g19_compr.mp4,ch1g19,1.4855381265791427e-05,5.765486877691293e-05,2.0953822697800412e-05,4.562798815896472e-05,4.40805560986726e-05,5.9096453442543575e-05,2.0566385083096405e-05,2.6291194550783987e-05,8.418516618088295e-06,1.909408932189647e-05,2.379056708765837e-05,3.8599045887003e-05,2.0400244083676432e-05,2.111161975027596e-05,3.7595731876263114e-05,3.959512827043464e-05,3.625005699538434e-05,2.5303600465649237e-05,3.6531139489123024e-05,2.0354515114066726e-05,6.13539596692589e-05,2.1637014780443745e-05,2.0682609267600838e-05,1.8455109501785086e-05,4.335443322340161e-05,3.807898240844383e-06,1.7754654696430905e-05,2.3392035237328808e-05,3.3140563235874036e-06,2.8716689137774333e-05,3.3744346257221506e-06,1.5546503831907096e-05,5.7952030774154834e-05,8.582903684053534e-05,5.669330676981325e-05,0.0004069994079839588,0.00039135023384549803,0.0004001364806101655,0.0003995603227843601,0.0003768390762876932,0.0003697043053903175,0.0003669081950355715,0.0002894622412022762,0.000246380454048178,0.0003465831981698709,0.00031710348641462673,-7.164247838519508e-05,4.9214471409844185e-05,-0.0005764415913848556,-0.0003868746816190667,-0.0002512095344714588,-0.0006160073570250048,-0.00015963977799822118,-0.0006458948989444518,-0.00012466330284666627,-0.0007663114714773239,-0.00020586277910189006,-0.0006670002124080139,-3.1937070325893766e-05,4.011988031960877e-05,-0.0002382834121604985,-0.00014048938608827682,-0.0003208666302676087,-0.0003273110659136624,-0.0003087124773858399,-0.0003283517343183308,-0.00021142142359689228,-0.0002388591819019481,3.3342586597809848e-06,4.542711932529315e-06,3.1702012770145135e-06,6.114448246144805e-06,3.5940610954891234e-06,4.973347062411763e-06,3.2274134588890675e-06,1.939507800869219e-06,-6.886171701033348e-07,-1.4896954434749606e-06,1.639313431070756e-06,-8.919350134950879e-07,2.6246955392183728e-06,3.2164698172155327e-06,5.625469243633207e-06,-1.5629297612959404e-06,1.486979282858447e-06,2.2323652041250466e-06,-1.1640552104297171e-06,2.5943692126961283e-06,5.673161896575704e-06,2.9043162072596473e-06,2.6684347145703247e-06,3.2245033508918286e-06,3.6939062996404547e-06,-6.362722062440008e-07,2.6894663600074947e-06,2.0190736876055737e-06,4.2857150173295897e-07,2.4299069153655273e-06,-5.706163165578673e-07,2.387226321065961e-06,4.700344582572065e-06,6.31637814314958e-07,5.4864034419080945e-06,3.24492986979179e-07,3.6641725566870995e-06,1.4921475458136635e-06,5.459433826447054e-06,3.014670681441386e-07,1.1098332754876005e-06,3.8951866099694005e-08,-1.8248514904921647e-07,-6.886043324154095e-08,-1.2841608641004174e-07,1.809263404921655e-07,3.0439088766941377e-07,-6.56803773678203e-07,-7.865030473370711e-08,1.6359836222038855e-06,2.8259634573014074e-07,-6.103956543695941e-08,1.4905295597281207e-07,5.9952027043638975e-06,4.2859745065732073e-07,1.8730440962089833e-07,3.99824231245735e-07,1.4216061446119054e-06,6.23248152979309e-08,2.5112413198213633e-07,-2.4654801245573457e-07,3.0068488987396766e-07,3.7333543584184677e-07,4.443980459581784e-08,-1.9866104020308692e-07,6.5339767648417e-06,6.6346786186011794e-06
2699.9999999999977,-0.018017272378209388,0.33464056864253017,-0.3496677278333333,-0.002142885172773271,0.3492803519817599,-0.3415128666666666,-0.004306469648542305,0.3510033228534542,-0.3313489737333333,-0.005878790112225247,0.3506098405316015,-0.3328353852666667,-0.026971653932835817,0.3599144557415476,-0.3587214589333333,-0.025238740213447377,0.35994938136776106,-0.3730084776333334,-0.022251530069249684,0.3492600093326052,-0.3514206559666666,0.03857177410526062,0.33974755882276525,-0.2387644076333333,-0.08221416191303793,0.3011301506712453,-0.2573781392,0.008760632044243797,0.32241175872261696,-0.3010012460666667,-0.024604094642924706,0.29542240152012583,-0.3353907518,0.12048800663879122,0.2505532029442623,-0.0982956207066666,-0.13094912314720555,0.2907703694960453,-0.1390295907,0.258241850132156,0.3323374979626652,-0.0946678383,-0.19688675276156462,0.30931941791977685,-0.3171836540333332,0.3477198685322037,0.4926777056082771,-0.1158895646,-0.1935574138072431,0.48750159979165747,-0.4590735341999999,0.3533585711922741,0.53913411812274,-0.1158449237666666,-0.17295024549882887,0.5415380999167523,-0.5331506445666666,0.33255799400500946,0.560745277587783,-0.1281476302333333,-0.13683496092618638,0.5820553854941608,-0.5176238914333332,0.3492168711614046,0.4929189528832503,-0.1230285114999999,-0.17895592657917217,0.5094182534388976,-0.466944575,0.0772102085643608,-0.16690885554912815,0.0552397957899999,-0.07610264998648411,-0.18941022181935233,-0.0524659623333333,0.09059594148925221,-0.4900628582107562,0.1376777589,-0.031114921790595388,-0.4463311995330274,-0.0545114363333333,0.0847741548467272,-0.7509574673932365,0.3289469282,-0.06766880426138827,-0.7553499384614406,0.1519935701999999,0.0650161219683888,-0.7787713107741968,0.3560653151,-0.06920250360067945,-0.781650196395255,0.1353401326333333,0.08521274643347203,-0.8249312159420026,0.3233482004666667,-0.06888055011314359,-0.8224558948559302,0.0525948360266666,onweer_g_ch1_g19_compr.mp4,ch1g19,1.8832589418962428e-05,6.575957767372588e-05,2.4597165201790302e-05,5.409975076141059e-05,4.8090073280253856e-05,6.767201728772632e-05,2.4174420499499525e-05,2.8794691988345757e-05,7.31750892899441e-06,1.745003306406662e-05,2.125057203850328e-05,3.853099008298515e-05,2.3107552374026013e-05,2.4779875180835732e-05,4.1207210797615414e-05,3.926182977505665e-05,3.8740007115467454e-05,2.371882936960293e-05,3.619771521608429e-05,2.2988292781958573e-05,7.101696616692484e-05,2.4852272284110815e-05,2.3469612284183734e-05,2.18700007265417e-05,4.743171174679768e-05,3.1164178515024464e-06,2.0336732108968104e-05,2.1248989900105558e-05,3.3016133537610548e-06,2.7643985868882847e-05,2.7536260399561565e-06,1.8003536519998283e-05,6.7001617910708e-05,9.695699501205383e-05,5.966608639835569e-05,0.0004721125344850215,0.00045376343859169984,0.00046320851258468927,0.00046119238110593877,0.0004408414145385884,0.0004341043701037207,0.0004317862226246686,0.0003383052932668927,0.0002886047900212618,0.00040905086244366466,0.0003785831420634493,-4.9662434358289875e-05,4.936113570189813e-05,-0.0005741727171345196,-0.0006034890658112346,-0.00025029634141365565,-0.0008852271355928069,-0.0001685001472867971,-0.0009361765476487317,-0.00014241730837807767,-0.0010422722298975855,-0.00021106857298630843,-0.0009358081623490889,-3.2605706482413156e-05,3.9897011335231725e-05,-0.0002917897032358759,-0.00014216862524195744,-0.00039553241351861316,-0.0003525690527293811,-0.0003786464686688948,-0.0003555048616053379,-0.0002757321210154082,-0.0002493543974168048,3.7550555094077245e-06,1.0241508913720355e-05,3.2780302191706105e-06,9.934951668440841e-06,5.086148602613011e-06,1.059903314173003e-05,3.310965933864809e-06,3.1444875326900873e-06,-7.486042429401761e-07,-1.5448684919348383e-06,7.275169447902653e-07,-9.855691352992723e-07,2.6328676014507777e-06,3.3052493285178335e-06,4.318180551451872e-06,-1.7851380939033444e-06,3.05242609322111e-06,1.6146880635896156e-06,-1.1717418867248415e-06,2.5727533304815633e-06,1.1819771935437124e-05,3.1892346261747424e-06,2.676619455334597e-06,3.4479284286942564e-06,5.149599364554051e-06,-5.49142351436492e-07,2.8189911248034595e-06,8.946348286520472e-07,5.974272534285501e-07,1.9570357937289686e-06,-4.998440784775395e-07,1.923074330214867e-06,1.1483194771562522e-05,7.181007745115784e-08,5.723514877384076e-06,-7.236825137013083e-08,3.471546192633224e-06,1.2501530038661918e-06,5.63055710882638e-06,-1.1122266174429636e-07,1.0001067191702825e-06,-1.2075424996261951e-08,3.023144645789746e-08,-6.43324316882088e-07,6.203978985698613e-09,-4.3894452179891244e-08,-8.98828494716765e-08,-1.1963461622498178e-06,-2.1266893519747662e-08,1.3400079700167668e-06,-5.417132685589486e-07,8.982802299019744e-08,-6.060480037162497e-08,6.154876652760491e-06,2.0207176567146756e-07,-5.109192694205837e-08,8.35799194899342e-08,1.2136820491372574e-06,1.2052431271915876e-07,9.571779523977794e-08,-8.175506522287508e-07,3.776340106403035e-07,-4.5477428303648675e-07,1.0540149117161566e-07,-5.331755499742023e-07,6.823416342783303e-06,6.849079407344655e-06
2716.666666666664,-0.01790703828900773,0.3351037463468166,-0.3485758581333333,-0.0020900368315052748,0.34972813454428475,-0.3404303688333333,-0.004239021159161882,0.3514593839620326,-0.3302755010333333,-0.005812958901226722,0.35106333580227567,-0.3317705422999999,-0.026885884352281605,0.36034493381920585,-0.357717222,-0.025155129613812447,0.3603732772897016,-0.3719770083333334,-0.022168528294436128,0.34968327485718004,-0.3504164746666666,0.03855441902052934,0.34010018839968836,-0.2377624406333333,-0.08220408356449725,0.3014160220132325,-0.2565407017666667,0.00882602764157284,0.322829936848409,-0.2999419979666666,-0.024514876396603855,0.29580363031095774,-0.3343855472666666,0.12051870022174814,0.25054019987666193,-0.09746965173,-0.13099804817413727,0.29080432191381084,-0.1380633959333333,0.25846904672624094,0.33177919111205334,-0.0938690774466666,-0.19743418667253884,0.30861924110529876,-0.3164544229666666,0.3476905051751564,0.49238870620449066,-0.1152614439,-0.19399331803580078,0.48637723369493396,-0.4584453678,0.35321279195866406,0.5388915613454487,-0.1152522897,-0.17328425814438816,0.5403196221020083,-0.5323127562666666,0.33231777479168734,0.5605202217835914,-0.1273912430666666,-0.13715284155623372,0.5807123632098514,-0.5167055934666666,0.34912704922685467,0.49266139131091136,-0.1223238226666666,-0.1793841687956739,0.5082273793624725,-0.46819222,0.0772346000030534,-0.16694144365139063,0.0551891596099999,-0.07612760786525097,-0.1893714187748408,-0.0524142903233333,0.09018135467613958,-0.4903473350122391,0.1374345411333333,-0.031373991517314195,-0.4464785419828855,-0.0555029841833333,0.08405784175768174,-0.7513828339469931,0.3286362485666667,-0.06809386393448273,-0.7557255857458964,0.1506376941666666,0.06427851290209653,-0.7791813040531541,0.3557470431666666,-0.0696715241143945,-0.7820309873037415,0.1339534919333333,0.08464649262284829,-0.8252220264447776,0.3230087351333333,-0.06949837402990082,-0.8227376771903194,0.0509747797966666,onweer_g_ch1_g19_compr.mp4,ch1g19,2.2409962065705044e-05,7.929803515274382e-05,2.7989956569784414e-05,6.677092501702684e-05,5.395723637440058e-05,8.173850532269944e-05,2.7581462237960154e-05,3.307809930044602e-05,6.828994695310474e-06,1.6331015328597095e-05,1.5301918780333964e-05,3.810685966312727e-05,2.5633569202981508e-05,2.8180181037947076e-05,4.3138461507422196e-05,3.833867377343796e-05,4.3256181015642756e-05,1.806266883643314e-05,3.571179076971617e-05,2.551471115920518e-05,8.672085795292875e-05,2.816821621835363e-05,2.6086160169512626e-05,2.538698565346761e-05,5.347262654958991e-05,2.5048226691578053e-06,2.313888187742435e-05,1.600604043189708e-05,3.0211392262585004e-06,2.157230211764662e-05,2.1856024074963772e-06,1.8724454431494735e-05,8.245951844893884e-05,0.00011341805411066655,6.430127362729212e-05,0.0005112463847449522,0.0004931581346700511,0.0005027579803624689,0.0004993958300784699,0.00047825536797497663,0.00047206958145184645,0.0004701916670025975,0.0003740859888136849,0.0003176092051066853,0.00045274914277946833,0.00042046593588182117,-2.609779721614604e-05,3.074653530661286e-05,-0.0005910396239361971,-0.0009023525417215625,-0.00025028103427534063,-0.001252259921974223,-0.00018215105091356676,-0.0013308839576095307,-0.00016342312637769298,-0.0014219568590377524,-0.00021414166950471184,-0.0013043601495213671,-3.231485416603411e-05,3.886874806885182e-05,-0.0003630475908706355,-0.00014829492000700744,-0.0004920665148134183,-0.00038273522853902845,-0.00047034997606141665,-0.0003876781407172618,-0.00035437210184361865,-0.00025771417796084385,3.517102549664101e-06,1.5968667172819632e-05,2.983244194558883e-06,1.341046555275306e-05,6.2794402068703966e-06,1.6150680781320436e-05,2.9723366389807223e-06,4.1658428145933005e-06,-6.965654107564248e-07,-1.3380716953428837e-06,-1.9971374485270265e-07,-8.024278483234345e-07,2.4551448851136948e-06,2.9954922431396794e-06,3.0810334435695243e-06,-1.8931601466755776e-06,4.320858244460621e-06,6.963987740647615e-07,-8.972921469624684e-07,2.3791969457511537e-06,1.7822429057743e-05,3.2455814818240656e-06,2.483379097134068e-06,3.3312876061386524e-06,6.332438599058393e-06,-4.025968035855067e-07,2.810953434234357e-06,-2.180932452444032e-07,9.87309538390169e-07,1.16224571282543e-06,-3.673043494101197e-07,1.2591828829334912e-06,1.830729553121494e-05,-4.3940423018594927e-07,5.635557502455696e-06,-4.156417036068504e-07,2.9637924295737245e-06,7.638814903146548e-07,5.497351292773394e-06,-4.6971440429295574e-07,6.809574025807787e-07,9.874902213704956e-09,2.0544612396737565e-07,-3.7097877263955153e-07,1.745854085581857e-07,-2.1915615498380498e-07,-4.2893762304166045e-07,-1.084867815356121e-06,1.1306331849103646e-07,7.992516026157806e-07,-4.931639340172972e-07,2.5579380668030884e-07,-2.236213305919482e-07,5.97844845601156e-06,-2.7137448424739175e-09,-2.403813240765932e-07,-2.0490083346951745e-07,7.548541355120545e-07,1.741443205163964e-07,-3.6478725747081154e-08,-5.305412898056686e-07,5.210546892566568e-07,-3.9494168655543835e-07,1.6246588639268488e-07,-7.050535180861311e-07,6.69901001765644e-06,6.480893932635175e-06
2733.3333333333308,-0.017766849365727224,0.3355983021128538,-0.3470330584666666,-0.0020285366928610546,0.35021148982359934,-0.3388939677333333,-0.004162134173623773,0.35195178275948286,-0.3287526132666666,-0.005738800531602441,0.35155179723165036,-0.3302578191333333,-0.02678185733608104,0.36080485563286285,-0.3562868217666667,-0.02505266334417948,0.3608267963996523,-0.3705080767000001,-0.02206685097050803,0.3501359557049948,-0.3489847571666666,0.03850018594716154,0.34051195870519085,-0.2363195999333333,-0.08218703153299481,0.30172637629214244,-0.2553909798333334,0.008910661214859972,0.3232931213843347,-0.2984369072,-0.0243922146667687,0.2962197145250499,-0.3329601051666667,0.12054145089508342,0.2505965243120131,-0.0962997481466666,-0.13106541891268933,0.2908341273836748,-0.1367558910666667,0.2587530515729353,0.33126253596514377,-0.0929243140266666,-0.1979811776417529,0.3075232988008539,-0.3153979793333333,0.3476657504590482,0.49222289165973615,-0.1146398568666666,-0.19432968693943808,0.4848890361625199,-0.4575161055666666,0.35305058511966453,0.5387894774761042,-0.1146771483333333,-0.1734787460220489,0.53873417933018,-0.5311822627666666,0.33205704659737634,0.5604345126959159,-0.1266585967,-0.1373637199940773,0.5790433427360179,-0.5155478000666666,0.3490391661343705,0.4925345041607936,-0.1216346156666666,-0.17972749287967857,0.5066911180755956,-0.459691077,0.07725335387305228,-0.16697313269564526,0.0551379682933333,-0.07614531882407329,-0.18933417977552106,-0.0523625321333333,0.08974639818173348,-0.49068723667369024,0.1367765083333333,-0.03155447187346718,-0.4466211437039188,-0.0565297572633333,0.08327791996228226,-0.7519013611917114,0.3277225838666666,-0.06852098102574683,-0.7561237668920425,0.1492433517999999,0.06347600440127737,-0.7796812869419558,0.3547929337333334,-0.07015308894970995,-0.7824407114046814,0.1325135492666666,0.0840931453993575,-0.8255748042311112,0.3220068049,-0.07013956047188827,-0.8229976293218538,0.0493472253633333,onweer_g_ch1_g19_compr.mp4,ch1g19,2.54771790025792e-05,9.614286334775525e-05,3.073639169111206e-05,8.191866081079074e-05,6.172152472259704e-05,9.850383584008081e-05,3.0399313504392376e-05,3.8388825506380395e-05,6.032011231286137e-06,1.5814001656988408e-05,1.083143851326822e-05,3.7230127631393255e-05,2.7827541913255833e-05,3.0928612615479544e-05,4.423095716495357e-05,3.625755997476089e-05,4.947464405347506e-05,1.3496812245149201e-05,3.4909575797468184e-05,2.7726389571736437e-05,0.00010509459219065758,3.137916067910337e-05,2.8364953647952014e-05,2.871772654315933e-05,6.127834285295663e-05,2.1152943105339516e-06,2.6020854188542844e-05,1.1918299756536087e-05,3.90081456922491e-06,1.7080566326717387e-05,1.8246029447880798e-06,1.818288879700825e-05,0.00010188362580322906,0.00013435974323640668,7.052456157370761e-05,0.0005389807063184881,0.0005230200122493731,0.0005319410786617866,0.0005278713048098675,0.0005005686891077491,0.0004943889175319758,0.0004932248690329205,0.00041072279988439074,0.00033301959971492886,0.0004901660951883577,0.00045106300687517407,2.4905899960416783e-05,-5.110404206821489e-06,-0.0005796484421180754,-0.0012400080506381106,-0.00020198733579738425,-0.0016193904820092895,-0.00013688391894424028,-0.0017144084456649296,-0.00012833868462534259,-0.0017852999434848358,-0.00016631380791645958,-0.0016665308248072586,-3.100838444930587e-05,3.67588767338891e-05,-0.00044394388067556706,-0.0001602460923632819,-0.0006058438775205535,-0.0004225813630137897,-0.0005813756416096032,-0.00043130497964886743,-0.00045349774120513424,-0.00028209030102666093,2.7253193588273815e-06,2.1313990326372642e-05,2.3849344176156825e-06,1.609688924410866e-05,6.874263829798259e-06,2.1313931662312586e-05,2.3135824706323274e-06,4.779360987487017e-06,-5.000744086271357e-07,-9.049985622333209e-07,-2.0579713108961307e-07,-5.112339648937299e-07,2.153237394674599e-06,2.3853448631558257e-06,2.5289931708695863e-06,-1.8647928866781542e-06,5.017373864170614e-06,4.499232015192335e-07,-5.028383308078734e-07,2.077456520437073e-06,2.3432037057694612e-05,3.1410173879389116e-06,2.155732631770785e-06,2.9526237608390273e-06,6.9402912926556675e-06,-2.04537379098259e-07,2.7094071423724126e-06,-3.4252507387924e-07,1.5956036553967852e-06,9.436931874262666e-07,-1.7990089062626452e-07,4.984076227704852e-07,2.4710337310469807e-05,-8.243475494278691e-07,5.3051483985293785e-06,-6.550052224688573e-07,2.2667532860223792e-06,8.487393452985676e-08,5.169578271650944e-06,-7.206808706390348e-07,2.116811290372095e-07,1.0415855278208792e-07,3.286833527816061e-07,3.6708379674351227e-07,3.799748449552185e-07,-3.3576856295564715e-07,-6.638049911056141e-07,-5.018329560692216e-07,3.7097441013575964e-07,1.011389042257652e-07,5.8468725541125245e-08,4.4053981085432193e-07,-3.294962883594906e-07,5.596843718479456e-06,-1.7212323732731973e-07,-3.677707427087062e-07,-4.3163027532738676e-07,1.006043292796906e-07,2.1252324018339862e-07,-1.4484066784158436e-07,2.5226120300820334e-07,6.472746655690985e-07,1.412148848467938e-07,2.0448577843360867e-07,-7.302959700449746e-07,6.2562871730758294e-06,5.796399056349761e-06
2749.9999999999973,-0.01758350188237613,0.3360927275060614,-0.3456057189333333,-0.0019323984514013418,0.3506997042277615,-0.3374721952666666,-0.004048697092975528,0.35244795879595986,-0.3273437104666666,-0.005629793539628876,0.3520442249849603,-0.3288567662666666,-0.026644909408169846,0.3612598518918418,-0.3549577782666667,-0.024915639759437492,0.3612761208831484,-0.3691450555666667,-0.021933824606432638,0.3505839342126517,-0.3476550222666665,0.03845650103044473,0.34093456150359697,-0.2349777404333333,-0.08215289488678712,0.30203552385774896,-0.2543027400666667,0.009034270335835483,0.3237583401766005,-0.2970397773,-0.024233865342843938,0.2966365569081694,-0.3316311093333333,0.12060207431803834,0.25066774812364523,-0.0952105192033333,-0.1311350820520729,0.2908109239641766,-0.1354513915,0.2592116827784732,0.33055014337945793,-0.0924854002666666,-0.19851875023878873,0.30601675520156507,-0.3143591439,0.3475972365214281,0.4919574739024335,-0.1152241835333333,-0.19447377564248655,0.48305508879967685,-0.4566625322666667,0.35279747528923794,0.538602584094467,-0.115518491,-0.17342193731209124,0.5368045967937798,-0.5300433908666666,0.3317086329707691,0.5602600326313374,-0.1271682452333333,-0.13733668396783238,0.5770547080822577,-0.5143388519666666,0.3489009784526049,0.4923136395815293,-0.1221155119333333,-0.17987508318369272,0.5048103941077126,-0.463323921,0.07726961536098961,-0.16700261558922766,0.0550661969766666,-0.07615902894060272,-0.1892992907608908,-0.0522934604066666,0.08925922629714328,-0.49114911267916306,0.1359086619666666,-0.0317528481515003,-0.4467664109647703,-0.0575190985,0.08240276452220387,-0.7524980229798981,0.3264212982666666,-0.06893985747940881,-0.7565093334307404,0.1478874007666666,0.06257059591892403,-0.7802537179350154,0.3534259509,-0.07062258076935062,-0.7828336892714371,0.1310963054666666,0.08334606292188611,-0.826043045494904,0.3205406826333333,-0.07069419450464944,-0.823246946592088,0.04772584898,onweer_g_ch1_g19_compr.mp4,ch1g19,2.7662506508985406e-05,0.00011680530756706438,3.184084037125453e-05,9.815986743954724e-05,6.997771937669836e-05,0.00011884535549408894,3.158375843054415e-05,4.3866708059134406e-05,5.139325214861213e-06,1.544236225207136e-05,1.1306452284819876e-05,3.6665067854332717e-05,2.8677980255554737e-05,3.203481549495855e-05,4.4419257197299173e-05,3.4125765477678087e-05,5.574239971458294e-05,1.5180367287415229e-05,3.439792582937315e-05,2.8564623311876054e-05,0.00012737843689216563,3.342324898896848e-05,2.9196902132560728e-05,3.088285521682005e-05,6.954161663228617e-05,1.9818934848476967e-06,2.8015421597878606e-05,1.1491913651928122e-05,5.864394044376803e-06,2.0189725726132935e-05,1.7079275678357241e-06,1.7487059062371998e-05,0.00012588064710480337,0.00015932348835287654,7.758384977039306e-05,0.0005374599905260818,0.0005288709125752095,0.0005360860052257945,0.0005324102706557539,0.0004920019110135668,0.00048523248801887145,0.00048428624334126126,0.00044506257855250796,0.0003250213458695288,0.0005073625929210477,0.00045417798613416955,8.232602319337142e-05,-5.502604603063396e-05,-0.0005990166433773221,-0.0015850869577307787,-0.00018306342752400138,-0.0019771972470940323,-0.00011022401114041321,-0.0020820674138108037,-0.00012166854073489293,-0.0021312251246750247,-0.0001494790458938599,-0.0020155529879194688,-2.9554740818481313e-05,3.452342155283074e-05,-0.0005275241482783276,-0.0001785707525999794,-0.0007238510440858903,-0.00046867184400662526,-0.0006973747645043318,-0.0004823544111450556,-0.0005571110250255479,-0.0003157545625457505,1.5865556203364973e-06,2.6135214070633615e-05,1.5746658612580396e-06,1.7839195292237317e-05,6.72877135369888e-06,2.597029973126721e-05,1.4329109710723099e-06,4.793528810138073e-06,-2.2295722189606457e-07,-4.086079740307959e-07,7.010864564140767e-07,-1.695189572436153e-08,1.7535521909845543e-06,1.5675904750085676e-06,2.5320361743253e-06,-1.428374282929553e-06,4.848557014048114e-06,9.160624610092426e-07,6.230154007703253e-08,1.6930560548827692e-06,2.8484932041628986e-05,2.902985172803602e-06,1.7254284590129567e-06,2.4024973382856764e-06,6.829288188872445e-06,2.7486953121583772e-08,2.537283947952194e-06,5.152873474132232e-07,2.4085011387671992e-06,1.4281596520533992e-06,4.460831304920323e-08,-2.6509443891531593e-07,3.0446470283856436e-05,-1.0203023282532889e-06,4.673814893711206e-06,-7.425006847191251e-07,1.477690328233748e-06,-6.615609471683864e-07,4.569791173769792e-06,-8.111894498467023e-07,-3.2539392844339754e-07,2.2811665517483842e-07,4.119496359292052e-07,1.1799182079154984e-06,5.879825969473909e-07,-3.7270378907781176e-07,-7.474854582470416e-07,3.234966706522381e-07,7.030074733006859e-07,-5.996036361154397e-07,7.025694814912074e-07,6.173291490522802e-07,-3.555397956013476e-07,4.9101693564762394e-06,-2.767128912689347e-07,-4.0682191161770067e-07,-5.536991207991623e-07,-6.286175875856923e-07,2.2939307413380926e-07,-2.1040208181137658e-07,1.1609643494779292e-06,7.112177053375803e-07,7.18174140909641e-07,2.2504312128018945e-07,-6.672725778396543e-07,5.4291222253682856e-06,5.047831483272203e-06
2766.666666666664,-0.01733633173888081,0.3366096535174599,-0.3441468863,-0.0017985072944478068,0.35121281046674785,-0.3360125510333333,-0.0038960954780601176,0.35296755463481605,-0.3258953761999999,-0.005480585049253599,0.3525610726468902,-0.3274216890666666,-0.026462534052495677,0.3617343917840343,-0.3536331932,-0.0247320682609209,0.36174427696583344,-0.3677861968333334,-0.02175421508418488,0.3510507477210249,-0.3463292578999999,0.03840338082824046,0.34139465539452524,-0.2335568545999999,-0.08211190190459809,0.302354083421243,-0.2533004201333333,0.009195746026512738,0.32425233200368664,-0.2955876591333333,-0.024026704557269653,0.2970727333446764,-0.3302895567999999,0.12065402650431638,0.2507682117511343,-0.0939703584033333,-0.1311933236340333,0.2907726814770977,-0.1341514874666667,0.2597264484769258,0.32984517901513,-0.0919474412766666,-0.19899109668887296,0.3043317160202434,-0.3132819985666666,0.34753318981839165,0.49170124618620564,-0.1157648185,-0.19413180731013946,0.4810028785115565,-0.4558176980333333,0.3525332995753893,0.5384335681978596,-0.1162963857333333,-0.17275159578086477,0.5346463004962964,-0.5288843308666666,0.3313326381302433,0.5600833276819598,-0.1276389744,-0.13676914105548021,0.5748522044763344,-0.5130824615666665,0.34875975932385334,0.49209887617056663,-0.1225618682666666,-0.17954561746564598,0.5027230984073411,-0.477224618,0.07727494343070278,-0.16703130863098423,0.0550050803599999,-0.0761609358683374,-0.189265364076395,-0.0522372338866666,0.08876413641125949,-0.491696185828137,0.1350231636999999,-0.0319018195814235,-0.4469179165126395,-0.05848248142,0.0815244760838237,-0.7532015510706958,0.3247165537666666,-0.06926859656544714,-0.7569069608425179,0.1465209160999999,0.06166075714143184,-0.7809288626802685,0.3515991271333334,-0.070997059500496,-0.7832412919054462,0.1296647745,0.08262608121401832,-0.8266260329426265,0.3186247976333333,-0.07114285472128501,-0.8235024621313699,0.0461154163533333,onweer_g_ch1_g19_compr.mp4,ch1g19,2.8910911288367035e-05,0.00014513869532189623,3.280262259436399e-05,0.00011660452185398294,7.722446746602454e-05,0.0001467923080600489,3.2450081845626924e-05,4.8904589302709866e-05,4.594633536235532e-06,1.5304185980135915e-05,1.5037459495207303e-05,3.627983665851243e-05,2.999164422276877e-05,3.299890347534504e-05,4.742519652757923e-05,3.1891662451543765e-05,6.030773531046552e-05,1.9773196839751166e-05,3.4155281527441334e-05,2.9817450536827348e-05,0.00015788648221659447,3.598121002198514e-05,3.0411242811339158e-05,3.296718082876407e-05,7.691814723713778e-05,2.151015683464927e-06,3.0360971509574147e-05,1.4619468666426179e-05,8.715235914961718e-06,2.532223512558004e-05,1.8898528777461322e-06,1.6762398577636607e-05,0.00015882698828045477,0.00019267779718043886,8.416046952466925e-05,0.0005089554995004103,0.0005126513889466864,0.0005167485105583633,0.000514275150602624,0.00045729562116333494,0.0004491697824268488,0.00044823039019726614,0.00047351481445039224,0.0002928893310327331,0.0005034363417135044,0.0004315827788686858,0.00012966997693381592,-0.00011843365042610895,-0.0006521304337176537,-0.0019350537249012117,-0.0002085827890330548,-0.0023681173960806473,-0.00012363887605616256,-0.0024868408945878406,-0.00015477018727144673,-0.002515045864036067,-0.00017650915718054745,-0.0023987622577883276,-2.8221585847533527e-05,3.235237157469801e-05,-0.0006012862830924882,-0.00019834560845161827,-0.0008257206667444107,-0.0005125253057327111,-0.0007969121147508476,-0.0005311850762705072,-0.0006423681354535105,-0.0003487110756538798,3.613116311204149e-07,3.0328466720192565e-05,7.298394955710103e-07,1.8756691494174795e-05,5.702998169559857e-06,3.005652092163189e-05,5.238011933541199e-07,4.1841302648543665e-06,1.0146481186072971e-07,5.941819142764077e-08,2.784756507892843e-06,6.794392897774511e-07,1.3342130522389401e-06,7.207021084873845e-07,3.4684680274455813e-06,-5.643573153708467e-07,3.829544853965815e-06,2.456784241374157e-06,7.827788434939211e-07,1.2987087670850623e-06,3.285413499701709e-05,2.55495291593185e-06,1.272463364971839e-06,1.7771210265718975e-06,5.853805784014953e-06,2.6907330875923136e-07,2.3049886890806146e-06,2.6059681068991223e-06,3.3316717351670432e-06,2.942823008211862e-06,2.8368688277650865e-07,-8.918149087233067e-07,3.529708754234114e-05,-1.0060094551977969e-06,3.6116068072052646e-06,-7.258982781750969e-07,6.199786587680514e-07,-1.338588395478253e-06,3.5553964214443415e-06,-7.806022532645415e-07,-8.318950111245285e-07,3.287177610669592e-07,4.5562435284155583e-07,1.8722184340005593e-06,7.735574020893331e-07,-4.013738936960779e-07,-7.283261625861387e-07,1.0696396076188201e-06,1.0573854577551912e-06,-1.1674115456281288e-06,1.3090984161753835e-06,7.635421249834528e-07,-3.7245747826507546e-07,3.769892200151797e-06,-3.7629431210829397e-07,-4.284793966285903e-07,-6.034134623211964e-07,-1.3006492465081529e-06,2.1964391491179628e-07,-2.838357639532311e-07,1.9406761692933607e-06,6.855455867289692e-07,1.2767969874391813e-06,2.1865116552847522e-07,-5.555224997447824e-07,4.082620026749843e-06,4.282339331653826e-06
2783.3333333333303,-0.017013354571661445,0.3371501911888198,-0.3425650456,-0.0016277541179716723,0.351748699336277,-0.3344394622666666,-0.003703230308505235,0.35350845081001925,-0.3243318249333332,-0.005290097914698431,0.3530986056261356,-0.3258753240333332,-0.026229151520614582,0.36221879316167094,-0.3522236268,-0.024497965254081926,0.3622210710988646,-0.3663436025,-0.021523739397623035,0.3515253303466926,-0.3449203550999999,0.03833527919004918,0.3418635270556837,-0.2320479342333333,-0.08205856969004677,0.30265003589016126,-0.2522883506666667,0.009411908014077824,0.32476643491880197,-0.2940173141666666,-0.023751647700099507,0.29752259621279126,-0.3288503797999999,0.12069963987271891,0.2508728461658015,-0.0927477414566666,-0.13125538204422663,0.2906137398757822,-0.1327504708566666,0.2602402225872483,0.32910376108132255,-0.0914600814166666,-0.19941838096092393,0.30214552671168593,-0.3120040610666666,0.34741211587869675,0.4914411339256226,-0.1163852447666666,-0.19342239229010122,0.4784353828630579,-0.4545465445333334,0.35217046112845773,0.5382697964847246,-0.1172100094333333,-0.17160803006254888,0.531983300418666,-0.5272137815333333,0.3308704528430304,0.5598942365419904,-0.1281683384,-0.13575664976758087,0.5721737705538485,-0.5113150477666666,0.3485531091847277,0.49187734715007775,-0.1230712165333333,-0.17884022542355507,0.5001387653980237,-0.47687614,0.07727721581397386,-0.16705929860845822,0.05492782467,-0.07615964988801063,-0.18923281094412153,-0.0521673473166666,0.08823112242126672,-0.4924232487443936,0.1339817262666666,-0.03207447586703389,-0.44715492925752515,-0.0591676838733333,0.08058256646205803,-0.7541290360436425,0.3231853154,-0.06957064845902712,-0.7574698524947925,0.1453872715333333,0.060690926170152516,-0.7818167932913247,0.3499956787333333,-0.07133424729185492,-0.7838219128333401,0.1284605237333333,0.08186428999444169,-0.8273770310927167,0.3169761242,-0.07157635769727427,-0.82387294363899,0.0447670980066666,onweer_g_ch1_g19_compr.mp4,ch1g19,2.930626492373209e-05,0.00017873773820192718,3.372022696141431e-05,0.00013570736535126586,8.206603429224248e-05,0.00018007411772761434,3.3078980553361385e-05,5.263831727425693e-05,5.078202627130105e-06,1.5195555293316013e-05,2.1039144062788774e-05,3.691921014008005e-05,3.164316262219656e-05,3.389700146493854e-05,5.314874839468123e-05,3.083144148777775e-05,6.272513240831937e-05,2.556444536529273e-05,3.489691695943203e-05,3.132447729540655e-05,0.00019438195073621836,3.883786284047695e-05,3.1994896741930954e-05,3.478664065245467e-05,8.196071019615616e-05,2.62772253270874e-06,3.279782656866706e-05,2.0434659725738148e-05,1.2654173433987218e-05,3.153162577600584e-05,2.374084353348339e-06,1.662314637920518e-05,0.00019812464234918487,0.00023152976664383878,8.908059737749737e-05,0.0004470682283155001,0.0004638173070881167,0.00046397550487959927,0.0004630871043350702,0.00039273801612867295,0.0003822607026521471,0.00038203689602009936,0.0004810606389342418,0.00024043433190537353,0.00046848197807647157,0.0003803054779667444,0.00015062126769245472,-0.00019234605521752367,-0.0007471413617752041,-0.00227140160509979,-0.0003001982803470603,-0.002757194209138436,-0.0001997800145653707,-0.0028933907413889156,-0.0002525304527991089,-0.0028997185076845454,-0.0002688177117667554,-0.0027813832351319214,-2.8147384624656828e-05,3.1452988431522045e-05,-0.0006614917694763871,-0.00021857531249986796,-0.0009104601129299228,-0.0005529958634162615,-0.0008794230263204472,-0.0005755451868851684,-0.0007089285975384256,-0.0003773214896780248,-6.342200046293528e-07,3.337266059172991e-05,7.480022417206514e-10,1.8611156212335238e-05,3.977616324319769e-06,3.3089906439440476e-05,-2.5575036703984295e-07,2.9527995729978155e-06,4.6589337148491694e-07,3.772133714602951e-07,5.738181092995039e-06,1.3660656088859862e-06,9.387417770625093e-07,-9.24967735946924e-09,5.120678486362304e-06,5.171798833766895e-07,2.2020369037568985e-06,4.8105838462381495e-06,1.432558227002806e-06,9.352980790341931e-07,3.607959738722236e-05,2.142831134707076e-06,8.469533702994933e-07,1.1814493878151995e-06,4.150571864563242e-06,5.00050088968213e-07,2.017007455771737e-06,5.638541800535118e-06,4.0935133213678065e-06,5.272493846930065e-06,5.148979038725809e-07,-1.320511270434437e-06,3.8695872495387544e-05,-7.885242060132573e-07,2.215663561219354e-06,-6.25483701604813e-07,-2.0834631283843572e-07,-1.8147300955623653e-06,2.207414855040626e-06,-6.486961550569461e-07,-1.2109952282470759e-06,3.608631031652686e-07,4.7120480585182943e-07,2.256129728953402e-06,8.741379768665717e-07,-4.364076141670739e-07,-6.264335764459518e-07,1.5523529884410745e-06,1.3262196483031207e-06,-1.5097380117339458e-06,1.7146335065901984e-06,8.287567745090794e-07,-3.953749274066974e-07,2.2615638948188096e-06,-4.7643618081307784e-07,-4.509972702421242e-07,-5.867680491015209e-07,-1.7806881218343772e-06,1.8416106463569674e-07,-3.722820262575684e-07,2.3852489249768095e-06,5.426858348529179e-07,1.6454895893130797e-06,1.862704077403781e-07,-4.3917485436311335e-07,2.3468269607899638e-06,3.612725486030396e-06
2799.999999999997,-0.01669789668068816,0.33765892557891264,-0.3410217760666666,-0.0014887726429531174,0.3522653152941602,-0.3328797169999999,-0.003537621157125583,0.3540257312377112,-0.3227841257666666,-0.005125560754582236,0.35361423342600057,-0.3243406021666665,-0.026027640386302554,0.36266504234991964,-0.3508211930666667,-0.02429572384898458,0.3626543308542069,-0.3649086494666667,-0.021328257319230683,0.351956922124458,-0.3435190807,0.03825535487431186,0.3423448514516012,-0.2305421082999999,-0.0820207531370908,0.3029101259979395,-0.2512805463666667,0.009638963490508152,0.32527525111705935,-0.2924863261333333,-0.023471308616659418,0.29794874108748143,-0.3274561576333333,0.12075070057296078,0.2509810601593076,-0.0915743773366666,-0.13131775225157527,0.2903668589567346,-0.1313345163433333,0.2607490702853651,0.3284019588798213,-0.0913540224,-0.19977102077101355,0.2997606472098459,-0.3107087587333333,0.34722421984681945,0.4912109515336218,-0.1173008448666666,-0.1922789321048893,0.4755848458290789,-0.4530803507333333,0.35170912688054695,0.5381469591817626,-0.1184508740666666,-0.1698930746759233,0.529015790372228,-0.5252930738999999,0.33033086259711203,0.559711048795798,-0.1289255031333333,-0.1342380594730079,0.5692267498795941,-0.5092571685999999,0.34828543907314796,0.4916763254526901,-0.1238470047666666,-0.17769765841085097,0.4972790076520543,-0.479961574,0.07727247242109563,-0.1670894065655827,0.0548075448566666,-0.07615069835975441,-0.1891996273081489,-0.0520609284399999,0.08766076021719696,-0.49315938842228546,0.1326341444866666,-0.032223501607059384,-0.447393036665398,-0.0595863492566666,0.0795186645710787,-0.7551428060200228,0.3211534834666667,-0.06968846950086509,-0.7580739733467584,0.1444546481,0.05960160841760617,-0.7827904653760279,0.3478594969333333,-0.07145406513607146,-0.7844484005577239,0.1274591917666666,0.08106405676676275,-0.8281437991814428,0.3145936788666667,-0.071816945993476,-0.8242652638675761,0.04363293151,onweer_g_ch1_g19_compr.mp4,ch1g19,2.8380509467395113e-05,0.00021428046587302613,3.388571879685681e-05,0.00015412879194095217,8.432584551222865e-05,0.0002153884685797445,3.287339170596607e-05,5.461501837416994e-05,6.082251809317732e-06,1.5493990663317038e-05,2.9110103913721802e-05,3.879155159004237e-05,3.3168234163800294e-05,3.405386888015456e-05,6.0246751083278856e-05,3.153053651533567e-05,6.339781240377917e-05,3.214655367590588e-05,3.676327553627471e-05,3.277937022798939e-05,0.00023291640202198556,4.128329036754312e-05,3.340335092291582e-05,3.596392142305013e-05,8.446443259379363e-05,3.2828936322786553e-06,3.5013349218763e-05,2.8504236646051056e-05,1.7371701653440668e-05,3.860318384577624e-05,3.043567508625554e-06,1.631392179461195e-05,0.00023945176391864618,0.0002722388015746526,9.211828700940743e-05,0.00035908177815134184,0.0003894892996385894,0.00038536537922684576,0.00038595525893837075,0.00030446721103599353,0.00029123913731420796,0.0002926444014752383,0.00046931099302700683,0.00017150476834494903,0.000407059550128759,0.00030535531934548413,0.00014307171288512757,-0.00027315360638004534,-0.0008728747160456268,-0.002564607176555835,-0.00043921081969129335,-0.0031087311990735007,-0.00032050393202177186,-0.003265847209096544,-0.00039760093490810494,-0.0032533464803425317,-0.00041075208609914644,-0.0031287838438437284,-2.8731456390452015e-05,3.092568149399604e-05,-0.0007028291499117523,-0.00023780068419434924,-0.0009700386709377003,-0.0005874614237086852,-0.0009368844432586488,-0.0006134152890514861,-0.0007617718841156487,-0.0004023193880847747,-1.2348164277810876e-06,3.5264152249484646e-05,-4.759728426204263e-07,1.7914414797798074e-05,1.7003074772723886e-06,3.504436206132641e-05,-7.588464872995222e-07,1.3967287994285517e-06,7.934695111022325e-07,7.032990661825142e-07,8.797810422649327e-06,2.1429997604692156e-06,6.546178790617105e-07,-4.843234651208827e-07,7.200485814374779e-06,1.9849008806709022e-06,2.622662201777748e-07,7.27101486634063e-06,2.1264461573093014e-06,6.896078742330563e-07,3.80814043849011e-05,1.7714681764283834e-06,5.398390187691813e-07,6.977782943405945e-07,1.8856116206601396e-06,6.89075563070129e-07,1.7277553513558995e-06,8.858938439509863e-06,4.605458051553642e-06,7.687110125562797e-06,7.06040869268163e-07,-1.5414363218590664e-06,4.056373616098386e-05,-3.9281834118568477e-07,6.517125832766189e-07,-4.435741757959562e-07,-8.993628448629598e-07,-2.0472741500817814e-06,6.802739081247903e-07,-4.2397071918769913e-07,-1.3966558174274345e-06,3.321746304169566e-07,4.502487072363196e-07,2.2479885098603835e-06,8.496235676390855e-07,-4.667212911067224e-07,-4.4509822102922035e-07,1.7166462832879928e-06,1.4289597772612647e-06,-1.6156834006607255e-06,1.8427100780006686e-06,7.831588595026268e-07,-4.19899338252956e-07,5.649818169359005e-07,-5.56499115446089e-07,-4.628643915446243e-07,-5.084002712530277e-07,-2.0206944852049504e-06,1.3059974270018055e-07,-4.669657903453512e-07,2.408935587085177e-06,3.0238235248179636e-07,1.7411272289565914e-06,1.350841984390219e-07,-3.043072939441053e-07,4.383401895821632e-07,3.1596563013361067e-06
2816.6666666666633,-0.016264122461182723,0.33808648969091143,-0.3395032285333333,-0.0012804054559297851,0.3527217103526989,-0.3313588796333333,-0.0032974115592640735,0.35447724501859734,-0.3212720989666666,-0.004888645473176819,0.3540667251603225,-0.3228454871999999,-0.02575156894496184,0.3630224781993856,-0.3494623105000001,-0.024015593422098858,0.3629973870179019,-0.3635201642333333,-0.02105612476950684,0.3523013770591284,-0.3421617905333333,0.03818989309583565,0.3428316208068642,-0.2290145768666666,-0.08196565625868849,0.30309237057774585,-0.2502909672,0.009961865964186405,0.32574130305487786,-0.2909491442000001,-0.023098597559288142,0.29830529439778597,-0.3260685863333333,0.120769202938593,0.25109203593584983,-0.09011741829,-0.13132232853512743,0.29002955126010366,-0.1299455523,0.26125567414731543,0.3274691036382119,-0.0909954865566666,-0.19969240012354572,0.2971421181590781,-0.3094704265333333,0.3470038621523146,0.49073708108489994,-0.1181282077666666,-0.19039281960299878,0.47237302418877747,-0.4516819174666667,0.3511984101717222,0.5377840321236117,-0.1195775041999999,-0.1674173926849296,0.5255977393817565,-0.5234769384333333,0.32975100409730107,0.5592345971308381,-0.1296076167,-0.13200729438197595,0.5658018089380465,-0.5073029816333333,0.3479819049139565,0.4912190058075372,-0.1245452302333333,-0.17583822160196913,0.49402716301084854,-0.483125418,0.07723549391017676,-0.16711908539286346,0.05469823155,-0.07610840796924978,-0.18916863530032713,-0.0519670430533333,0.08705655738556108,-0.49390274011015967,0.1311056697933333,-0.032319043390107924,-0.4476697801370854,-0.0599805962333333,0.07847139752140532,-0.7562159331078636,0.3189427203666667,-0.06971200857680407,-0.7587275167061924,0.1435614352333333,0.05852881953592264,-0.7838336234062598,0.3455595464333333,-0.07147859473394728,-0.7851340562800756,0.1264964461333333,0.08026604393901168,-0.8289764873858898,0.3121673089,-0.07183386451645495,-0.8247365775396056,0.0427113267266666,onweer_g_ch1_g19_compr.mp4,ch1g19,2.625632687890792e-05,0.00025041238410762666,3.296073848122771e-05,0.0001717535412618788,8.462395720053953e-05,0.00025130504857605264,3.1568607236563326e-05,5.497025657830259e-05,7.692804618023393e-06,1.631435829316866e-05,4.012057580882264e-05,4.1908458295911975e-05,3.373679611441171e-05,3.3123271520056385e-05,6.929307408678426e-05,3.4376584986057016e-05,6.296013850834059e-05,4.1120634427412785e-05,3.9802509746943274e-05,3.341160882538785e-05,0.00027182247338636067,4.2891560140037584e-05,3.383209963697179e-05,3.619468791898888e-05,8.495758219667103e-05,4.085283414193249e-06,3.6627144927576e-05,3.9799066915957106e-05,2.2387283299540813e-05,4.7744714188950664e-05,3.864730574700931e-06,1.487150454184552e-05,0.00028100439926787696,0.000313992256105527,9.381913746597562e-05,0.00026739147854905283,0.0003079149746124204,0.0002994701953367673,0.0003014144288988157,0.00021097374165686576,0.00019531741204185623,0.0001992395037838115,0.0004390145941666484,9.297168299432444e-05,0.00033590683438409526,0.00022470420878065387,0.00010247012497192474,-0.00035723162473508887,-0.0010398169211204328,-0.0027977759289755633,-0.0006320437135970041,-0.003410307818641747,-0.0004982405406609609,-0.00359566989306158,-0.0005956130583623927,-0.0035707343012033417,-0.0006059162481451012,-0.003431129716288927,-3.0247503033455677e-05,3.1265494567233764e-05,-0.0007234839497938949,-0.00025534949547964937,-0.0010044668376604365,-0.0006100314630174809,-0.0009702768649734779,-0.0006378276105945399,-0.0007929956203850515,-0.00041767743892797484,-1.3585661693512762e-06,3.5555644010133295e-05,-7.010507318101916e-07,1.682560479967121e-05,-7.137955249510235e-07,3.54113429403355e-05,-9.695622612455712e-07,-2.4196353821870094e-07,1.1008487636664206e-06,1.0265677065201487e-06,1.1207534506800355e-05,2.9477523948612676e-06,3.769555743377073e-07,-7.077157376143866e-07,9.110564877005473e-06,3.6104713431903087e-06,-1.682822182657137e-06,9.304549314845483e-06,2.830550873974697e-06,4.5089248873281633e-07,3.824722894286119e-05,1.333457750358758e-06,2.6378493302831414e-07,3.0881171172656605e-07,-5.124218383556915e-07,8.035310593384105e-07,1.3360734316968191e-06,1.14807872669835e-05,4.781803229938415e-06,9.575262812874576e-06,8.2725873664632e-07,-1.5628087265630003e-06,4.0442795390247925e-05,1.1586982473154194e-07,-9.753929878937338e-07,-1.9562629936600247e-07,-1.4520124050463033e-06,-2.025144842915944e-06,-9.265801349679184e-07,-1.291942520933662e-07,-1.3768198961013996e-06,2.553788943195621e-07,3.9765912235918016e-07,1.8295397077163713e-06,6.942541476723298e-07,-4.5835969600322983e-07,-1.9895884407789454e-07,1.541832624224534e-06,1.3283994648542995e-06,-1.5129056858788603e-06,1.6349894681957802e-06,6.241508987622323e-07,-4.1515796835839923e-07,-1.19838267068887e-06,-5.929848269439355e-07,-4.3354772001004745e-07,-3.739332939131147e-07,-2.006017793554931e-06,6.670906852279849e-08,-5.440486846201655e-07,1.9925113226964137e-06,9.303127485829236e-10,1.5129104293871e-06,7.259423943349321e-08,-1.214232397981371e-07,-1.4919340065162805e-06,3.067096463666759e-06
2833.33333333333,-0.015490427410475145,0.33840353291635067,-0.3378962150333333,-0.0008094955560713829,0.35308211413491536,-0.3297457663333332,-0.002788775559353297,0.35482808905086416,-0.3196663687,-0.004383623590185713,0.354420262802155,-0.3212572200999999,-0.025182077440451322,0.36327363212294067,-0.3480146060666667,-0.023441663344160667,0.3632317368241376,-0.3620437691333333,-0.02048756923929563,0.35253825522929766,-0.3407156914666667,0.038157578613585146,0.34333426088887864,-0.2273735075,-0.08180974295151443,0.3032201027930546,-0.2492466120666667,0.010546685909077678,0.32614503166354114,-0.2893030956333334,-0.0224448579708802,0.2985833267625367,-0.3245954098666666,0.12075196302557954,0.2512089680442264,-0.0885131123233333,-0.13120634925461835,0.2896773288946104,-0.1284771769733333,0.26169793911787925,0.3264111774620566,-0.0902106197966666,-0.19909327940260368,0.29431876624686665,-0.3082312251,0.3468227121211582,0.4901211055095693,-0.1186179873333333,-0.1876228241933881,0.4688389287742584,-0.4501470362666667,0.3507887917182235,0.5373105853794402,-0.1203407001999999,-0.16400546861718202,0.5218575833213953,-0.521538499,0.32934248027820506,0.5586520850394313,-0.1299416279,-0.1288592822839283,0.5620891310167467,-0.5052431057333333,0.34776218441987217,0.4906322547840663,-0.1249103847,-0.17309680668357413,0.4904708915238759,-0.478973687,0.07716138866463645,-0.16714924685973068,0.0546308494933333,-0.07602900787748663,-0.18913825577954269,-0.0519161529799999,0.08646540256170591,-0.4946240085672708,0.12958484784,-0.03234913947618743,-0.4479472860368556,-0.0603246749733333,0.07743112010471313,-0.7572571846248327,0.3167850094,-0.06961629609710415,-0.7593792234123059,0.1426685983999999,0.057460153848617156,-0.78484545276835,0.3433222036666666,-0.0713736630257804,-0.7858177117899456,0.1255242265666666,0.07950265719725141,-0.8297912758095815,0.3098663987333334,-0.0715695269413511,-0.825205999476437,0.0418403164766666,onweer_g_ch1_g19_compr.mp4,ch1g19,2.3831206220630097e-05,0.0002857393156300236,3.1532312917869183e-05,0.00018795677821615214,8.257021800038604e-05,0.00028653807126087055,2.9830756408438147e-05,5.383275695219419e-05,9.373381359091814e-06,1.7712111910718532e-05,5.247823728847263e-05,4.566025677849201e-05,3.348151677299681e-05,3.1680601084200536e-05,7.980462448490996e-05,3.934429540912576e-05,6.0524583995589645e-05,5.092437066726801e-05,4.342696960041477e-05,3.3299674853798977e-05,0.0003097525484420165,4.358763387989966e-05,3.3481436767540795e-05,3.579504040379208e-05,8.309768060452938e-05,4.935224627272969e-06,3.7423662984163036e-05,5.266046361899166e-05,2.7402109815834207e-05,5.773586311317414e-05,4.742099656309703e-06,1.2731059105061036e-05,0.0003208569806906869,0.0003551290040138297,9.376100581013263e-05,0.00019119143522604984,0.00023780530058096675,0.0002257294521352037,0.000228861796099653,0.00013122510277697075,0.00011319986664260002,0.00011990876753201404,0.0004054191670639933,1.6446029823202943e-05,0.0002730661538468162,0.00015407835327489427,3.753707599831382e-05,-0.0004357109515848111,-0.0012371695764504906,-0.0029656277083954688,-0.0008518358557597996,-0.003646383500506998,-0.0007016051982821242,-0.0038571691369388072,-0.0008171900692961397,-0.003830186894276178,-0.0008263753168924353,-0.0036713196389732876,-3.29191647082197e-05,3.281846120849997e-05,-0.0007212226486285385,-0.00026974400991209446,-0.0010071165202013932,-0.0006145193071441355,-0.0009723238530750575,-0.0006426448789867974,-0.0007977309790426813,-0.0004189246074022534,-9.993354243825985e-07,3.393933118577074e-05,-8.215555735646026e-07,1.5339165308294468e-05,-2.856588175737228e-06,3.388307205289258e-05,-1.0110932112366646e-06,-1.6667308312257684e-06,1.3551536826430222e-06,1.3815646230848921e-06,1.2664121768085128e-05,3.71366841032132e-06,-1.3491317375609939e-07,-8.307727856917407e-07,1.0543392952149471e-05,5.135858476966975e-06,-3.2308199944059235e-06,1.0665227968888896e-05,3.5096781184156e-06,-2.1862740504073805e-08,3.6355736179271826e-05,6.013003331202407e-07,-2.13796528381733e-07,-1.1517284442680279e-07,-2.635128418265419e-06,8.182069235409418e-07,6.314754238096355e-07,1.3098342854375237e-05,4.615840481036041e-06,1.0841072805317635e-05,8.510313375023988e-07,-1.5399822317268338e-06,3.814948322729326e-05,6.362004135736487e-07,-2.5201707545694243e-06,6.392505629165217e-08,-1.839582009827007e-06,-1.7497036582462184e-06,-2.474985442876935e-06,1.7253614095926318e-07,-1.1644317620801874e-06,1.7118598765348397e-07,3.256959686263091e-07,1.1351442383231794e-06,4.225430896265308e-07,-4.1219200786453944e-07,5.877643051646652e-08,1.1076932383205446e-06,1.0171686610076838e-06,-1.205925704152926e-06,1.1870321990579672e-06,3.702473057337752e-07,-3.8096891106701436e-07,-2.8779833751983427e-06,-5.836425562467713e-07,-3.6909129882373676e-07,-2.1578738343025559e-07,-1.7362542549555127e-06,3.792123574296577e-09,-5.883577442985799e-07,1.2766859501777093e-06,-3.087443256695693e-07,1.0496429184302838e-06,9.855847237201088e-09,9.745775798402632e-08,-3.2617752543460113e-06,3.548553779875459e-06
2849.9999999999964,-0.014730305166066264,0.33840233346345056,-0.3368386134333334,-0.0003407315000901891,0.3531546895820709,-0.3287409542333332,-0.0022789706242464383,0.35488081515609915,-0.3186553338666667,-0.003877916224807264,0.3544798482161349,-0.3202730480666665,-0.024606896512533144,0.36320928471344344,-0.3472073346333333,-0.022862526271449475,0.363147849040033,-0.3612304061333333,-0.019912353292509368,0.3524673194041288,-0.3399019102333333,0.03808396862758402,0.3437225909256686,-0.2262055296666666,-0.08168334201401622,0.30308626091991764,-0.2488353012666667,0.011120389919500227,0.3262900569871792,-0.2881209209666667,-0.021802611832464455,0.29857490169354417,-0.3236379853999999,0.12066765270887936,0.2513496675396364,-0.0867894366366666,-0.1310625821531279,0.2891791407260137,-0.1276157356066666,0.2620296491294405,0.32513580444137097,-0.0890580199366666,-0.19802633566282457,0.2910749668183646,-0.3076821620333333,0.34668860618658737,0.48907760332479466,-0.1186890346,-0.18408909038124668,0.4648869448782979,-0.4494215384666667,0.3504795806383816,0.5364221515709947,-0.1206403064333333,-0.15978114726519868,0.5177108193308397,-0.5204629928000001,0.32911452960264254,0.557630322788405,-0.1299040566333333,-0.12490976807126503,0.5580307356795736,-0.5039841602666667,0.3476278850841688,0.4896043947948498,-0.1248841045333333,-0.16957708667576174,0.48651977481732694,-0.463244706,0.07706441062520825,-0.16717975554537368,0.05463728307,-0.07592991706646099,-0.18910817867512983,-0.0519356013566666,0.08589538536398988,-0.4952971587311426,0.1282827275066666,-0.03225382833956778,-0.448221386150114,-0.0606426361966666,0.07643328260281228,-0.7582369493311426,0.3149072068,-0.06940014795003986,-0.7600085121087523,0.1417701175,0.0564363570811337,-0.7857964308337297,0.3413784991666666,-0.0711409446121217,-0.7864804455620499,0.1245397900333333,0.07895327866733155,-0.8305531723393046,0.3079658122666667,-0.07107182317884853,-0.8256590040410454,0.04094173399,onweer_g_ch1_g19_compr.mp4,ch1g19,2.2809964449165084e-05,0.00031819127697005714,3.058583513297369e-05,0.0002017379866745346,7.853797194893083e-05,0.0003190573229259076,2.8750152018835956e-05,5.133760594821579e-05,1.0365937421964473e-05,1.9395716343698907e-05,6.451130783319958e-05,4.932219942125601e-05,3.307006624306061e-05,3.072553918047481e-05,8.964539410640075e-05,4.610682216929868e-05,5.6378483998092514e-05,6.0758124410160664e-05,4.689666518142236e-05,3.30690499962298e-05,0.0003446879119938637,4.3771715942313604e-05,3.3010900003637443e-05,3.547123210935256e-05,7.925622797444294e-05,5.757504569135826e-06,3.7692207892182924e-05,6.527918568469716e-05,3.225085818702154e-05,6.748299053626057e-05,5.606716773013523e-06,1.1125267658146334e-05,0.0003570832974564222,0.00039273600901302565,9.209151360399775e-05,0.00014989849777947295,0.00019751873390437842,0.00018291782444390325,0.00018669327894709964,8.17435881389508e-05,6.223684884733184e-05,7.157518390539806e-05,0.0003863453991293572,-4.649009801360476e-05,0.00023774649827784552,0.00011115463581516148,-2.808158141433706e-05,-0.0004989254682359295,-0.001426121333304315,-0.0030509570316195247,-0.0010685975360558851,-0.003791555441944589,-0.0009126334078958759,-0.004028090916891345,-0.001038138064821815,-0.004003072921903601,-0.0010429272156518364,-0.003822475454046751,-3.6616132903773195e-05,3.543707286261642e-05,-0.0007001916896417113,-0.00028241918276560187,-0.000991818516077516,-0.0006022073175367368,-0.0009575831200575722,-0.0006290810342310878,-0.0007844550797305638,-0.00040998718068481314,-9.711629126816678e-08,3.0472788329804595e-05,-6.063403699145611e-07,1.3276107559653702e-05,-4.408125922350087e-06,3.049451490553326e-05,-6.582729246545549e-07,-2.6694342783518277e-06,1.4875206298250155e-06,1.7776420828194645e-06,1.259311188870291e-05,4.270266008079902e-06,-5.96757711170769e-07,-6.234444235953081e-07,1.1314598008808498e-05,6.293335611585665e-06,-3.983948701559008e-06,1.077662298494244e-05,4.016292097136333e-06,-4.4765483690652985e-07,3.253651840061494e-05,-2.887744980115784e-08,-6.087978665762099e-07,-2.6154704740979067e-07,-4.17117988879033e-06,7.617853230415987e-07,-3.4461463398288245e-08,1.3224525609154908e-05,3.996246079006061e-06,1.0769217126923621e-05,8.00477993350364e-07,-1.4566261812671999e-06,3.3842910583658184e-05,1.0428218535844192e-06,-3.843976725411938e-06,2.662702212564084e-07,-2.0699590370170944e-06,-1.2672124784549372e-06,-3.827317146484388e-06,4.033610867236659e-07,-7.982406115325393e-07,1.2513523677703586e-07,2.495297725505394e-07,3.294133746523384e-07,8.478670924032034e-08,-3.513028706907377e-07,2.601411204500409e-07,5.497724142665423e-07,5.411060858422418e-07,-7.482494572861951e-07,6.058756879867186e-07,6.842220491667494e-08,-3.380435992252763e-07,-4.32637495345711e-06,-5.463134115840147e-07,-2.958076550032713e-07,-8.112309841733388e-08,-1.259584089568036e-06,-4.952466073250356e-08,-6.047828259646245e-07,4.374359156023278e-07,-5.830583180741368e-07,4.6162219837792477e-07,-4.474351967006056e-08,3.0642594993902405e-07,-4.720236768693584e-06,4.4220456090122734e-06
2866.666666666663,-0.013912260005365348,0.3384202433630358,-0.3355629634333333,0.0001825095796617214,0.35323843764629154,-0.3275221346,-0.0017131337022550997,0.3549463057932486,-0.3174257804666667,-0.0033152236885169964,0.3545514008325596,-0.3190768523666666,-0.023965438454290604,0.36316508080653115,-0.3461757659666666,-0.022217970041972793,0.3630841183932074,-0.3601911365666666,-0.019272674009025808,0.3524155576176355,-0.3388642092666666,0.038024626843006,0.344095813778576,-0.2249072391666666,-0.08150313734737591,0.30293952923003564,-0.2482533985,0.011739193920364325,0.32643279076751375,-0.2867611999333334,-0.02110439752382125,0.29857184514957413,-0.3224678091333333,0.12060744927452031,0.2513553921674241,-0.0850543432066666,-0.13077792304120703,0.28864498800753197,-0.12671790364,0.26238246173140806,0.32367304396003904,-0.0879135774833333,-0.19644481665296204,0.28798157230063326,-0.3069411844333333,0.3466417069264693,0.4878976542399525,-0.1186431092,-0.17988185501601345,0.461055959945507,-0.448006857,0.3503020119011199,0.5354067715573415,-0.1207815624666666,-0.15484760946806156,0.5136336826921686,-0.5185610453333334,0.32904720742875554,0.556474805531821,-0.1296861808,-0.12022522214338366,0.5539747034607018,-0.5019010743,0.3476001752124764,0.48844560972799805,-0.1247236657,-0.16536314213205677,0.4826586453195443,-0.461958349,0.07696253630424707,-0.16721776831501226,0.0546502445966666,-0.07582620865332912,-0.189072246536942,-0.0519620958699999,0.08544040463198334,-0.49595211106613446,0.1271313074066666,-0.03210673928921303,-0.4484803074759076,-0.0609460788466666,0.07560380120695438,-0.7591766502468027,0.3133901245333333,-0.06885251522407342,-0.7605803842794441,0.1409873316666666,0.05558697434571991,-0.7867075035796213,0.3398069362666666,-0.07054956672238455,-0.787084048467146,0.1236721527666666,0.0786174055320334,-0.8312951150230368,0.3065352868666667,-0.07029551374558067,-0.8260588361285468,0.0402749509966666,onweer_g_ch1_g19_compr.mp4,ch1g19,2.3333591245010153e-05,0.00034698463778594043,3.014251693480092e-05,0.00021355889367474405,7.306802849395634e-05,0.0003480428959431181,2.832786499921797e-05,4.789256791749178e-05,1.1435660398613033e-05,2.127151284612915e-05,7.645174698997146e-05,5.3125175111066154e-05,3.2264010521266504e-05,3.0264838433008236e-05,0.00010039732780068449,5.301057124900733e-05,5.1229050640523256e-05,7.082603803436852e-05,5.047012725505904e-05,3.245455395790672e-05,0.0003756044644549666,4.3684428260080275e-05,3.221734153723976e-05,3.540596137464247e-05,7.403057497340616e-05,6.501443461509278e-06,3.7576883197967534e-05,7.799969164001973e-05,3.580932528050174e-05,7.749457022402154e-05,6.395245197561829e-06,9.296281244234943e-06,0.00038871092331433044,0.00042681297455967427,8.959776657950222e-05,0.00015368948152333839,0.00019730568595145202,0.00018156690401508488,0.00018559436965974829,7.357532623976877e-05,5.323036829675885e-05,6.441374986644469e-05,0.0003860018310386898,-8.635281721860286e-05,0.00023848341385488274,0.00010499311158042138,-9.742249735102628e-05,-0.0005385858961530354,-0.0016286990012570383,-0.0030817429841301087,-0.0012887826209228522,-0.003867682634377134,-0.001128544202635993,-0.0041252257043381734,-0.0012563705618459501,-0.004107848001636384,-0.0012583325360939694,-0.003906147267138606,-4.097268744738787e-05,3.902779565810283e-05,-0.0006692858671500354,-0.0002937779438800486,-0.0009615369099343012,-0.0005843587714483483,-0.0009273137257681666,-0.0006096067401426265,-0.0007581570197948663,-0.0003932040440022951,1.1389436567939826e-06,2.5742739375636198e-05,-2.7537599318432595e-07,1.1208050424596481e-05,-5.201309239783879e-06,2.577207824487178e-05,-1.5157878888564278e-07,-3.135865083906003e-06,1.6913436173097552e-06,2.1308179205976412e-06,1.1893312661271754e-05,4.272872662047269e-06,-1.0357015910928063e-06,-3.0130213095628207e-07,1.1396553666602627e-05,6.652163089292171e-06,-4.141390543857113e-06,1.0458691934947285e-05,4.0305579726388666e-06,-8.603917162813112e-07,2.7229922166842375e-05,-6.461544061416798e-07,-9.72242229709363e-07,-2.87822837131366e-07,-4.955832085277438e-06,6.644284231173213e-07,-6.935402063422363e-07,1.2663468027757587e-05,3.1607038891782256e-06,1.0210876595879821e-05,7.059587412723206e-07,-1.28422617934336e-06,2.811147152136459e-05,1.2810052714654438e-06,-4.850765731092194e-06,4.0162544730005023e-07,-2.1974804342272146e-06,-6.670540510928618e-07,-4.879113535870814e-06,5.492832894519461e-07,-3.4798788090101125e-07,1.1388022977581934e-07,1.6840278264001312e-07,-4.6715647366082877e-07,-3.127007443965128e-07,-2.523430059547678e-07,3.9616489214896237e-07,-8.128473886643414e-08,-1.9670876929284715e-08,-2.201159065166141e-07,-1.685915827800718e-08,-2.7993238448920415e-07,-2.6007590701880155e-07,-5.4227320006905925e-06,-4.7553259137374026e-07,-1.934885847153894e-07,2.162664159395878e-08,-6.676180128022215e-07,-8.649091013796628e-08,-5.77183551233356e-07,-4.018328818949578e-07,-7.462394827463016e-07,-1.7005366023273586e-07,-8.390989271135195e-08,5.301057715696645e-07,-5.758091672864534e-06,5.341060317061998e-06
2883.3333333333294,-0.01321361656725002,0.33842397798292445,-0.3341950736,0.000613426722196473,0.35330009653422223,-0.3262108065666667,-0.001236670492110711,0.35499011786706536,-0.3161043176666667,-0.002842238747432553,0.35459954044966013,-0.3177812828333333,-0.023425541813642724,0.36310913631322145,-0.3450191288999999,-0.021673887753187737,0.36300698261251907,-0.3590286562333333,-0.01872536874839348,0.3523499409238802,-0.3377061367333334,0.03794761765059085,0.34439700357074354,-0.223554174,-0.08134976575298693,0.3027737215169204,-0.2475209314,0.01227804030167879,0.3265352256230401,-0.2853396798333333,-0.020495639820819807,0.29854837420994607,-0.3211985371666666,0.12055112015134971,0.251103756942026,-0.0834184972066666,-0.13048524178408386,0.28806351178128076,-0.12576975864,0.26272661084303434,0.3217720113011075,-0.0872152303399999,-0.19453150285061005,0.2848848358822212,-0.3060763369333333,0.3466410177312718,0.48635017623049076,-0.1193012130333333,-0.1752757533741189,0.45702646029823246,-0.4465410327666667,0.35019700694863404,0.5340328380209021,-0.1216948866999999,-0.14953293408676316,0.5092914860854317,-0.5166150440666667,0.32907080614004536,0.5549830972514768,-0.1301808777333333,-0.11512077794356411,0.5496157023364656,-0.4998023104,0.34762925832939623,0.4869374952804625,-0.1252617061333333,-0.1607344368771502,0.478562211958535,-0.456449,0.07686055932861746,-0.1672628029492484,0.05465972583,-0.07572214408598049,-0.1890294109436139,-0.05198688718,0.08507386397971894,-0.4965962760999448,0.12528246049,-0.03186820046475542,-0.4487794144184856,-0.0612206578266666,0.07496653915292802,-0.7600701282917919,0.3110966232333333,-0.06808025540357046,-0.7611344044908543,0.1403275519666666,0.05494429126023585,-0.787560607751861,0.3374476165333332,-0.06972496818774743,-0.7876546922290779,0.1229064193333333,0.07839274884420785,-0.8319834456322609,0.3043265741666667,-0.0692901608689,-0.8263798337868675,0.0397156069166666,onweer_g_ch1_g19_compr.mp4,ch1g19,2.557994496894812e-05,0.0003708301930023751,3.0228233132155127e-05,0.00022374105331802942,6.746967151283063e-05,0.00037191090027227625,2.8652122702350473e-05,4.440505234102272e-05,1.2845793781066513e-05,2.3231199256843845e-05,8.76784766322239e-05,5.7413378965852427e-05,3.118769726571314e-05,3.0337853382069733e-05,0.0001113012871656403,6.001799917295875e-05,4.645389943333406e-05,8.074233117671883e-05,5.441966440147519e-05,3.153765617635101e-05,0.0004004402740325013,4.285935250046171e-05,3.121059275481064e-05,3.530878545965324e-05,6.866186747104211e-05,7.103206915217662e-06,3.6697171357214426e-05,9.002935458470553e-05,3.8255996725640905e-05,8.738292919789557e-05,7.043107670987874e-06,8.126245231056607e-06,0.0004142432452803677,0.0004561450999338993,8.761251005524347e-05,0.00019398300555845393,0.0002300968773744732,0.00021457232259512553,0.0002183652819869267,0.00010023624325284771,7.971008082795843e-05,9.199215292469797e-05,0.0004014013149320694,-0.00010328449167800961,0.0002687566314715204,0.00012982386238401025,-0.0001652065945611614,-0.0005598926509032495,-0.0018274460040342466,-0.003075223926697251,-0.00149753272625372,-0.0038735450753451003,-0.0013334622589219608,-0.004142386871625792,-0.0014576074186053436,-0.004130352011714975,-0.001459423786723837,-0.003917622274498536,-4.581995918827425e-05,4.345899284878517e-05,-0.0006405110792308894,-0.00030403781489445574,-0.0009294763776897074,-0.0005618243285581949,-0.0008951028841930663,-0.0005853510566529753,-0.0007261132263244282,-0.00036739589097006147,2.6353188000184962e-06,1.996114252593746e-05,1.8694049813986823e-07,8.944805782079145e-06,-5.2674633991025e-06,1.9871197729941144e-05,4.969962081363437e-07,-3.1218090453596413e-06,1.681240379887484e-06,2.3189339036235545e-06,1.0837610774131542e-05,3.6546782479022446e-06,-1.3353293405842866e-06,1.5295444364601355e-07,1.0643029247708986e-05,6.090433807025059e-06,-3.830663712548433e-06,1.0003849471610596e-05,3.481029738076099e-06,-1.1655329586862193e-06,2.0671182946200733e-05,-1.1117295054527286e-06,-1.1989440557565447e-06,-1.6611598084513349e-07,-5.045505794188238e-06,5.53981041627068e-07,-1.2607501205004806e-06,1.159114464096968e-05,2.2997165696968507e-06,9.660774013049864e-06,5.965913983145724e-07,-8.764343552670821e-07,2.133131448996394e-05,1.3194012850294525e-06,-5.4243855986531375e-06,4.5641450304110754e-07,-2.2522410779231707e-06,-6.02412651593552e-08,-5.495696816495064e-06,5.934005254873677e-07,9.278800589985551e-08,1.399029629877466e-07,7.919931169522869e-08,-1.1080381660566978e-06,-7.424738312369158e-07,-1.2309842213701412e-07,4.535291636346921e-07,-6.716914316819084e-07,-5.787510227327595e-07,2.6596955280584074e-07,-5.603065299659298e-07,-6.534884945952016e-07,-1.5124305263514033e-07,-6.01129074655543e-06,-3.675840482466338e-07,-7.032310803097559e-08,8.855275581870857e-08,-6.995817729120003e-08,-1.0159750950247268e-07,-4.962722221852145e-07,-1.0855312784295789e-06,-8.004634870089743e-07,-7.172642759355684e-07,-1.0196643175589971e-07,7.285809001197749e-07,-6.2602863062860685e-06,6.010498858813962e-06
2899.999999999996,-0.01256302741926205,0.3386423806280856,-0.3321168146000001,0.0010015583856211952,0.3535366066819882,-0.3241436669,-0.0008021186817137141,0.3552126095198244,-0.3140311121666667,-0.00241197004350789,0.35482318893618137,-0.3157330476999999,-0.022914287983623667,0.363243554073532,-0.3430991768666666,-0.021159775073687683,0.3631175512062158,-0.3570900747666666,-0.018203253183768437,0.35247337966834824,-0.3357856800333333,0.03783468904856072,0.34474543677757186,-0.2215553764666666,-0.08119631962227017,0.30268931964482154,-0.2461327645666667,0.012770329185486594,0.3267896882323609,-0.2832834139333333,-0.019917990764588247,0.29869365847843476,-0.319281579,0.12049111094706685,0.2508098634834207,-0.0813066785733333,-0.1301553824893014,0.28749638456988486,-0.1245275506733333,0.2631169615300548,0.31971082732620915,-0.0858124506699999,-0.19222346225328898,0.2818609187919081,-0.3049323241333333,0.3467383634729596,0.4846515036127873,-0.1190350770333333,-0.17025240120011134,0.4532263490864323,-0.444677037,0.3501695786033611,0.5325217813378696,-0.1216075184666666,-0.14381267657361954,0.5052362733488343,-0.5142412751666667,0.329167783887914,0.5533763183558024,-0.1297249034666666,-0.10969285547436232,0.5455477421327595,-0.4972665251666667,0.34774557196004524,0.4852990044016615,-0.1248892618,-0.15572938718473114,0.47471172241005133,-0.437450916,0.07675044564777087,-0.16731404324728155,0.05467517076,-0.07561026510385369,-0.1889810403562247,-0.0520185872899999,0.08476776674672165,-0.4972141385511488,0.1235351354233333,-0.03160042471145153,-0.4490628084766196,-0.0615011477233333,0.07443265412894011,-0.7609423230366554,0.3087887453,-0.06725706054782687,-0.7616354645490733,0.1396739102666666,0.05439918732982538,-0.7883940574125259,0.3350578964666665,-0.06885543822807727,-0.788172814291849,0.1221496581666666,0.07822785475849997,-0.8326865375843533,0.3020281922333334,-0.06827302077916991,-0.8266717415252135,0.03916079602,onweer_g_ch1_g19_compr.mp4,ch1g19,2.953189623240534e-05,0.00038790263272611914,3.1090112117568114e-05,0.00023161323522725513,6.203065548922091e-05,0.00038887865939660275,2.9941951320220167e-05,4.1312497658919574e-05,1.4772962985644771e-05,2.5426247979649822e-05,9.889827132660296e-05,6.06038175550294e-05,3.0149624971258832e-05,3.1175127348982256e-05,0.00012306298062541858,6.538230712661782e-05,4.2898070716299354e-05,9.156895153092824e-05,5.7409889997574335e-05,3.063815090574014e-05,0.00041782959098896446,4.1629968357645925e-05,3.0317003156173996e-05,3.533828209814532e-05,6.340312929813729e-05,7.554937213557768e-06,3.527408155896326e-05,0.00010203938366716285,3.965149788300911e-05,9.778510645026105e-05,7.538807328441416e-06,7.933267557665836e-06,0.00043209776159587354,0.000479238642252351,8.553275556375991e-05,0.00026688439305342965,0.0002924718919608543,0.00027820086368873033,0.00028140680929166834,0.00015752106199928774,0.00013759780893121825,0.0001503874749567104,0.0004294561739993974,-0.000100128273819153,0.0003248636784416806,0.00018208447219078644,-0.00022811303574382433,-0.0005698998145845427,-0.002030722820872884,-0.003036789739000882,-0.0017017317195892727,-0.003817757726047747,-0.0015385923470787844,-0.004088281934181521,-0.0016526498928718842,-0.00408264816805322,-0.0016540273706892677,-0.0038663594834968487,-5.033661062256164e-05,4.794323160237404e-05,-0.0006178812785539817,-0.0003103329993438019,-0.0008950005054048404,-0.0005295420359577641,-0.0008603252262137462,-0.0005498431991984049,-0.0006954667475596017,-0.0003350488821808131,4.103669515560233e-06,1.4100357347019245e-05,6.248995622644821e-07,6.634803202494214e-06,-4.823232224553706e-06,1.3891343067786412e-05,1.0898448646820697e-06,-2.7083999591931372e-06,1.6757624540265008e-06,2.325067223653223e-06,9.674191217980109e-06,2.577994858247693e-06,-1.5151627169789526e-06,5.862243274056307e-07,9.389800857354008e-06,4.965295913198092e-06,-3.288553963034068e-06,9.623822537487026e-06,2.520692042942414e-06,-1.38838861611129e-06,1.4177493782637518e-05,-1.5009855746553457e-06,-1.3315669831564079e-06,-4.2852431144531754e-08,-4.618585475400728e-06,4.459224782490312e-07,-1.780195464197994e-06,1.0282468152001214e-05,1.4757481259046342e-06,9.259250392160779e-06,4.866669723698584e-07,-1.065216588492158e-07,1.4667459288423364e-05,1.1661422259048172e-06,-5.473196595580468e-06,4.1958550739328345e-07,-2.2217160775181767e-06,4.826477282690759e-07,-5.572308854510928e-06,5.265497344449922e-07,4.518013287041113e-07,1.8716978739821983e-07,-2.2346594423071683e-08,-1.5419651041855081e-06,-1.114312173637778e-06,1.217020736207205e-08,4.211132487375692e-07,-1.1685139300305328e-06,-1.0321655585443987e-06,6.313657344582505e-07,-9.910334489958944e-07,-9.80136134230531e-07,-3.399689638432109e-08,-5.996948530979623e-06,-2.524011038734084e-07,4.991327546753802e-08,1.0671028856336571e-07,4.615534668290716e-07,-9.39283222417451e-08,-3.8094527198739507e-07,-1.5559979042229586e-06,-7.478808840778007e-07,-1.1320180942899192e-06,-9.7522172525293e-08,8.791056520901923e-07,-6.155939333902734e-06,6.219200719191979e-06
2916.6666666666624,-0.012147421142644835,0.33900366354793615,-0.3296760540666667,0.001154888641218443,0.3538959149436896,-0.3216996455666667,-0.0006037214956347536,0.355561906543121,-0.3115827399,-0.002217030937794568,0.35517350650346763,-0.3133088115666665,-0.022639370300378187,0.3634822927362986,-0.3407611717666666,-0.02087846548872944,0.3633355432384199,-0.3547399023666666,-0.01791087798122193,0.35270548052183426,-0.3334523151333333,0.03759043340839489,0.3451550842155148,-0.2192493025666666,-0.08111965448435267,0.3026269417483057,-0.2442642801333333,0.013081646326198276,0.3271654087782862,-0.2809039378999999,-0.019511674765485577,0.29894615263239194,-0.3169928133,0.12044942134063011,0.2505010527833694,-0.0790993066066666,-0.12981799387061813,0.2869207999321093,-0.1230331815233333,0.2634580830821552,0.3175511901694699,-0.0846574501166666,-0.1897500104923517,0.278899619791684,-0.3037356853666666,0.3467836364885266,0.48281700508815917,-0.1189581887999999,-0.16506976090918532,0.4495598020516409,-0.4428794284666667,0.3500819170103414,0.5308288316328981,-0.1216869364333333,-0.13795292085864966,0.5012865724780665,-0.5119609792666667,0.3292330462225441,0.5515655659229308,-0.1294677826999999,-0.10411225276979773,0.5415910115624472,-0.4948357961000001,0.347809679147385,0.4835105030177689,-0.124710013,-0.15056443571411474,0.4709886822641648,-0.440228701,0.07664025636154508,-0.16736753031708487,0.05467644208,-0.07549829859099264,-0.18892982950312817,-0.0520386545599999,0.08456932147199137,-0.4978341042896912,0.1218169036299999,-0.0312873886540029,-0.4493722080696849,-0.0616253980766666,0.07398904362845157,-0.7618161482565412,0.3063301778666667,-0.066385335513887,-0.7621277628442501,0.1392544090666666,0.053940197351752095,-0.78923077656993,0.3325273941999999,-0.06793146797627356,-0.788680103918885,0.1216361487333333,0.07813230626386615,-0.8333985231301146,0.2995553048,-0.06718006955787119,-0.8269875307875606,0.0388456875566666,onweer_g_ch1_g19_compr.mp4,ch1g19,3.456499014848525e-05,0.0003983122438576137,3.207262547923889e-05,0.00023729990986306323,5.769815591781353e-05,0.0003990204977233213,3.146852906530806e-05,3.889359610448699e-05,1.685264439386263e-05,2.7895335595371625e-05,0.00010787924649056329,6.3187512016446e-05,2.86345445756623e-05,3.211198783958917e-05,0.0001324847799863389,6.995130831253271e-05,4.0593635224152646e-05,0.00010094306544974217,5.990864731564502e-05,2.923783204022929e-05,0.00042802519213074557,3.9938688549034056e-05,2.902933257358535e-05,3.5321865273522343e-05,5.924307970038123e-05,7.924144308312503e-06,3.3194841121228624e-05,0.00011166549720442799,4.037290328444585e-05,0.00010668914435242633,7.9396538504943e-06,8.305020220918142e-06,0.0004426095664292645,0.0004949598882958555,8.425430858760912e-05,0.00036275501357000805,0.00037650916760461494,0.0003642644234907341,0.00036658674253323473,0.00023767326520145838,0.0002187290408880495,0.00023139277775950653,0.0004696516702065894,-8.124133351171422e-05,0.00040161563312361215,0.00025443065885506625,-0.00027807973777133174,-0.0005707083038838784,-0.002193969476214458,-0.002970483925219746,-0.0018676927761965545,-0.003717099445059467,-0.0017086632580750466,-0.003982477384901537,-0.0018083725639092805,-0.003983432150419612,-0.0018094371498452162,-0.0037675110128113005,-5.4742653794877746e-05,5.2651394241690205e-05,-0.0006075169895476062,-0.00031983224983687383,-0.0008801350843048714,-0.0005072966895564759,-0.0008457232303186364,-0.0005258324335819846,-0.0006779494914961428,-0.0003114973253526484,5.311470165005329e-06,8.971717113536754e-06,1.1710105493366663e-06,4.591421790008997e-06,-4.021495071558335e-06,8.633882468365568e-06,1.720078144218569e-06,-2.01806956751464e-06,1.807999947222024e-06,2.1789596254518482e-06,8.177848279345302e-06,1.1223117771320995e-06,-1.2796281195893808e-06,1.1343019418521747e-06,8.077468644613988e-06,3.418428788689893e-06,-2.6024973312370687e-06,8.732541142267342e-06,1.2332716124361612e-06,-1.227850070550171e-06,8.564488015999298e-06,-1.5479014764370727e-06,-1.0729199113720917e-06,1.8805997021629897e-07,-3.832278751373583e-06,3.6898282345456387e-07,-2.006074068037141e-06,8.735436052512608e-06,7.724654256768836e-07,8.196428109022253e-06,4.052756069167404e-07,9.780629232789653e-07,9.007348191057611e-06,8.747831756120305e-07,-5.023742414502551e-06,3.213456913872828e-07,-2.115770729915413e-06,9.004857930965554e-07,-5.122426354163963e-06,3.8462996122212474e-07,6.835577733761751e-07,2.507066553026588e-07,-1.3944782569768912e-07,-1.6844834314898767e-06,-1.3859323468624987e-06,1.5174210583181928e-07,3.285244806018365e-07,-1.4561994930963605e-06,-1.355860824323007e-06,8.529715503340714e-07,-1.215436810262873e-06,-1.2251118850519843e-06,9.295238526952851e-08,-5.4142035065532705e-06,-1.4141310920544045e-07,1.6727698726924316e-07,8.697585422228087e-08,8.631200530747419e-07,-6.834952516722145e-08,-2.387898266276372e-07,-1.7266047059733261e-06,-6.194035184033821e-07,-1.3270109090258184e-06,-7.447079211328567e-08,9.753926364375863e-07,-5.504506532884729e-06,5.900521536544211e-06
2933.333333333329,-0.011765377077142338,0.3395607709742321,-0.3271338722333333,0.0012535178358123724,0.3544491360819904,-0.3191173011333334,-0.00046071112252476707,0.3561059751143175,-0.308999415,-0.002079184106802299,0.3557187148722048,-0.3107461267666666,-0.022420979374765358,0.363879816244275,-0.3382984936666667,-0.02065236922303283,0.3637188114307595,-0.3522657473333332,-0.017671678562981633,0.35310051313984775,-0.3309911867,0.03727326611867304,0.34571004830791774,-0.2167572442999999,-0.08109196889499276,0.302606088698527,-0.2422685442666666,0.01336588493157633,0.3277278796130213,-0.2784090930999999,-0.01913104904832116,0.2993500890772412,-0.3146159658333333,0.12040259319816168,0.25023431206056035,-0.0767387843566666,-0.12946556235406276,0.286358155305047,-0.1215251964333333,0.26377914291125076,0.31541682990617953,-0.0833435632899999,-0.1869551722127617,0.27600388554760685,-0.3026630093666666,0.3468172967465264,0.4810391368219264,-0.1187908775666666,-0.1595699770792027,0.44597012845115963,-0.4413469831000001,0.3499765431779242,0.5291924891759888,-0.1216800801333333,-0.13181685602060808,0.4974455847678128,-0.5099366237333335,0.3292802938962603,0.5498260883817719,-0.1291270490333333,-0.09829384260062131,0.5377504361802067,-0.4926542263666668,0.34786011456684435,0.4817784350896118,-0.1244474940333333,-0.14510967495031662,0.46735215196553503,-0.442172825,0.07652400618224596,-0.16742156554446705,0.0547027493366666,-0.0753813756410144,-0.18887825263538696,-0.05208477825,0.08438865510087967,-0.49845156381710504,0.1200488473266666,-0.030878581499103518,-0.44970986929649726,-0.0617716249066666,0.0735535412975089,-0.7626919749180316,0.3041316228,-0.06552151483797143,-0.7626242012556894,0.1386766955,0.05349012525253904,-0.7900691722230219,0.3302982231999999,-0.0670239315040604,-0.7891934674162505,0.1209493669,0.07808683517649777,-0.8340715728202975,0.2974756401333333,-0.06602227172004911,-0.827302849810175,0.0383530693233333,onweer_g_ch1_g19_compr.mp4,ch1g19,4.0184629952430864e-05,0.00040401153709337874,3.316997069569361e-05,0.00024179509419832012,5.436241716701013e-05,0.0004042919690078099,3.320390548859723e-05,3.7625107144072396e-05,1.883945074148614e-05,3.0489952369949232e-05,0.00011498036900663636,6.445915665568514e-05,2.6913280634968956e-05,3.3164720465817725e-05,0.00014000896720060428,7.302412601963665e-05,3.917557726618242e-05,0.00010942213537638244,6.140345895910185e-05,2.755530320169567e-05,0.000432889541927423,3.776499269629008e-05,2.75795884125044e-05,3.521240659188693e-05,5.616747621409487e-05,8.179970385273137e-06,3.0596528354643995e-05,0.0001191386969571557,4.0989181467595626e-05,0.00011446405968090394,8.229131358345767e-06,9.686503173338265e-06,0.0004479393753153382,0.0005054569513738612,8.321760724992649e-05,0.00046059561262815876,0.0004640619802517553,0.00045411462314282975,0.0004554036611516719,0.0003204527377811772,0.00030247728238746123,0.000314516585033273,0.0005128774401760223,-5.828247478480434e-05,0.000482517559067571,0.00032968142872817955,-0.0003133386029082097,-0.000576164039615279,-0.0023241593418591965,-0.0029202377909068014,-0.0019925514826662056,-0.0036165794601811033,-0.0018415326692826925,-0.003872844446841135,-0.0019266528492089979,-0.003877366123302931,-0.001925005906167199,-0.003666123374083812,-5.8382832851714546e-05,5.677475643511017e-05,-0.0006101040583218322,-0.0003296480367372646,-0.0008732157886806253,-0.000491606623986037,-0.0008376098459674128,-0.000508140171952944,-0.0006560188936220873,-0.0002894240620051419,6.03516217745921e-06,4.5056540959763104e-06,1.5056487777485942e-06,2.6622113333613426e-06,-3.02457485625549e-06,4.0807334386812586e-06,2.0737512889064416e-06,-1.2106160909686766e-06,2.158089772877032e-06,1.8743712621918965e-06,6.701051808838175e-06,-4.2446578095340105e-07,-9.22238764176515e-07,1.477267047038675e-06,6.737825286874847e-06,1.7768421281789215e-06,-1.8059425416482574e-06,7.644301093740338e-06,-1.39959786623781e-07,-9.5809821397101e-07,3.861779548257524e-06,-1.5451360402839584e-06,-7.12361019286212e-07,2.716222149444413e-07,-2.87106371835587e-06,3.286152848948173e-07,-2.1241758825774167e-06,7.234271263216195e-06,2.966123006382534e-07,6.993615478815639e-06,3.571035568768118e-07,2.2629187598066624e-06,4.280364414279922e-06,5.022941079176298e-07,-4.1832359845332e-06,1.871771455206729e-07,-1.9307862896580226e-06,1.1994804846186757e-06,-4.255044018168535e-06,1.9955868798049498e-07,7.672157552784294e-07,3.2485757432874344e-07,-2.5496852676633094e-07,-1.5850304467664924e-06,-1.516589349811754e-06,2.8020327602734964e-07,1.994158114290146e-07,-1.5436666575848053e-06,-1.5306721865974593e-06,9.549853694167664e-07,-1.2707370006670756e-06,-1.3570387502742013e-06,2.1730049297732774e-07,-4.389346407003935e-06,-3.931088486359267e-08,2.7101425708607467e-07,4.334475128305269e-08,1.1366267828679356e-06,-3.156162111883346e-08,-8.170869383565313e-08,-1.6411593805396526e-06,-4.6139963689597196e-07,-1.3352608323733892e-06,-3.952762141345062e-08,9.894890418163106e-07,-4.447592576710793e-06,5.128714250248027e-06
2949.9999999999955,-0.011594502222912539,0.3401568364660804,-0.3245979459333333,0.0011095051943478672,0.35503808497813066,-0.3165757879,-0.0005629651425611732,0.356686751083261,-0.3064563222333333,-0.002181882488379391,0.3563014246237993,-0.3082258565999999,-0.022434862528997342,0.3643091147922654,-0.3358662139,-0.020658068602339756,0.3641319617845442,-0.3498228261333333,-0.017660333951539778,0.3535235401573209,-0.3285620759,0.03672291542363093,0.34630373704677053,-0.2143501882333333,-0.08120533631693218,0.3025826296785372,-0.2403179162,0.013465666923548308,0.32833676414697616,-0.2759381472666666,-0.01891502117526587,0.29978610892914814,-0.3122492680666667,0.12027932270067364,0.2499391152166698,-0.0744107909066666,-0.12909544844008186,0.28579687146047283,-0.1200043874066666,0.2639962123577389,0.3130640993836996,-0.0819216266899999,-0.1840323393429007,0.27315016079646864,-0.3015648385,0.34678896328052317,0.47907496466733995,-0.1185478627166666,-0.15372886439260117,0.4424510499228323,-0.4397486150000001,0.349806743557957,0.5273707492377482,-0.121610146,-0.1252756559939926,0.49367798972883226,-0.5078432202000001,0.3292611539300276,0.5479407268170898,-0.1287305606666666,-0.0920767975415452,0.5339854989918771,-0.4904178849333334,0.3478531513257144,0.47989917978123053,-0.1241115414,-0.13931301778361416,0.4637882135785972,-0.439558566,0.076396193682314,-0.16748310461287833,0.0547413458266666,-0.07525425486598739,-0.18881722209761712,-0.0521468029666666,0.08423912591478167,-0.49906606221482314,0.1183470423299999,-0.030485697371584224,-0.45006417619805167,-0.0618855663866666,0.07325515311483302,-0.7636118014233713,0.3019612994666666,-0.0646828819412024,-0.763116221826154,0.1380944549666667,0.05318911190246,-0.7909576770061959,0.3280832798333332,-0.06614325558215188,-0.7897007996338403,0.1202516632333333,0.0782307392166233,-0.8347242506767917,0.2953599543999999,-0.06487096380224061,-0.827595815566481,0.0378434227266666,onweer_g_ch1_g19_compr.mp4,ch1g19,4.645747406484895e-05,0.0004047450440645569,3.4449752194540814e-05,0.00024298490789315962,5.278635833038322e-05,0.0004044909838710547,3.513445830192893e-05,3.709560838674225e-05,2.1288404649449226e-05,3.247222083493768e-05,0.00012028351458471516,6.350167215924989e-05,2.5323384543091422e-05,3.4397230071977694e-05,0.00014517540634182547,7.334087877419859e-05,3.868178138133994e-05,0.00011640997783544075,6.085460119811009e-05,2.590409518926278e-05,0.0004327126402742368,3.5542075924551944e-05,2.62642302315444e-05,3.530603786362964e-05,5.4741876609788945e-05,8.446412840154978e-06,2.7892008848039926e-05,0.0001246980830495937,4.117164637324623e-05,0.00012077570738376316,8.521632356351502e-06,1.2184276720921646e-05,0.00044840430351476894,0.000509397415267711,8.185325614624247e-05,0.00054777520582432,0.0005451058402919183,0.0005372151171043088,0.0005378607250823269,0.0003951654695393151,0.00037758293878751296,0.00038857118988346853,0.0005609895115349248,-3.5233682248593936e-05,0.0005598960113019223,0.00039769358541014307,-0.00032952556369080194,-0.0005809350250869257,-0.002411179646949974,-0.002862684166182618,-0.0020795446780742612,-0.003506879643587126,-0.0019353541599037652,-0.0037532505477917907,-0.002011897651726557,-0.0037608350276326923,-0.00200473688617635,-0.003554408757621458,-6.147780965500524e-05,6.0387396077543616e-05,-0.0006131224674472142,-0.0003371668869634423,-0.0008747414628565941,-0.0004793468939532757,-0.0008389304238223833,-0.0004949145738777866,-0.0006339420414277165,-0.0002722069396023633,6.164830626913449e-06,7.926120158259102e-07,1.5861918737411011e-06,7.73138165673742e-07,-1.7640254184984402e-06,3.0746508940028073e-07,2.1156047635262503e-06,-4.331698860715191e-07,2.604073687544011e-06,1.5573314507658303e-06,5.239645533834458e-06,-1.9088550953776635e-06,-4.956144393416507e-07,1.575573275591288e-06,5.268060179399359e-06,2.5083945589179273e-07,-8.969421912464128e-07,6.310726284228756e-06,-1.4663387977116308e-06,-5.997699375813535e-07,4.845788187372127e-08,-1.4864089589140203e-06,-3.1521981732682534e-07,2.498105446450474e-07,-1.6773136833549267e-06,3.1876358053537193e-07,-2.0883887937254398e-06,5.742054805175908e-06,-1.6846681251570588e-08,5.595315486788268e-06,3.38217860931533e-07,3.3843848436111422e-06,4.616419660446114e-07,9.40775562233329e-08,-3.0994819608529494e-06,3.590520442087816e-08,-1.6226580292476007e-06,1.3475891659261456e-06,-3.125745995000488e-06,-3.607192810184299e-10,7.388188006197736e-07,3.810191836067795e-07,-3.3313350313695937e-07,-1.339674411766588e-06,-1.465073605555972e-06,3.7240113326188745e-07,5.1912857313891604e-08,-1.44694702080753e-06,-1.523944349830899e-06,9.383697090882731e-07,-1.2076836181991292e-06,-1.3329731871078722e-06,3.1504456111909603e-07,-3.1100821598714693e-06,3.6441458793831664e-08,3.406550609994517e-07,-2.0602096940184316e-08,1.2602488654204667e-06,4.5294598239675414e-09,6.656202973913997e-08,-1.4017222016978546e-06,-2.896154627522003e-07,-1.2185094177623127e-06,-3.970450502222567e-09,9.011223009982836e-07,-3.172059516104472e-06,4.037113859837374e-06
2966.666666666662,-0.011571498816087203,0.340771137232195,-0.3219050657,0.0008153818410798208,0.3556547164765751,-0.3138770376333333,-0.0008148104411497601,0.35729683335506024,-0.3037542231333334,-0.0024346051135029014,0.3569123587638443,-0.3055466844333332,-0.02261246406956072,0.36476228291603424,-0.3332609425666666,-0.02083034427131995,0.3645676187306311,-0.3472048927666666,-0.01781436851792212,0.3539681650733328,-0.3259628146666667,0.03607041338608821,0.34694363162007286,-0.2117785006333332,-0.081482259306375,0.3025682653139319,-0.2381624394,0.013447877778759448,0.32897198021939716,-0.2733151504999999,-0.018837666016065693,0.3002396196924937,-0.3097034543333333,0.12010956778649581,0.24964881451424922,-0.07179620982,-0.12873665895419392,0.28523776213522395,-0.1184118278,0.2641832567786288,0.3106673677024942,-0.0800321281566666,-0.18119149583322836,0.27033209648722745,-0.3003712594666666,0.3467511092535967,0.4770165952991983,-0.1178381114699999,-0.14782932088477552,0.4390011574911008,-0.4379270573333334,0.34962510879484593,0.5254647995136651,-0.1210648328066666,-0.11863087948777577,0.490001758545373,-0.5055312623000001,0.32922205785964703,0.5459541281347258,-0.1278684820433333,-0.08572983009509191,0.5303090616587033,-0.4879320603000001,0.3478335339450989,0.47792283264518165,-0.1233110996933333,-0.13343645925948378,0.46029978389885307,-0.435580164,0.0762651544848618,-0.1675463338574064,0.0547992611766666,-0.0751243749891282,-0.1887544240072703,-0.0522290113066666,0.08409129960764736,-0.4996793100795608,0.1166698577899999,-0.03007093937302929,-0.450425592863675,-0.0620026453066666,0.07297727130054416,-0.7645267195245914,0.2998900261333334,-0.06385100698765993,-0.7636156843955919,0.1376175974666667,0.05290951272841917,-0.791841448749712,0.3259707996333332,-0.06527427785045978,-0.7902186082415689,0.1196692498666666,0.07840972184593618,-0.8353761888582776,0.2933265379666666,-0.06372049370637042,-0.8278886347998482,0.0373672405966666,onweer_g_ch1_g19_compr.mp4,ch1g19,5.29272416702792e-05,0.00040363657618711123,3.617892720248188e-05,0.00024233001726466685,5.229832734819077e-05,0.00040283801456964083,3.739928972664522e-05,3.743867544469725e-05,2.389514962732034e-05,3.391874446843137e-05,0.00012471554485012163,6.0358076026839176e-05,2.492275950441541e-05,3.61079918826454e-05,0.00014915175208315612,7.202854874052764e-05,3.881177322728623e-05,0.00012205055576075554,5.8296473519300544e-05,2.536763111061974e-05,0.0004309594914417884,3.4294799328942954e-05,2.604256663877209e-05,3.5840173546890125e-05,5.426501903549987e-05,8.778041935426045e-06,2.5968653793667455e-05,0.00012948314094527241,4.105822046438406e-05,0.00012590433421928493,8.86046627024948e-06,1.5736441110942928e-05,0.0004471213640280488,0.0005105472082404094,7.964402749553586e-05,0.0006053215797487427,0.0006014931425936575,0.0005952143788660778,0.0005955945915150079,0.000443894695310965,0.0004265416910638774,0.0004364948844524119,0.0006055511765848676,-2.330907371474545e-05,0.000617399571887448,0.00044281693586865006,-0.00032776980611688917,-0.0005876187412262653,-0.002479672718393719,-0.002824696168146994,-0.0021550836052360764,-0.0034213690249811895,-0.0020161649527461944,-0.0036608502626843133,-0.0020893399763699896,-0.003674035876253568,-0.002074647979392928,-0.0034673161552421223,-6.358583547859441e-05,6.299723388470049e-05,-0.000618652042264782,-0.00034574706919804723,-0.0008781139144925868,-0.0004645786231099727,-0.000843385182148605,-0.00047930586565476225,-0.0006175415389969949,-0.00025980015439923317,5.795639213534319e-06,-1.7965274569597666e-06,1.3918249844298302e-06,-7.226967389369831e-07,-4.996828907386745e-07,-2.306591274306089e-06,1.8415215079486609e-06,2.7431855221400105e-07,3.1252785169063354e-06,1.2395940999058505e-06,4.092591016386339e-06,-3.265942140794262e-06,-1.525011598400411e-07,1.4020062376604006e-06,3.998202027197812e-06,-1.0954545123453475e-06,-8.404335124901847e-09,5.139139045299918e-06,-2.693943653564518e-06,-3.0162170249265544e-07,-2.504767964282548e-06,-1.4625979305095065e-06,-2.1241714539199893e-08,8.672647819108047e-08,-4.996396975438491e-07,3.4332681399565755e-07,-1.9729988117465876e-06,4.565943513952018e-06,-1.2362759461699525e-07,4.3925011138769866e-06,3.533962330498665e-07,4.152419165976389e-06,-2.119195789491902e-06,-2.962925840769138e-07,-2.0289911591994955e-06,-1.1491555309116327e-07,-1.2629734547220315e-06,1.3701174399408478e-06,-1.9996217815720454e-06,-1.8863648191359602e-07,6.247275876620518e-07,4.1010168686349506e-07,-3.665695891186677e-07,-1.0175501523384191e-06,-1.2331155767332562e-06,3.956593135008705e-07,-9.863701114637597e-08,-1.2268721946393576e-06,-1.3872936487494949e-06,8.25388985786106e-07,-1.0387557397356642e-06,-1.1517002598725268e-06,3.53561398929453e-07,-1.865557097075124e-06,5.6412540084054576e-08,3.498517436219384e-07,-9.634336042286484e-08,1.26461031894073e-06,3.1419114891124706e-08,1.7574649420084113e-07,-1.0855818415370476e-06,-1.3097759539524205e-07,-9.987421233689865e-07,2.397888636365684e-08,7.11715982170688e-07,-1.9552137398127666e-06,2.897517970280146e-06
2983.3333333333285,-0.011557224440462921,0.3413754267313204,-0.3192811371333333,0.0004979826546533632,0.35626381056177187,-0.3112541511333334,-0.0010898084641860633,0.35789952133502334,-0.3011275030666666,-0.0027100689791545412,0.35751575720569745,-0.3029433472666666,-0.022808867507403956,0.3652098116502918,-0.3307394475333333,-0.02102040654451956,0.3649981524904364,-0.3446716735333333,-0.017988717963846376,0.35440764665115676,-0.3234463880333334,0.03532048877807205,0.3475831496814453,-0.2092709163333333,-0.08182499602948229,0.30255570864678766,-0.2360619742,0.013395350069471307,0.32960215148358923,-0.2707497383,-0.018787373726593188,0.30068958989452127,-0.3072267918,0.11984013045277334,0.24936458445213605,-0.0692450029966666,-0.1284105308777727,0.28466789357854083,-0.1168632208866666,0.26428342395871246,0.3082354909822623,-0.07814978218,-0.1783532744152923,0.2675116605701583,-0.2992921710333333,0.34665565127389425,0.47483515349393635,-0.1170972667299999,-0.1419726581668592,0.4355812238552272,-0.4363956888333333,0.3493821328864867,0.5234156285332034,-0.12047007058,-0.11204278035253878,0.48634856041919633,-0.5035509168666666,0.3291420231200381,0.5438336177192825,-0.1269739141933333,-0.07946614262266329,0.5266521128196973,-0.4857761295,0.3477621764448625,0.4758210345753766,-0.1224807777933333,-0.12761928595143424,0.4568369906168505,-0.436164737,0.07612964271614381,-0.1676102487326741,0.0548703394666666,-0.07499055377098067,-0.18869099854920407,-0.0523251903533333,0.08395022273706261,-0.5003117635114176,0.1151843697066666,-0.029634280722841355,-0.4507796740067097,-0.06213159697,0.07269888870995313,-0.7654392177391613,0.2980073568,-0.06301639324712205,-0.7641312730064305,0.1370071091333333,0.052627917180763574,-0.7927214380804496,0.3240500757333333,-0.0644023687052733,-0.7907555755668072,0.1189322150666666,0.07860815652447974,-0.8360108972169955,0.2915492268,-0.06258460583579305,-0.8281898603795146,0.0366439073133333,onweer_g_ch1_g19_compr.mp4,ch1g19,5.8889886854659275e-05,0.00040181605098509645,3.818667118026912e-05,0.0002410504576437007,5.251641026804604e-05,0.0004003528548628996,3.975850279931101e-05,3.81446790837361e-05,2.6934203971256748e-05,3.4596343626494195e-05,0.00012808405735188793,5.543387654063695e-05,2.5891284960794585e-05,3.813229620635791e-05,0.00015169511408336624,6.936361011401475e-05,3.8661644820474354e-05,0.00012623476552179783,5.4053369195916236e-05,2.613690735372596e-05,0.0004282548094956235,3.406398411955482e-05,2.7089190193851084e-05,3.6705627784298926e-05,5.438724104387281e-05,9.242413251689391e-06,2.5019058157504683e-05,0.000133395158545997,4.082897085715373e-05,0.00012919499182092558,9.334223075277604e-06,2.046675691258314e-05,0.000445035323042117,0.0005102618327092203,7.667945428727535e-05,0.0006206493657712946,0.0006211112009097131,0.0006154944772041317,0.0006160405236619334,0.0004567342125954395,0.00043897786735840977,0.0004479486709846027,0.0006392736709312082,-2.6018355718221542e-05,0.0006423734040844437,0.00045480194902653337,-0.0003137602257886394,-0.0005963431216529613,-0.002523309633045866,-0.0028141062373721127,-0.00221565774112025,-0.0033671208234282136,-0.0020762618930855155,-0.0035939639863727703,-0.002143561662952316,-0.0036056792375999337,-0.002128433939960345,-0.0034066155352875187,-6.49646694854581e-05,6.484431175740622e-05,-0.0006222229118939464,-0.0003531536654561333,-0.0008759903425937229,-0.000449594126169389,-0.0008431626625900847,-0.00046358958849156037,-0.0005990928737032216,-0.00024866536401494147,5.140794427676542e-06,-3.3363994841030265e-06,1.1376004876147268e-06,-1.9917897288765895e-06,6.493890217417602e-07,-3.78239836136852e-06,1.4897894007175485e-06,7.75942947945948e-07,3.574108066805003e-06,9.019974491177874e-07,3.114560857639198e-06,-4.361941707777295e-06,2.2232912878511586e-07,1.1674536406213362e-06,2.843957502652234e-06,-2.149601661076854e-06,7.036880758345415e-07,3.999192833244157e-06,-3.7269083093522325e-06,4.887462754702683e-08,-3.770125660217917e-06,-1.4032148341134124e-06,2.9843007684821177e-07,-8.513580519975705e-08,5.348392206995846e-07,3.8919485585724217e-07,-1.7476650658213132e-06,3.544508954700172e-06,-9.494345371782407e-08,3.305883576250648e-06,3.916340656985672e-07,4.665765564048665e-06,-3.521556099678583e-06,-6.193140232610603e-07,-1.1183668247861725e-06,-2.3940752002936743e-07,-9.17345598879622e-07,1.2812411428526766e-06,-1.029957795044664e-06,-3.3206823868775655e-07,4.7371209716432414e-07,3.8156738011356014e-07,-3.569639218594347e-07,-6.781304478379468e-07,-8.605673856603943e-07,3.4532800657254986e-07,-2.264611511244112e-07,-9.430589155149321e-07,-1.158803766147207e-06,6.582688810351878e-07,-8.061488567879249e-07,-8.440764730083294e-07,3.241280021217276e-07,-8.113002766735206e-07,3.291580465717792e-08,2.951361019652149e-07,-1.6607238375777465e-07,1.1676304024147736e-06,4.219585065798586e-08,2.3612963300386816e-07,-7.664402928516287e-07,-2.009495712424357e-09,-6.935910809704179e-07,3.6616001942283614e-08,4.187933419458727e-07,-9.440401791280948e-07,1.889195104589467e-06
2999.999999999995,-0.011540739069133594,0.3419385552042251,-0.3166799953999999,0.00018439444754760268,0.35683740181870527,-0.3086441352666667,-0.0013616951663692125,0.3584661152497995,-0.2985120939666666,-0.0029820788280652565,0.35808347048026506,-0.300351934,-0.023003393513614898,0.36562380281021206,-0.3282405635333333,-0.021209099245569844,0.3653923417297304,-0.3421627739666666,-0.018161680712788446,0.3548106153471526,-0.3209536800666667,0.03455100746239975,0.348211160575523,-0.2067861139333333,-0.0821932528495349,0.3025253647637206,-0.2340913567333332,0.013330892920981451,0.3302042959623502,-0.2682022124333333,-0.018749100894459254,0.3011055344173136,-0.3047624774999999,0.11946462668990877,0.24904501454923483,-0.06670657417,-0.12808759117594862,0.28407860392938555,-0.1154742213299999,0.2642005950786802,0.3055662736842169,-0.0760695672866666,-0.1755528763533671,0.2646332186054668,-0.2982372582333332,0.3464655752630971,0.4724430985985565,-0.1161568601533333,-0.13621920205959737,0.4321641862340951,-0.4347458601,0.34904699576455256,0.5211791066513696,-0.11964561243,-0.105574504615441,0.48270683490193883,-0.5014113545,0.3289967652348254,0.5415341448836014,-0.1258825985933333,-0.07333518787673772,0.5229985635930017,-0.4834566137666667,0.34760694988321444,0.473525166901451,-0.1214592172566666,-0.12192017217517379,0.4533792496321541,-0.440405905,0.07598246439427304,-0.1676758095670599,0.0549868237066666,-0.07484496663506071,-0.1886253829204985,-0.0524678309733333,0.08380469714306381,-0.5009320495652263,0.1137380371866666,-0.0291610555524534,-0.4511270900710757,-0.0623989610533333,0.07243603063350398,-0.7662910031763658,0.2961463309333333,-0.06219705154163607,-0.7645931132529885,0.1362720676333333,0.052365231607491354,-0.7935389695358996,0.3221461752333333,-0.06356148014416936,-0.7912361179544211,0.1180740000666666,0.07885854546166043,-0.8365877222117536,0.2897841028,-0.061459605385641575,-0.828432248481062,0.0358381435366666,onweer_g_ch1_g19_compr.mp4,ch1g19,6.358356341839292e-05,0.0003990889024648005,3.917838006875888e-05,0.0002394672725168633,5.3069864249987896e-05,0.0003971553799001497,4.0972814975167734e-05,3.907120038717811e-05,3.0295812869970537e-05,3.4598336570608145e-05,0.0001317601115124956,4.957714502549603e-05,2.675581476156837e-05,3.916926547592038e-05,0.0001535264551281971,6.598243382847131e-05,3.7919182518635995e-05,0.0001302039393419626,4.889206052188183e-05,2.6765902775754467e-05,0.0004250905703198874,3.29249307045747e-05,2.793816643145878e-05,3.641683373340992e-05,5.480644411854079e-05,9.693301734626024e-06,2.3502128745618018e-05,0.0001374286611876924,4.109922673062474e-05,0.0001326383118872067,9.79542294968255e-06,2.5790468051700488e-05,0.0004423030853163685,0.0005089926679406066,7.344508083591501e-05,0.000587355486160913,0.000597780200587456,0.0005919268128630377,0.0005929714707493961,0.00042626971977303567,0.0004075060602543754,0.00041592969845944896,0.0006548193140408237,-5.273486453058491e-05,0.0006267839700205759,0.0004255895142675043,-0.0002899556142835577,-0.000616100062835448,-0.002551233281713497,-0.002832717721756918,-0.0022724280331144226,-0.003343761998564554,-0.0021285218801855165,-0.003559348978574053,-0.0021964851618154284,-0.0035674388368534373,-0.002181611610453025,-0.0033764840802259525,-6.585214601995777e-05,6.60398274043857e-05,-0.0006232678850091531,-0.00035960498372222924,-0.0008697833603555899,-0.00043190483889154937,-0.0008390266995047521,-0.0004455482768958316,-0.0005843698144035633,-0.00023948913969998087,4.406202385993193e-06,-3.82133715933374e-06,9.020335939347825e-07,-2.848229609680382e-06,1.700593510480086e-06,-4.128335114405876e-06,1.1566518738828375e-06,1.063687523739555e-06,3.858885449494501e-06,5.530360869386141e-07,2.421878815349947e-06,-5.140339410154539e-06,6.101851049813812e-07,9.464812420215817e-07,1.8419996410346074e-06,-2.9572234601000865e-06,1.2073653845331715e-06,3.0993840392460234e-06,-4.510366823466507e-06,4.323245264985863e-07,-3.8218121086285e-06,-1.3228054488324059e-06,6.311788258087829e-07,-2.2122836652584502e-07,1.468976853607928e-06,4.494328360413647e-07,-1.4253630380059262e-06,2.762990642756433e-06,-1.635672185609814e-09,2.5519588753781573e-06,4.472134273552724e-07,4.948009366191007e-06,-3.7837716955065024e-06,-8.213309262533282e-07,-4.3381585123631614e-07,-2.7294895157449245e-07,-6.217252335636966e-07,1.079424155991672e-06,-2.9800792828410317e-07,-3.669065320352569e-07,3.277892455524197e-07,2.8431106471289525e-07,-3.1691059088963497e-07,-4.2009107392586495e-07,-4.2001700020485597e-07,2.936815529701744e-07,-2.658803573952677e-07,-6.650095520721192e-07,-8.899381321849146e-07,4.5348627075254297e-07,-5.969375624446893e-07,-4.7120302655899013e-07,2.952455701668205e-07,-4.497889222980904e-08,4.766890700778917e-08,2.481164979613851e-07,-1.6389504644542306e-07,9.710249591478434e-07,4.267488272231707e-08,3.0916119617223864e-07,-5.209577498993734e-07,7.665474090601542e-08,-4.375088258270411e-07,3.9471881744589066e-08,7.756688896458299e-08,-2.1516754755139604e-07,1.1350652581949204e-06
3016.6666666666615,-0.011625755748740406,0.3424363259568096,-0.3142839770999999,-0.0002433172650168564,0.35735168707284287,-0.3062494074,-0.0017498823338608423,0.35897385124870745,-0.2961095757666666,-0.0033696532827038814,0.35859117583684175,-0.2979777627666667,-0.023328320342044108,0.3659676945777065,-0.3259638737333333,-0.021525342037288585,0.36571736022217854,-0.3398797233666666,-0.018466266998723366,0.355146141243666,-0.3186827202666666,0.03369552546811303,0.3488167432267671,-0.2044509529666666,-0.08270350125664008,0.30241392726555655,-0.2323075268333333,0.013180058186626816,0.3307544988024266,-0.2658297911,-0.01881124705834407,0.30145444298045787,-0.3025001811999999,0.11900358571655016,0.248736255815376,-0.0640560416133333,-0.12779556032517614,0.28340185715045324,-0.1143037723633333,0.2640072776694755,0.30294666532021186,-0.0737687886366666,-0.17278746571683495,0.26175975839211707,-0.2974132349333332,0.34615347974514077,0.4700910171961355,-0.1148846543866666,-0.13056898114439597,0.42881306555583065,-0.4331782877666666,0.3485924348153352,0.5189632677429415,-0.1184728754066666,-0.09922548867482543,0.4791415948447717,-0.4993484943666666,0.3287386420960291,0.5392559973383302,-0.1244650141366666,-0.06730355895594234,0.5194266703482198,-0.4812316071666667,0.34733422304376754,0.47126316986571065,-0.12011528327,-0.11632449872880521,0.4499969229979943,-0.43634668,0.07582716287325028,-0.16774138451349704,0.0551223763433333,-0.07469201970279482,-0.1885593810786496,-0.0526288664566666,0.08361350518543635,-0.5015477806307599,0.1123599641499999,-0.02869743934554299,-0.45147155695396873,-0.0628890218733333,0.07216478922966364,-0.7671535768008643,0.2943123854,-0.06151910041331912,-0.7649772861372944,0.1353910702666667,0.05209515173952448,-0.794375501294867,0.3202638158333333,-0.06288322585114486,-0.7916291571915921,0.1170982283333333,0.07912225860493456,-0.8371745141393069,0.2880152901,-0.06038557851375273,-0.8286435481652092,0.0349571211966666,onweer_g_ch1_g19_compr.mp4,ch1g19,6.725089303711909e-05,0.0003954407971253763,3.999549944599823e-05,0.00023570638066298618,5.434220691455654e-05,0.00039343870524380365,4.192107920876428e-05,4.000867800705414e-05,3.3867356409183294e-05,3.4798894181319125e-05,0.0001336091821673707,4.431091081020221e-05,2.7930840475414938e-05,4.0054372902935574e-05,0.0001552995887926117,6.342093668521018e-05,3.8577823012885185e-05,0.00013221170562636205,4.422237159094285e-05,2.7707517823082266e-05,0.00042221185692656896,3.178726854082616e-05,2.906284970968838e-05,3.599636464925182e-05,5.585542250766346e-05,1.0166897214069426e-05,2.23088293139389e-05,0.0001397348652538591,4.1235404014597474e-05,0.00013413937899444346,1.0266139713707081e-05,3.1369430129860126e-05,0.00043910164679161615,0.0005055439810373238,7.124216709672036e-05,0.0005435173914146716,0.0005631140339256959,0.0005573310856403715,0.0005584735885530497,0.00038870821614218356,0.0003687715344156168,0.000376345107737267,0.0006547563602945856,-7.861154566017249e-05,0.0005977094077674381,0.00038792193765285516,-0.0002851538255130379,-0.0006344842422200817,-0.002572265889747281,-0.0028239839310701628,-0.0023034026736444375,-0.0033127152641136428,-0.0021531114711227516,-0.003529052614836683,-0.002219705255033851,-0.0035415753374108006,-0.0022072275393846133,-0.003343859887527154,-6.710921870427498e-05,6.74148468751555e-05,-0.0006248919444703054,-0.00037122338664869885,-0.0008796504354477545,-0.00041758905598080544,-0.0008526244586982926,-0.0004306235324297102,-0.000598812084200675,-0.00023688190476788123,3.5658072577976134e-06,-3.5172163980923384e-06,5.507459827853881e-07,-3.203031544518675e-06,2.6370938798519043e-06,-3.6410305983366988e-06,7.142081918730642e-07,1.2024467705624296e-06,4.037672445265507e-06,2.2866295859863497e-07,2.1476451533486385e-06,-5.34901383475034e-06,7.812241474496295e-07,6.00307802365168e-07,1.3053523883804814e-06,-3.6026775946664617e-06,1.4865385945019006e-06,2.586357306233744e-06,-4.807669721416786e-06,6.173817979738736e-07,-3.06198786933953e-06,-1.3567301577032157e-06,7.576692727853521e-07,-4.211236550101623e-07,2.2969382646248645e-06,5.082090253864381e-07,-1.141747437906379e-06,2.3882129820722737e-06,-2.0691764925783697e-08,2.2637196038957277e-06,5.04187974979601e-07,4.752868472581925e-06,-3.2657255079908246e-06,-8.983173878343509e-07,1.769561104824294e-08,-2.5366401161663485e-07,-3.3240398815018545e-07,7.43158964073305e-07,1.725059664559205e-07,-3.3554878474894584e-07,2.0672155823317165e-07,1.3401889307921914e-07,-2.80453044913451e-07,-1.1818901579099097e-07,7.516162540531535e-10,2.2775259042466342e-07,-2.54189297687864e-07,-4.2825494411900006e-07,-6.449468384099071e-07,1.5671575801042389e-07,-2.851803364641046e-07,-1.0834557020513268e-07,2.501112055068838e-07,3.848543330694917e-07,6.134707106655959e-08,1.9219410920241563e-07,-1.3276144647499735e-07,6.558921940300996e-07,3.4185807263711016e-08,3.5575896891785927e-07,-2.4355251048211737e-07,1.3488909344322993e-07,-8.901529411957536e-08,3.397125112456882e-08,-2.4493946046268235e-07,2.1837632035636803e-07,5.945802456464805e-07
3033.333333333328,-0.011686870235064609,0.34292554724168317,-0.3119847914999999,-0.0006419394006179305,0.35786023400733014,-0.3039590889666667,-0.002109651721202294,0.3594764964187211,-0.2938098090333332,-0.003728425815264638,0.35909411745426073,-0.2957091772,-0.02362473067656709,0.3663062075870118,-0.3238361676999999,-0.021813323152383938,0.3660364292144315,-0.3377473791333333,-0.018742572922501307,0.3554751891169366,-0.3165621986,0.032815360041156524,0.3494226240404725,-0.2021717264999999,-0.08324147337879703,0.3022988897508046,-0.2307788152333333,0.013045563277100977,0.33130017400936895,-0.2635281421,-0.018858056978343963,0.3017948378633902,-0.3003614354,0.11845450723851148,0.2484287424693302,-0.06143213737,-0.12753052465373493,0.2827328573360105,-0.1133267700299999,0.26373754854758263,0.3003592630183427,-0.0714315177966666,-0.17002131351873317,0.2589263543374186,-0.2968453228666666,0.3458098408912172,0.46778223503724453,-0.1136087213466666,-0.12496909064435893,0.4254937216326361,-0.4317647506999999,0.3481093734394266,0.5167880821470309,-0.1172831371466666,-0.09293746471437979,0.47558964235438783,-0.4974347382333333,0.3284561995508864,0.537022180414015,-0.1230630175299999,-0.06133943153527472,0.5158468427405113,-0.4791545343,0.34703717594044636,0.46904848953468475,-0.1187780756366666,-0.11078514423532596,0.44664224146358433,-0.420468539,0.07565871454007853,-0.16780755779433068,0.0552887588733333,-0.07452591168911525,-0.18849296846805927,-0.0528211900333333,0.08339109743606836,-0.5021664890046827,0.1110475866066666,-0.028230829145608188,-0.4518285813615338,-0.0633722112733333,0.07188493236276283,-0.7680090355447103,0.2924624877,-0.06095347198638108,-0.76535614500677,0.1345815646666666,0.05181494709359641,-0.7952056831166797,0.3183597693,-0.06233938877247144,-0.7920169863177339,0.1161943541999999,0.07939114997920817,-0.8377640440106197,0.2862026165,-0.05935169498537962,-0.8288533809049105,0.0341004740533333,onweer_g_ch1_g19_compr.mp4,ch1g19,6.954476844945413e-05,0.0003926207767137427,3.987882132374526e-05,0.00023236526280661152,5.6918368248044864e-05,0.0003907763433997586,4.186150856011517e-05,4.1148485262699774e-05,3.9002439303209536e-05,3.52274493733693e-05,0.00013620859050020905,3.977702398569279e-05,2.868420876666367e-05,4.0014020433815434e-05,0.00015802594234974593,6.120960854517907e-05,4.0411931081954066e-05,0.00013501522696004423,4.016054254768661e-05,2.831633702258601e-05,0.0004204172678554503,2.993319471411673e-05,2.9734680830094013e-05,3.48703856436804e-05,5.8106391610648866e-05,1.0674716260519898e-05,2.103696217474017e-05,0.00014282763146891003,4.14155385597948e-05,0.00013641844233185918,1.076341705996723e-05,3.649812636845663e-05,0.0004366447458804021,0.0005035043400339587,7.063442449496301e-05,0.00048381170806331936,0.0005109903606957134,0.0005051841198528272,0.0005059454650391756,0.00033691997199818905,0.00031566630766863453,0.00032326765550419337,0.0006322779961284334,-0.00010914177512841495,0.0005504403545205039,0.0003379949635005012,-0.0002980630533784912,-0.0006560820632484429,-0.0026065185675121024,-0.0028346472992145126,-0.0023457757724565896,-0.003328334409531607,-0.002189453710896817,-0.003552102489506186,-0.0022523611067323283,-0.003570423544187988,-0.002243087996562627,-0.003361699871908537,-6.800727723205434e-05,6.845048234503166e-05,-0.0006259071926498366,-0.00038872604257165426,-0.0009028402034711184,-0.00041290340309354563,-0.0008809212620827563,-0.0004251846840045672,-0.000633422283962375,-0.00024393655975144858,2.7624919542585264e-06,-3.0013184548623386e-06,2.4928139200348537e-07,-3.209636594036499e-06,3.359969845052236e-06,-2.9381271156686504e-06,3.478209650604969e-07,1.2814199635932977e-06,4.081478354681797e-06,-4.3513990319150386e-08,2.308948441008884e-06,-5.033934890031974e-06,8.712688716666661e-07,2.9295568254867433e-07,1.0993292970553598e-06,-4.17097614284941e-06,1.597508483300948e-06,2.579905265288633e-06,-4.65378112798146e-06,7.356813902140252e-07,-2.209512685901145e-06,-1.4457250521131698e-06,8.172002101051458e-07,-6.118718445576378e-07,2.923077010733029e-06,5.397031255946646e-07,-8.864249886597669e-07,2.4157758796958855e-06,6.13745599167481e-08,2.4837012281481052e-06,5.38798973846652e-07,4.362629490887867e-06,-2.5910761478712323e-06,-8.715140053746975e-07,2.3857997022060646e-07,-1.9903073759336238e-07,-1.1119255979827513e-07,2.5198069583799795e-07,3.8116151403838827e-07,-2.6183133401427307e-07,9.782252288987111e-08,-9.198393030148386e-08,-2.5554793766270287e-07,1.727368492019592e-07,3.5991980909550747e-07,1.503892112968417e-07,-2.079602851124828e-07,-2.72504974076041e-07,-4.13098453102799e-07,-2.0673419306305386e-07,7.547091268580631e-08,2.1285251841040647e-07,1.8563182955495973e-07,5.020304161961872e-07,7.089710679530064e-08,1.2712353261566478e-07,-8.994384860319811e-08,2.0230959642142492e-07,1.9918763177499002e-08,3.622619238890937e-07,1.3083710103962457e-08,1.808299175009902e-07,2.9983571053973926e-07,2.2903038184955503e-08,-4.924839679659874e-07,3.8519377672414055e-07,3.7909673160187853e-07
3049.9999999999945,-0.0117715092136361,0.34338025216984003,-0.3095543375999999,-0.0010812804067466724,0.3583427016308999,-0.3015523050666667,-0.0025107295526766507,0.35995372500398576,-0.2913979468333333,-0.004124468412523726,0.35957223369527025,-0.2933262898000001,-0.023958897608551653,0.36661598089074904,-0.3215994567333333,-0.02214518671289634,0.36632410559554307,-0.3354975998333334,-0.019057801232952747,0.3557702147410838,-0.3143332391999999,0.031874421000945015,0.3500337439210672,-0.1997926324333333,-0.08384446504084285,0.30216843494148626,-0.2291569063,0.012881250111884058,0.33182665811282974,-0.2611016981,-0.018936048063106586,0.3021056419442837,-0.2980862995333334,0.11786980985151196,0.24812571856784138,-0.0587483395233333,-0.12734870760877018,0.2820616835167592,-0.1122664014299999,0.2633928678543925,0.29780264839882864,-0.0690352966,-0.1673989510036906,0.25609803513750323,-0.2958953609333333,0.3454357814054769,0.46547244596905807,-0.11221200969,-0.11939539023069755,0.42218184014616383,-0.4294641147333333,0.3476213763042575,0.5146337845880388,-0.1159593617,-0.08667065221980247,0.47204379552003517,-0.4945405065666666,0.3281755314882896,0.5347877927476936,-0.1214929087966666,-0.055402625854866244,0.5122752272204418,-0.4760967981333334,0.3467190442548053,0.46683344629783885,-0.1173033102066666,-0.10527012107354831,0.44329486563837533,-0.416070223,0.0754889123589612,-0.1678767285954868,0.0554612061633333,-0.07435793700292051,-0.1884235127955531,-0.0530205455899999,0.08310352127424596,-0.5028154577670363,0.1096044322533333,-0.027790800256299708,-0.45222761952109336,-0.0638399461833333,0.07154025507395856,-0.768908810674549,0.2905292935,-0.06048067062630516,-0.7657615688338141,0.1340674209666666,0.05146960598098771,-0.7960802392362045,0.3163701126,-0.06190252066536977,-0.7924349480606449,0.1156089610666666,0.07965224999477129,-0.838375347888124,0.2842960288333333,-0.05837440104856901,-0.8290840267335888,0.0336050436766666,onweer_g_ch1_g19_compr.mp4,ch1g19,7.137297421213218e-05,0.00038918083982244887,3.97219435796837e-05,0.00022896028862494133,6.040859112097759e-05,0.00038734402248459,4.177257293429238e-05,4.2317788753542076e-05,4.3654423878625856e-05,3.534003763909992e-05,0.00013826591169356346,3.5402598169378285e-05,2.944795146483843e-05,3.991626884944736e-05,0.0001594813609794985,5.747625521099389e-05,4.269091993161397e-05,0.0001373100766642531,3.608628239905516e-05,2.9020449190009197e-05,0.00041749119154804953,2.8353681909736673e-05,3.0454856026853975e-05,3.3964675741020406e-05,6.107189974203553e-05,1.1225091543500333e-05,2.0303292913684307e-05,0.00014508039866936406,4.150149954659385e-05,0.00013857309386621427,1.1306992052238551e-05,4.038439755205482e-05,0.0004334138988897504,0.0005003670317177759,7.093656825281018e-05,0.00043555933489387323,0.000465495843825298,0.0004600764507477822,0.0004600689476169061,0.000294261418987342,0.00027228796809627135,0.00028073841915252025,0.0006053674904149932,-0.00013163161702542693,0.0005103494142350043,0.00029971800028667436,-0.00030303207437312865,-0.0006726546069917719,-0.002615820843085088,-0.002839419785725454,-0.00237074295139961,-0.0033280739712952694,-0.0022142060530247224,-0.0035580788720236526,-0.002279906629804966,-0.0035787733817998803,-0.002266555388079255,-0.003362653394692865,-6.866693580597383e-05,6.902004001566998e-05,-0.0006251209096070732,-0.00040475417967377933,-0.000930876891735093,-0.00041000589832539634,-0.000915984531212842,-0.00042323678296938633,-0.0006762765626927638,-0.0002584926411459057,1.9931425355137186e-06,-2.6901020794527814e-06,8.415551401183099e-08,-3.0548204260126324e-06,3.5979093020087024e-06,-2.494318144694426e-06,1.3884063467923134e-07,1.2896038851445713e-06,3.997589095924318e-06,-2.6097344599612244e-07,2.755000569392536e-06,-4.45251361646552e-06,9.478487224665868e-07,1.1178558952189978e-07,1.164888881879909e-06,-4.6273315989662835e-06,1.4301189915080826e-06,2.9972891305052927e-06,-4.245740245074042e-06,8.584548450065808e-07,-1.7272748227676282e-06,-1.4297409915858505e-06,8.818485406307037e-07,-6.984021333374562e-07,3.107570098180092e-06,5.383230386179915e-07,-5.670005664236566e-07,2.6899521360590523e-06,1.924647274282049e-07,3.1060920756084826e-06,5.432902539474931e-07,3.7639065946313564e-06,-2.2118696519892084e-06,-7.980773716317089e-07,3.640648812061792e-07,-1.5864177352194265e-07,8.301627682912381e-08,-3.548441594331063e-07,4.776145489250962e-07,-2.0257046976222065e-07,-8.185905096265274e-09,-2.905345901959426e-07,-2.2456058178155572e-07,4.296814787002569e-07,6.303675716290839e-07,4.9978727331371355e-08,-1.7460221861039432e-07,-1.2306852102677787e-07,-1.2189204752410024e-07,-5.76574897228252e-07,4.239597328090182e-07,4.737581427239564e-07,8.866090216096427e-08,4.812886494185377e-07,4.3272491047118854e-08,3.768685939501431e-08,-7.94689145831534e-08,-3.501357717090663e-07,3.1618424352952705e-09,3.073401451934135e-07,2.5611469928204967e-07,2.1549865664130218e-07,6.331290892939753e-07,8.8879910948741e-09,-6.28056803952249e-07,4.3136233652191907e-07,4.692286649409777e-07
3066.666666666661,-0.011985573559254833,0.34382319776032205,-0.3070591252333332,-0.0016653723301483835,0.35881577815167964,-0.2990923826333333,-0.0030564113460051436,0.36042226783176723,-0.2889333454666666,-0.004663173489528332,0.36004159463328134,-0.2908910373,-0.024435190113469386,0.36691305952251385,-0.3193026632666665,-0.022619026404949602,0.3665985481482883,-0.33318669,-0.019514887424701963,0.35605190337625464,-0.3120455453666667,0.03078393017477271,0.3506521524460571,-0.1973783015999999,-0.084573937093208,0.3020357124281408,-0.2274629129666666,0.012590496953716734,0.3323459523876972,-0.2586187409666667,-0.01913530805797276,0.3024083753438942,-0.2957444906333333,0.11717041101495634,0.2478309060393849,-0.0560413691966666,-0.12729147590886883,0.2813878212045256,-0.1111481837633333,0.2627977224042604,0.29520798129184084,-0.06665094913,-0.1650227414808199,0.2532606033884538,-0.2948516945333333,0.3447947819360209,0.46312205301054715,-0.11085041782,-0.11389231357635753,0.4188647315410248,-0.4270930419666666,0.3468701771210361,0.5124388933433043,-0.11468196263,-0.08043622008677306,0.468500459527462,-0.4915836433333332,0.3276263422748109,0.5325011440992866,-0.1199683307466666,-0.049503870029320905,0.5087092545485795,-0.4729791045333333,0.34613826316927854,0.46457755208828777,-0.1158636151599999,-0.09983135354865878,0.43994613363274476,-0.418637961,0.0753170629042298,-0.1679446592483256,0.0556340392666666,-0.07418777490589723,-0.1883556348666757,-0.0532204450399999,0.08272436275021043,-0.5034324973630229,0.1079613296299999,-0.027419189744557197,-0.4526270929618301,-0.06430717383,0.07107245338184127,-0.7697865664880397,0.2882640050666666,-0.06017352088353544,-0.766124579358017,0.1336964257666666,0.05099180143708864,-0.7969365549934642,0.3140360791666667,-0.061642812786374304,-0.792804076789371,0.1151819558666666,0.07975157464794659,-0.8389873366446019,0.2819455991333333,-0.05757996824271301,-0.8292952224853508,0.0332527771199999,onweer_g_ch1_g19_compr.mp4,ch1g19,7.290876918596182e-05,0.00038580124670495693,3.914841235792988e-05,0.00022535336707027893,6.406108679293148e-05,0.00038422657998156976,4.130079233991978e-05,4.346268069106319e-05,4.766195410843496e-05,3.533196501272806e-05,0.00014096551003376986,3.165139202045243e-05,2.9493764696788662e-05,3.93608968135925e-05,0.00016037875898003166,5.3094672679030056e-05,4.450215481277681e-05,0.00014050422933453488,3.242415854872869e-05,2.9065178896551263e-05,0.0004151131236402919,2.6287924218629258e-05,3.0459418453780196e-05,3.292677457700528e-05,6.419298189629658e-05,1.17366889527677e-05,1.9418477874367074e-05,0.00014745224602408152,4.169918074993772e-05,0.00014218977451759516,1.1819228125496635e-05,4.296783828177133e-05,0.00043042548589630893,0.0004970817369392404,7.191707017343905e-05,0.0003921809266125143,0.00042267019546689825,0.00041784674237946447,0.000417060719762047,0.00025239255351496253,0.00023088285696910846,0.0002405286021155304,0.000577891838122767,-0.00015349863258194187,0.00047542611872847956,0.00026671878523638486,-0.00030423753076480126,-0.0006870783591264296,-0.0026138406660160198,-0.0028439803786176085,-0.0023938144561123646,-0.0033415644739801134,-0.0022478207820206537,-0.0035849578917182185,-0.002324955319536198,-0.0036084133742692,-0.00229606753596717,-0.0033804145970056376,-6.866558798398109e-05,6.87284153975493e-05,-0.0006240462274732776,-0.0004221492638854348,-0.0009532489625668671,-0.00040994058914931773,-0.0009449224834842096,-0.00042471127741846676,-0.0007145587504836092,-0.0002780982059239462,1.1919309295780776e-06,-2.630990737114201e-06,-5.5906408328417685e-08,-2.772600362530736e-06,3.197288245949529e-06,-2.364162980187976e-06,-2.7409229662549083e-08,1.2578227878768091e-06,3.7052865371961043e-06,-3.4972307321713125e-07,3.190865817502809e-06,-3.6001526961830885e-06,9.041686995939232e-07,-5.221071946476285e-08,1.2303418062790848e-06,-4.7174725061573475e-06,8.796074153522061e-07,3.5068447700928713e-06,-3.5729866705439045e-06,8.601376948006619e-07,-1.645510272778184e-06,-1.3931379140326723e-06,8.438450704952725e-07,-7.70763696721898e-07,2.725261100023977e-06,5.147075852659075e-07,-2.9863959094765636e-07,2.953059395556705e-06,4.032593110421974e-07,3.7927266996309583e-06,5.256827670113224e-07,2.9773422276370927e-06,-2.1644091583842285e-06,-7.26031969633914e-07,4.206232930458931e-07,-1.4739856080607332e-07,2.4915977219619094e-07,-9.938959018587084e-07,4.843295055833234e-07,-1.7737097950253124e-07,-1.289416024623752e-07,-4.1973759715085555e-07,-1.7379799723874902e-07,5.134711696719087e-07,7.908658921722685e-07,-5.721426210662121e-08,-1.6742560373655624e-07,2.245733568021099e-08,2.1000861741732495e-07,-8.716058585395906e-07,5.602155406881026e-07,6.553843980621692e-07,-2.3683350563769e-08,3.5112133164207506e-07,-2.111252875479256e-09,-6.018312411633795e-08,-1.0685815255072163e-07,-9.320365857352631e-07,-1.10731682773237e-08,2.079779060654623e-07,3.774127816189449e-07,2.3383703271179015e-07,6.918948382994794e-07,-3.3696180986691305e-09,-6.748548909919508e-07,3.8695356872748365e-07,6.180204579047785e-07
3083.3333333333276,-0.012203457937402521,0.344244989537396,-0.3042691887666665,-0.0022414272436727524,0.3592674367404488,-0.2963397537333333,-0.0035947934013854524,0.36086987151396593,-0.2861799873999999,-0.005196136034419698,0.3604889035545461,-0.2881696024666667,-0.024910081660715542,0.3671928927530864,-0.3167662462333332,-0.023090071513523436,0.3668563824716777,-0.3306259552333333,-0.019972109385989964,0.35631723212215816,-0.3095154036999999,0.029639703729471674,0.3512600947854908,-0.1947268625,-0.08529368068843693,0.30189656217127364,-0.2256925367999999,0.012302291075405803,0.33284912064974814,-0.2558534430666667,-0.019336990792198975,0.3026978109435545,-0.2931762625666666,0.11638245121008788,0.24753747767534465,-0.05311508374,-0.12725673805268772,0.2807141480057848,-0.1099962765633333,0.2621858931765619,0.29262005080993514,-0.0638251586733333,-0.16263492511732477,0.2504251974348024,-0.2936439226666667,0.344188736705627,0.46072642553947324,-0.1088815112566666,-0.10842082723336466,0.4155377724553835,-0.4243501077666667,0.34617206183228627,0.5102096680237069,-0.1127350453633333,-0.07423650793389748,0.46495077476968955,-0.4882351268999999,0.3271204616519169,0.5301927275045525,-0.1178258166999999,-0.04360850040149081,0.505135379871178,-0.4694870502000001,0.3455936596149906,0.4622867684116173,-0.1138318162433333,-0.09441564757956344,0.4365842179641315,-0.42025122,0.07512999700512367,-0.1680148549068369,0.0558444281399999,-0.07400143598181066,-0.18828557493339754,-0.0534582459666666,0.08232019437549869,-0.5040697195934521,0.1063581790266666,-0.027056938278352267,-0.4530867889597988,-0.0647032763699999,0.0705068459328949,-0.7707917582695233,0.2861372338666667,-0.0599457889061794,-0.7665621632551156,0.1333061753,0.05040792047098873,-0.7979400121388665,0.3118501732000001,-0.061481412675350414,-0.7932614327365398,0.1147274125999999,0.07981172294611821,-0.8397663411137901,0.2798529674666666,-0.05682658080828568,-0.8296191114134253,0.0330554178199999,onweer_g_ch1_g19_compr.mp4,ch1g19,7.435057129588346e-05,0.0003835649623851141,3.948919181771605e-05,0.00022276154286702082,6.72758212530578e-05,0.0003821948790412824,4.170969872498218e-05,4.449651675518826e-05,5.084159696480172e-05,3.520190133717486e-05,0.00014338116369129472,2.8216797239634974e-05,3.0374001318671678e-05,3.968319434053868e-05,0.00016070960301154392,4.812364898250836e-05,4.561078748099572e-05,0.0001434025587155681,2.8965701842134195e-05,2.9939513732299315e-05,0.00041354264651166346,2.5178099584178965e-05,3.129546903812617e-05,3.268141299417066e-05,6.693641093655803e-05,1.2259578355856395e-05,1.9422264745263643e-05,0.00014936747482768763,4.195672718404871e-05,0.00014554693770198185,1.2360012957159231e-05,4.480486760250961e-05,0.00042845451420526933,0.0004948565493014289,7.293486815148967e-05,0.0003545748969672363,0.0003840250781905712,0.0003798042962788604,0.0003780781748012004,0.0002142801066395101,0.00019418586788283739,0.00020516605854701208,0.0005508089466906696,-0.00017405103519062186,0.0004460410718022299,0.00023973428201031106,-0.00030218359836862156,-0.0006966562138324627,-0.0026012902811469916,-0.002857496959861479,-0.002406384929528191,-0.003369734355376832,-0.0022730466868856997,-0.0036238038733776806,-0.0023611836725345586,-0.0036460360489311986,-0.0023173663954190915,-0.003411716922130032,-6.827442013498407e-05,6.78924059969716e-05,-0.0006216729317568932,-0.0004369410130019561,-0.0009648182670455167,-0.0004055473892449524,-0.0009617291795911056,-0.00042224314254230564,-0.0007357270303462325,-0.0002885634792561308,4.839414103160645e-07,-2.9036200640410404e-06,-1.2378341948054048e-07,-2.709756352455747e-06,1.9579717099293407e-06,-2.594650396915121e-06,-1.0598254336872235e-07,1.1651544986782567e-06,3.196628606392995e-06,-4.290922574911932e-07,3.6041936475506786e-06,-2.68758844229315e-06,8.074655757087035e-07,-1.4401378683036924e-07,1.300515227950024e-06,-4.459807804198254e-06,-1.423336860613548e-07,4.100173705601975e-06,-2.7919145624102426e-06,7.958904844585163e-07,-2.054667386565507e-06,-1.3440701057072378e-06,7.58695845148976e-07,-8.150554894450232e-07,1.5906990280472538e-06,4.723840325735742e-07,-9.121459577906463e-08,3.205904653023417e-06,6.74321522913637e-07,4.487403437122975e-06,4.918675749767451e-07,2.2104810156012745e-06,-2.5266677276799716e-06,-6.688198484341933e-07,3.507127529880712e-07,-1.9156737597241417e-07,3.1217394496337333e-07,-1.5671044855746035e-06,3.578346179911715e-07,-2.116777347879743e-07,-2.789200101107885e-07,-4.6523298601928156e-07,-9.947075321337388e-08,4.197525418612494e-07,8.55114133212623e-07,-1.9144359517813404e-07,-2.1192680729955493e-07,1.3155306152415968e-07,5.66675097305718e-07,-1.031696186329205e-06,4.785980770783047e-07,7.622423726128778e-07,-1.6852837594184558e-07,9.202281310972665e-08,-8.029630780810725e-08,-1.881393346632349e-07,-1.799058932956801e-07,-1.4566888845725831e-06,-2.201315196488123e-08,6.111999010199067e-08,3.560749220978785e-07,2.2256966843511783e-07,4.991553425939566e-07,-1.3478853975297261e-08,-6.588015238360836e-07,2.0011060042023188e-07,6.037777448414745e-07
3099.999999999994,-0.012441701017627576,0.3445595061139577,-0.3017495424666666,-0.0028330761668318924,0.35961625500590205,-0.2938722575333333,-0.004149196967798511,0.3612138187349332,-0.2837030170333332,-0.005747170773774898,0.36083086759925354,-0.2857310174999999,-0.02539926814138878,0.36737295869743347,-0.3144937585333332,-0.023570938183899343,0.36701624748765266,-0.3283468653333333,-0.020442184579023116,0.35648799265933967,-0.3072505315,0.028488782751990224,0.35179562583719903,-0.1923637271,-0.08602279260479734,0.3017097795250765,-0.2241465905,0.011982160370676398,0.3332626501166308,-0.2533542526,-0.019563453416694788,0.3029083422255077,-0.2908724774666666,0.11558505196643826,0.24723381911743475,-0.0504625438066666,-0.12725796348868415,0.28002182208818144,-0.1090041989633333,0.2615382005301054,0.2899849127008678,-0.0613319531333333,-0.1602973346220472,0.24756335163690724,-0.2927991271666667,0.3435708333503408,0.458298535295083,-0.1072263473866666,-0.10298513142211414,0.4121654604897405,-0.4223561585666666,0.34546518669564014,0.5079193170842143,-0.1111365188133333,-0.06806674137094965,0.46132346518305023,-0.4857151239666666,0.32660742355781663,0.527838579488404,-0.11601872558,-0.037731450517286554,0.5015002960792452,-0.4668200533,0.34503965561085814,0.4599595206178739,-0.1121173854866666,-0.08902563180093677,0.43317151245976543,-0.438254029,0.07493409394054457,-0.16808309561604942,0.0560628329666666,-0.07380677005562584,-0.18821761959004285,-0.0537029221666666,0.08190783287023216,-0.5046747476813838,0.1049224660366666,-0.02669201218253317,-0.4535305429990292,-0.0650099029033333,0.06994028374379378,-0.771729301730664,0.2840420163666667,-0.05971461002098898,-0.766948026241219,0.1328903663666666,0.049824736555042125,-0.7988790962918549,0.3096884726666667,-0.06130987202786028,-0.793663159417666,0.1142282748333333,0.07985408787580894,-0.8405128106588814,0.2777925362333333,-0.056092014754172706,-0.8299070085222262,0.0328358029899999,onweer_g_ch1_g19_compr.mp4,ch1g19,7.526852943387655e-05,0.0003820773497472526,3.952551917867389e-05,0.0002213121032185891,6.875192669679805e-05,0.0003811468685042398,4.1820247984799636e-05,4.5517787801341026e-05,5.354408937484112e-05,3.44079566155876e-05,0.00014771542123407885,2.5570199255249874e-05,3.1037916041209305e-05,3.966269249042408e-05,0.00016202348652911782,4.300458981822497e-05,4.529918238739492e-05,0.0001484940082333613,2.6145643837149042e-05,3.05760078662836e-05,0.00041313100466218043,2.3701243064043016e-05,3.1945633008172626e-05,3.191942044365965e-05,6.8055011910638e-05,1.2767991728169995e-05,1.9255424596200065e-05,0.00015316100866849316,4.268898591780421e-05,0.00015115600070044608,1.2897186227015093e-05,4.6764497871064005e-05,0.00042743933768087913,0.00049464335938565,7.290459064980839e-05,0.0003042937950589846,0.00033104093981963737,0.00032739230232352865,0.00032472440575516284,0.00016478170531696599,0.0001461453952794684,0.00015873470202895686,0.0005054633017561059,-0.0002003057390348585,0.00040283486122725523,0.00020309363155656939,-0.0003107664935131479,-0.0007096300677183724,-0.0026124254338583137,-0.002900221269724767,-0.002449655451288159,-0.003421926960345233,-0.002333466113910666,-0.0036856632843221392,-0.002431351577466385,-0.0037052567926411325,-0.002369329949925164,-0.0034686769346985646,-6.80034113058028e-05,6.727769632310565e-05,-0.0006244184479307372,-0.0004458411717878277,-0.0009555192680927147,-0.00039567285651213055,-0.0009556452066352433,-0.0004145107877644157,-0.0007376999463328871,-0.0002856620079492886,-5.847540505435131e-08,-3.1965295933937626e-06,-1.005391165472269e-07,-2.820846842378097e-06,1.758307539423924e-07,-2.9042618911854407e-06,-9.241366939063092e-08,8.980945050356127e-07,2.611972777129812e-06,-5.338236113284177e-07,3.889638699346335e-06,-1.82491278652339e-06,7.321418769415149e-07,-1.425853068259519e-07,1.2402195734727684e-06,-3.879645809683809e-06,-1.3116253644077479e-06,4.519647394613788e-06,-2.009107020305477e-06,7.362331567118387e-07,-2.668230840368143e-06,-1.2110768992760075e-06,6.947065950274559e-07,-7.974419938892889e-07,-5.014139777666673e-08,4.36608818447258e-07,8.837863999359657e-08,3.414752996414368e-06,8.930076801681447e-07,4.92436692542671e-06,4.638859667460571e-07,1.551682013676021e-06,-2.9875521132613226e-06,-6.045140323268651e-07,1.397645374309699e-07,-2.3334782612740404e-07,2.2805093413856303e-07,-1.965154882794349e-06,8.522888442999474e-08,-2.4872822257873906e-07,-4.6802092747213765e-07,-4.3962943598962553e-07,4.2416326287170916e-09,1.2032196201739642e-07,8.056985011250327e-07,-2.968336992103984e-07,-2.498905855959193e-07,1.6645899376421964e-07,8.884151646655435e-07,-1.014022933179353e-06,1.5080307607927055e-07,7.713326998372163e-07,-2.8624087772241524e-07,-2.9939310324712325e-07,-1.2180015071208576e-07,-2.917831228167732e-07,-2.2830199179483787e-07,-1.8227804025928837e-06,-2.886039225898325e-08,-6.744768354549278e-08,1.5310895382175654e-07,1.6484975947319757e-07,3.0420535250117684e-08,-2.050348198594749e-08,-6.216217382173109e-07,-1.3962476515858368e-07,3.502746105988179e-07
3116.6666666666606,-0.012670728273771553,0.34482132554114403,-0.2992423590666666,-0.0034377045724289534,0.35991066726890497,-0.2913968875666666,-0.004713040467500488,0.3615033446322846,-0.2812194924999999,-0.0063102485316203485,0.3611173318360516,-0.2832864184333333,-0.02588525880412255,0.36750218509799193,-0.3122201899999999,-0.024045480199902686,0.3671263475566726,-0.3260674247666666,-0.02090483949426534,0.35661109065079244,-0.3049825926333333,0.027337340504146518,0.3522775405267594,-0.1899660503,-0.08677215131012342,0.30149600941729965,-0.2225993452999999,0.011635252681196176,0.33362726559010775,-0.2508554997333334,-0.01979908037929484,0.3030775421190249,-0.2885832488333333,0.11471159625533758,0.24691940307173083,-0.0477403576766666,-0.12728437509167462,0.2793097343250904,-0.1080139633966666,0.2608191444093012,0.28735952800014086,-0.0586928066133333,-0.15802334317164218,0.24467941506200327,-0.2919812918333334,0.3428644395155375,0.4558500912495774,-0.10548944071,-0.09759050836887609,0.40875361219887774,-0.4204289655666666,0.34466903223953393,0.5055947172795507,-0.1094860530533333,-0.06193242455557212,0.45764393723346336,-0.4832825779333333,0.32598999810284596,0.5254346869058808,-0.1141754569166666,-0.03188564694995867,0.49781667400547713,-0.4642537058,0.34438914492753336,0.45760131423645883,-0.1103355838533333,-0.08367376841464626,0.4297146789111247,-0.415832102,0.0747200599399808,-0.16815099522637714,0.0563035808433333,-0.07359495221594374,-0.18815030415318115,-0.0539671580033333,0.0814870944318743,-0.5052982155068245,0.1033135918999999,-0.026329340276100965,-0.4539980695418764,-0.06545700765,0.06935696746555267,-0.7727264890320207,0.2815902820333333,-0.059517046859514616,-0.7674014226675073,0.1320423351,0.049222328426460626,-0.7998829043948549,0.3071497280666667,-0.06117537548360039,-0.7941427016704549,0.1132854296999999,0.07982085251432328,-0.8413191513748429,0.2753224989,-0.05541629207511258,-0.8302522046182865,0.0321570309466666,onweer_g_ch1_g19_compr.mp4,ch1g19,7.536843091161519e-05,0.00037949884819365304,3.9706805081703834e-05,0.00021873982834121135,6.944303145915817e-05,0.000378986547833564,4.2010476154209966e-05,4.608682295849847e-05,5.5554412363364365e-05,3.355214834642095e-05,0.000151894473642323,2.4186242213704028e-05,3.198111005053256e-05,3.977414680551794e-05,0.0001629316409713969,3.8836831448555606e-05,4.3626296562709305e-05,0.00015319497631776177,2.4491333088569062e-05,3.1499991786916094e-05,0.0004112913710950628,2.2666042089573366e-05,3.287160656995241e-05,3.1273264805217884e-05,6.84734608598654e-05,1.320883381884685e-05,1.944588703825304e-05,0.0001568094443745657,4.32510511521629e-05,0.00015631864746295967,1.3376812149942848e-05,4.845581976250517e-05,0.00042520048022750884,0.0004929527459683577,7.272166278752678e-05,0.0002515271214757213,0.00027363914073521835,0.0002705616451313545,0.00026698943419029524,0.00011300791098550202,9.613208960341488e-05,0.00011054968091469185,0.00045101402667325433,-0.00022803369318439448,0.00035428924267615563,0.0001643585498684041,-0.00032569554812467556,-0.0007173106429701142,-0.0026222886819580477,-0.0029174567704848345,-0.0024978278672908253,-0.003447098263403379,-0.002397690253128499,-0.003720395483091829,-0.0025025224793004184,-0.00373636687246688,-0.0024263614778471474,-0.0034982330335134484,-6.71435221148576e-05,6.603699171166211e-05,-0.0006257498634327186,-0.0004464972095761756,-0.0009215854741646093,-0.0003801156279130844,-0.000922876442117943,-0.0004014237156449224,-0.0007212831810400908,-0.00027310169452227946,-4.704890659170575e-07,-3.2624654748395253e-06,-1.0376529501097736e-07,-2.8459475068988467e-06,-2.1219638333554067e-06,-3.056612725910241e-06,-1.110090079027768e-07,4.671955505555293e-07,1.9945573063833322e-06,-6.515674158449879e-07,3.897300159487408e-06,-1.1847078573957476e-06,6.379371872871975e-07,-1.5564162806226726e-07,1.1026528873845753e-06,-2.9286891884414937e-06,-2.497642226939255e-06,4.562351760589341e-06,-1.364587118981005e-06,6.37108849145714e-07,-3.2575597301292257e-06,-1.0511072625871792e-06,5.999102901311849e-07,-8.175923804094195e-07,-2.1789691977197732e-06,4.0604822109933274e-07,1.7368375247948696e-07,3.452847736747569e-06,1.0465052538752791e-06,4.852615253302725e-06,4.409642200403707e-07,1.0164561934722934e-06,-3.3472957934108567e-06,-5.064615902879648e-07,-2.1573676707804064e-07,-2.47638850554023e-07,4.6989946085481535e-08,-2.1441530804635636e-06,-3.200219778650805e-07,-2.617830339659595e-07,-6.72594968223733e-07,-3.514363204107423e-07,1.0682315621093382e-07,-2.6140342455552887e-07,6.462496566048449e-07,-3.5711113541124375e-07,-2.573828258676174e-07,1.448920754085933e-07,1.0992055563883246e-06,-8.146255067635893e-07,-2.713480613499374e-07,6.747055984465014e-07,-3.5940181552403337e-07,-7.808417035438753e-07,-1.0956824847716555e-07,-3.5233523825981134e-07,-2.299384658292759e-07,-1.9926470664730125e-06,-3.3394047468008024e-08,-1.5523773163646636e-07,-1.3304564451215203e-07,7.581779454441076e-08,-5.306658349562942e-07,-2.6145317126871634e-08,-5.708963389566768e-07,-6.220902494670318e-07,2.9571145520974434e-07
3133.333333333327,-0.012969683113762174,0.34502402296244417,-0.2967605679,-0.0040946577070230614,0.3601327840962058,-0.2889363949333333,-0.0053305166109471475,0.3617232032455342,-0.2787489077999999,-0.0069283027526529,0.36133214295415145,-0.2808579911,-0.02643340681004695,0.36756619507024874,-0.3099280556333333,-0.024580240259682598,0.3671744632773282,-0.3237769424333332,-0.021429466843950692,0.35667618942626206,-0.3026974479333333,0.0261707224335979,0.35267819215370383,-0.1875816792666667,-0.08753918474657525,0.3012360845551536,-0.2209725279333333,0.011235737421937909,0.3339369150382277,-0.2483843353666666,-0.020097473672837193,0.3032035705692576,-0.2863006323333333,0.11381869023864653,0.24657912915740518,-0.0450037490533333,-0.12735067712175166,0.2785813296634657,-0.1070014970299999,0.26009084370864594,0.28475236556784,-0.0560351530199999,-0.15582642616009415,0.2418013572698245,-0.2913060546333333,0.34211091983315284,0.4533638919929473,-0.1038151584066666,-0.0922476997857888,0.40532186302866563,-0.4187713544333333,0.34382395089851886,0.5031959785828091,-0.1079109286199999,-0.05586453006629058,0.4539209925018513,-0.4811653136666666,0.3252818229824419,0.5229263166933804,-0.1123989764966666,-0.02609432074569692,0.4940736539161663,-0.4620029778,0.3436779465066587,0.4551841624427425,-0.1086158875233333,-0.07837087651615077,0.4262250459196045,-0.414155722,0.07450173482106133,-0.16821794787147,0.0565422308866666,-0.07337914844066253,-0.1880842294360362,-0.0542280829233333,0.08103986154189424,-0.5059248642177853,0.10175058924,-0.025943873870939282,-0.4544570381274861,-0.0658901429299999,0.0687055716990669,-0.7737159400594028,0.2792760095,-0.059320472087590934,-0.7678097633186375,0.1314633653666666,0.048543369311221295,-0.8008789893726417,0.3047672787666667,-0.061040149731889724,-0.7945742167852232,0.1126647359999999,0.07967905559754454,-0.8421246901306841,0.2730052123666666,-0.054769924300732874,-0.8305641195694452,0.0318390148966666,onweer_g_ch1_g19_compr.mp4,ch1g19,7.452450818949738e-05,0.0003760086543225672,3.918221087637859e-05,0.00021672730234601595,6.724784020074843e-05,0.00037558621970892794,4.142919162597913e-05,4.6575868264166084e-05,5.7295762871577025e-05,3.2899791978366736e-05,0.00015659256661255502,2.3348079369379234e-05,3.224436147184059e-05,3.917763737961108e-05,0.00016462333567778082,3.540941769127826e-05,4.028521986668095e-05,0.00015845900277837796,2.346901627288006e-05,3.174939804559559e-05,0.00040726739581638575,2.1411354855398814e-05,3.3096194969603684e-05,3.0174345375207406e-05,6.632352420684431e-05,1.3569941297693349e-05,1.9480678113924906e-05,0.00016108662125142583,4.430652554985829e-05,0.00016174984376025496,1.3783111655094646e-05,4.914404541598524e-05,0.00042125525581910737,0.0004913277662655846,7.035342627074087e-05,0.00018930342874160655,0.00020658855391535825,0.00020378703046039986,0.00019955471375929392,5.355283940452027e-05,3.8439364768333095e-05,5.469304400686744e-05,0.0003833809447383408,-0.00026155478094833394,0.0002938936657964526,0.00011636963390376414,-0.00035224757227210886,-0.0007318231940657906,-0.0026496569874970956,-0.0029338238195038453,-0.0025628678231919724,-0.003446210630135553,-0.0024782840979272356,-0.003716054051763568,-0.0025828671088535043,-0.003724929281672957,-0.0024974681296488785,-0.0034978389235728077,-6.595673300081669e-05,6.462580107135404e-05,-0.000637083012859372,-0.000447923372340672,-0.0008791495163964712,-0.00037090555357041394,-0.0008792764739698913,-0.0003944425401467597,-0.0006938410560369447,-0.00026059211503552275,-8.185004540449643e-07,-3.5069103329245594e-06,-2.780950942984216e-07,-2.8373387027588665e-06,-4.616850149037093e-06,-3.4388045898443873e-06,-3.159475608087849e-07,-2.3365028600516503e-07,1.5578173562293774e-06,-6.732470557769901e-07,3.7473401109912146e-06,-7.45891634658668e-07,4.0485946952962685e-07,-3.346832725633229e-07,1.0709940144996498e-06,-1.7683596840737208e-06,-3.526825430580441e-06,4.401972175677113e-06,-8.528443097685005e-07,3.9751756335328725e-07,-4.186758161613083e-06,-1.071640750978779e-06,3.6435503071415956e-07,-9.748586514541026e-07,-4.502532848854597e-06,3.908657529985509e-07,7.00378990677635e-08,3.472776392179175e-06,1.1015867590880843e-06,4.335586087574807e-06,4.3375950323014074e-07,6.894611887991041e-07,-4.061290397051915e-06,-3.592967325902889e-07,-7.856171227731665e-07,-1.8719875096764017e-07,-2.864235612193414e-07,-2.012869593495294e-06,-9.100595235872555e-07,-2.0247451869029513e-07,-8.846918588060065e-07,-2.464663916571155e-07,1.7289995305651047e-07,-6.59514410157355e-07,4.090815216675611e-07,-3.2758096730958354e-07,-1.8823356540139356e-07,3.504412683068448e-08,1.1451363029347614e-06,-4.587251191702266e-07,-7.097178633641011e-07,4.886623050042501e-07,-3.4074303796681656e-07,-1.3849539169020367e-06,-4.111469978313369e-09,-3.233174728660753e-07,-1.4165241301615048e-07,-1.8834634188849043e-06,-3.895909863983571e-08,-1.6122798622013451e-07,-4.6236557984685484e-07,-6.435298608595922e-08,-1.066586721523546e-06,-3.354553079827289e-08,-4.991462491629529e-07,-1.295309083665467e-06,9.561604155519103e-07
3149.9999999999936,-0.01329367005442042,0.34517546974106583,-0.2945773074,-0.0047671378131483,0.3602914292215317,-0.2867741202333334,-0.005965627826119084,0.36187915473271,-0.2765721521333332,-0.00756558752373748,0.3614827974913028,-0.2787256041333333,-0.02699320605081679,0.3675807110743763,-0.3079118282,-0.025124802658346792,0.36717595577610634,-0.3217735508333333,-0.021966338226105844,0.35669860231934575,-0.3006875117666667,0.02500762341528006,0.35298316258642565,-0.1854829942333333,-0.0883073467212258,0.30094252247392483,-0.2195694231666666,0.010798057052261011,0.33418734943868084,-0.2462084991,-0.02042711367200198,0.30329119977630586,-0.2843084275333333,0.11291628558516284,0.2461687295245462,-0.0424604576186666,-0.12744086453470543,0.2778264418524369,-0.1062079297299999,0.2593715218113518,0.28206813721479296,-0.0533417098066666,-0.15365428090087574,0.23891092000435613,-0.2910347859666666,0.3413453605729657,0.4507279326579654,-0.1019993323466666,-0.0869668708289454,0.4018758108356796,-0.4179636578666666,0.3429449411505202,0.5006147368759272,-0.1061787334566666,-0.049888141866204314,0.45018062517519236,-0.4799798487999999,0.32453269315703726,0.5202477754369819,-0.1104753554099999,-0.020386227097023778,0.4903112095043613,-0.4606538793333333,0.3429508188470433,0.4526103901757277,-0.1067539547633332,-0.07313070990445245,0.4227164539859978,-0.403978854,0.07427277954867029,-0.16828350886592774,0.0567893194599999,-0.0731546022738951,-0.1880197895384358,-0.0544945642399999,0.0805942086557007,-0.5065486191149926,0.10058428134,-0.02557490093217067,-0.45491300213531854,-0.0661433654399999,0.06804959666483175,-0.7746310796315031,0.2776491861666666,-0.059160063561838526,-0.768202109101556,0.1311905414666667,0.04785960971175263,-0.8018036459040478,0.3031085659666666,-0.06093665130733898,-0.7949912193259758,0.1123581001666666,0.07952688451081498,-0.8428372651983135,0.2713581433333333,-0.05421476321129687,-0.8308435302674222,0.0317180020066666,onweer_g_ch1_g19_compr.mp4,ch1g19,7.30014584828732e-05,0.0003697828777917002,3.878050992646898e-05,0.00021287907124599193,6.151632543415284e-05,0.0003692935984390339,4.0946433063650184e-05,4.624214983211359e-05,5.8914414833571945e-05,3.227961446982285e-05,0.00016054433419679831,2.3200139402496767e-05,3.2639078782550196e-05,3.872266742990315e-05,0.0001662345175068302,3.3691606019150376e-05,3.5977563326758895e-05,0.00016310876647294856,2.3149779797432757e-05,3.213670706890452e-05,0.0003998715751808082,2.067859526865421e-05,3.3438341618256674e-05,2.91921563616991e-05,6.0756515810750346e-05,1.3824842033286033e-05,1.973293197716423e-05,0.0001649159301412118,4.570893012263129e-05,0.0001660086733665899,1.4085146921509184e-05,4.944035252540784e-05,0.0004141802374099966,0.0004867114694637237,6.501743241724932e-05,0.00011991194250770059,0.00013304459932864882,0.00013007859478941458,0.00012569591216026778,-1.1205692064237571e-05,-2.5486240502715995e-05,-7.618795597904379e-06,0.0003064918391568637,-0.00030137582993209613,0.0002251019555605557,6.029204372092056e-05,-0.0003903690558201329,-0.0007504290232232363,-0.0026754202049627585,-0.0029048180678333895,-0.002615835894013967,-0.0033865807826180755,-0.0025409542623921018,-0.0036438328573886493,-0.0026373185599024595,-0.0036411577162588893,-0.0025515765921685354,-0.003433564831893036,-6.486874924415273e-05,6.349820774091907e-05,-0.0006393155798731683,-0.000445810912356349,-0.0008096810276961414,-0.0003526684492878112,-0.0008053292382592935,-0.00037633506939568955,-0.0006338187701111833,-0.00023636379568713149,-1.2251639309467469e-06,-4.21250527917579e-06,-7.409053495879331e-07,-3.016574426234802e-06,-6.829561909385767e-06,-4.2901256882925896e-06,-8.101253211741073e-07,-1.241720188629513e-06,1.3503604197858714e-06,-5.548533184702219e-07,3.518800359556408e-06,-4.993881291181215e-07,-1.365471360014776e-07,-7.960849754669431e-07,1.1917041739090128e-06,-4.789616016277779e-07,-4.059226786760417e-06,4.102494102294839e-06,-4.850493402624395e-07,-1.6261017852251348e-07,-5.574109234501943e-06,-1.3838005568506789e-06,-1.8313689169833206e-07,-1.3834040918072312e-06,-6.577381156960058e-06,3.4863582017895636e-07,-3.613974262918659e-07,3.4257955010839935e-06,1.0591604549307101e-06,3.704585231043534e-06,3.9589224948866764e-07,3.8253658457100606e-07,-5.3450418207973944e-06,-1.6299448896541828e-07,-1.5688720219786699e-06,-5.770618206481657e-08,-7.108997128567556e-07,-1.5434460454214054e-06,-1.6856706444131008e-06,-7.591830735947939e-08,-1.0471937977144595e-06,-1.4535386144206553e-07,1.9137472051285865e-07,-9.379885594025752e-07,1.4189211998702684e-07,-2.212717975213532e-07,-4.954048746990843e-08,-1.199180734097907e-07,9.83596102167788e-07,-3.4638488501155627e-09,-1.005296973407109e-06,2.520685902874714e-07,-2.413357148377719e-07,-2.1281907567929755e-06,1.8130764689179203e-07,-2.1712255240164258e-07,3.5900498951575974e-08,-1.45974733444306e-06,-4.923113956734367e-08,-7.935814417788459e-08,-7.208399773149334e-07,-2.4211198313135457e-07,-1.3935052916284145e-06,-4.6302461848866765e-08,-4.253080043645449e-07,-2.1654444526122883e-06,1.8710233671210437e-06
3166.66666666666,-0.013635267671726415,0.3452845441209285,-0.2925590454666666,-0.005450566655804922,0.36040745495147025,-0.2847789312333333,-0.0066108232777157055,0.36199292636473146,-0.2745582144999999,-0.008215394727164586,0.36159191446171934,-0.2767599254,-0.027569144961964595,0.36755747186737925,-0.3060533216,-0.02568506308335427,0.36714069737188737,-0.3199295252,-0.022522076354661327,0.35668318673983507,-0.2988331079333333,0.023841879290033823,0.3532721603037405,-0.1834794482,-0.0890907266380665,0.30064721746717793,-0.2182731726666666,0.010342755036467637,0.33440690211454915,-0.2441714592,-0.020777503331661333,0.30335344987257573,-0.2824544190999999,0.11201508610143221,0.24578578401996673,-0.0399452323966666,-0.12765387564451136,0.2770733095440025,-0.1054877056966666,0.25861336024452836,0.2793907195772414,-0.0506605591003466,-0.15164526932542802,0.23601415841323437,-0.2908736368666667,0.34034196222539503,0.44804860084656806,-0.1006431990399999,-0.08194611131917404,0.3984842277020307,-0.4177989752,0.34177201919263883,0.4979815189148168,-0.1050266909033333,-0.04417004192591904,0.44652865205624814,-0.4794884303666666,0.32348301654249134,0.5174784274323742,-0.1090994400566666,-0.014949684788510687,0.4866442450249735,-0.4599816065,0.3419713233187507,0.4499663107372696,-0.1053558828833333,-0.06815462519304712,0.41926703519552644,-0.406537771,0.07404459650304772,-0.16834646745463208,0.05701193449,-0.07293126023641343,-0.18795889650212516,-0.0547318636166666,0.0801581557318,-0.5071648289383696,0.0996702535399999,-0.025323925108591366,-0.45532297752052614,-0.0660483309266666,0.06741429456520888,-0.7753231107881727,0.2765799692333333,-0.058997149665334814,-0.7685065394346029,0.1317483565,0.04720128402767222,-0.8024867988167982,0.3020473003,-0.06082625395053622,-0.7953194783593035,0.1129300663333332,0.07944390568344882,-0.8433124765062913,0.2702564458333334,-0.05384038564272141,-0.8310243582968407,0.0325012015766666,onweer_g_ch1_g19_compr.mp4,ch1g19,7.142545465397163e-05,0.0003623711496635271,3.905820269315034e-05,0.0002080038660515843,5.260580490163901e-05,0.00036165974303690323,4.113033384475561e-05,4.472732030079417e-05,6.030196341062046e-05,3.1789479542479615e-05,0.00016354432236293816,2.2499365731932907e-05,3.3703157554081326e-05,3.8967895769788885e-05,0.00016743433548440176,3.3958360304370834e-05,3.122133950127584e-05,0.00016683300955104834,2.252092243503952e-05,3.31791467973616e-05,0.00039078931976675165,2.0713388570130312e-05,3.4441559418785415e-05,2.8649615308869726e-05,5.223011015990974e-05,1.4052039687225271e-05,2.0378128389881263e-05,0.0001678811970295939,4.7424285940053684e-05,0.0001691693749479738,1.4354448103336775e-05,5.0208955372365574e-05,0.00040538861555432807,0.0004804131674049581,5.6878610695421993e-05,5.108110880852922e-05,6.126903419389655e-05,5.787574964785886e-05,5.389448369689063e-05,-7.649675965840367e-05,-9.030476503775466e-05,-7.102573234288434e-05,0.0002290575680597081,-0.00035016604391386604,0.00015553222276799646,2.5172620392401044e-07,-0.00043264318438815077,-0.0007748851259327756,-0.002694220415053845,-0.0028132587909441885,-0.0026554960540246314,-0.0032633876242160274,-0.0025900933907082994,-0.003512142526375941,-0.0026764822483320884,-0.0035070200828706353,-0.0025908578823546015,-0.003309071798103298,-6.386475127560202e-05,6.259940537337217e-05,-0.0006261281375361105,-0.00044152542116256225,-0.0007316863062409425,-0.0003316410090888887,-0.0007247503224342919,-0.0003543227354512932,-0.0005603737284732225,-0.00021072368256042946,-1.5774979140312502e-06,-5.674751971779921e-06,-1.0984593006143798e-06,-3.72052468844564e-06,-8.238077899605689e-06,-5.8572233080722035e-06,-1.193973172322389e-06,-2.4387045140699036e-06,1.3940524263016934e-06,-2.330319059310209e-07,2.4640767814189753e-06,-3.8542077660504074e-07,-6.098254956732144e-07,-1.1398064974740757e-06,1.3114693241064769e-06,8.181258880893262e-07,-3.7168590454378236e-06,2.9154572783446028e-06,-2.3442394863989015e-07,-6.65626921430362e-07,-7.555919691860551e-06,-1.4843774957817497e-06,-6.596542433841383e-07,-1.613673560854688e-06,-7.917336166598172e-06,2.9595324788112123e-07,-6.924076091465019e-07,2.6731550333687197e-06,7.757079201631505e-07,2.0533835172822605e-06,3.438166086753588e-07,-1.047004884349419e-08,-7.452839739339805e-06,5.265571275187371e-08,-2.6110620635305086e-06,1.2903490230848205e-07,-1.2474319498478803e-06,-7.89601851459822e-07,-2.692214470769561e-06,1.0617640246771043e-07,-1.1076665261564198e-06,-6.824417369388155e-08,1.4356309426136692e-07,-1.0076549275546037e-06,-8.010170087024694e-08,-5.153981850858537e-08,1.4527973791134674e-07,-2.7748388618424855e-07,6.165999903799525e-07,4.723678947973536e-07,-1.0487757059888113e-06,2.6873930199766008e-08,-7.226305466938098e-08,-3.0680073183395003e-06,4.341448475143759e-07,-4.646970302632977e-08,2.8596268794728767e-07,-7.717791352739886e-07,-6.955178119299452e-08,8.593652091269735e-08,-8.225778619252435e-07,-4.364538311682448e-07,-1.4011441289321926e-06,-6.955955427233918e-08,-3.733512776323811e-07,-3.272091500331113e-06,3.0211526302275595e-06
3183.3333333333267,-0.01394401622958713,0.3453406658080928,-0.2906956900333333,-0.006106518489050203,0.36046717668380673,-0.2829506859,-0.007231297106301819,0.36205014185735485,-0.2727127136333332,-0.008839177851618984,0.3616457614702961,-0.2749582527999999,-0.028104961561898296,0.36748080289631185,-0.3043451647333333,-0.026206692515395792,0.36705233723661573,-0.3182353247666666,-0.023037236310155043,0.35661240083913254,-0.2971287091666666,0.022680475321163872,0.35350678268952096,-0.1816707919666666,-0.08982631643188996,0.3003002733576004,-0.2171003658333333,0.009915682750666238,0.3345707471177379,-0.2423039572666666,-0.021083969976257267,0.3033608663172168,-0.2807487914666666,0.11112167088465615,0.24537230994938825,-0.0375908758433333,-0.12783531532001824,0.27631580475782075,-0.1048882597966666,0.2578563103769136,0.27671854283597186,-0.0479774655682133,-0.14962767380964662,0.23325448861176776,-0.2907051156333333,0.33939286680541747,0.44537800590131854,-0.0988702511899999,-0.07698590562967388,0.39530938369511137,-0.4173836093,0.340677676978143,0.495355773595011,-0.1033433695733333,-0.0385411616154329,0.4431061730202194,-0.4786904830999999,0.32252743918322674,0.5147331807647603,-0.1072107554833333,-0.009606496494914404,0.4832281533714854,-0.4589975587,0.3410570585966447,0.4473318762584533,-0.1035264295799999,-0.06324173927535309,0.4160474256580692,-0.413597673,0.07381251621593984,-0.1684101647007448,0.05723352171,-0.07270478690996905,-0.18789775170619044,-0.0549679795433333,0.0797690743862061,-0.5077685400063218,0.0987909787399999,-0.025068151722094572,-0.45573359182121026,-0.06578041289,0.06692658982133813,-0.7758913846001639,0.2755942743,-0.058814932009046916,-0.7687488883471238,0.1325930536666666,0.04669561606312949,-0.8030353124983577,0.3010775069,-0.06069300711031318,-0.7955805413039343,0.1138013637999999,0.07944820446810431,-0.8437113902957165,0.2692821622333334,-0.053442814430466175,-0.8311415885676787,0.0336461699866666,onweer_g_ch1_g19_compr.mp4,ch1g19,6.94928627895066e-05,0.0003546531881590665,3.834838916953925e-05,0.00020260024367519663,4.2146462402067305e-05,0.00035365945135487474,4.02845225019002e-05,4.188024354128826e-05,6.141730240783488e-05,3.150770400692408e-05,0.00016497034452960058,2.2061132182914694e-05,3.350650728008024e-05,3.825354422854973e-05,0.00016840184418725665,3.673520540981602e-05,2.6614829935243122e-05,0.00016877376650782113,2.231666034488314e-05,3.292618165362718e-05,0.00038110356281655957,1.9994159316945956e-05,3.418412036404398e-05,2.7430360834834217e-05,4.2279198479712185e-05,1.4334100142228206e-05,2.0171683938090187e-05,0.00016957809084196414,4.779874533204108e-05,0.00017028793580860422,1.4668258869627146e-05,4.979990415046121e-05,0.00039562083382652785,0.00047322473797120303,4.7807572130738624e-05,-6.72469857718576e-07,6.293697972005893e-06,2.564296320511718e-06,-6.529870576114513e-07,-0.00012437466372803094,-0.00013813512122139214,-0.0001182937758248017,0.00016529844735308863,-0.000384701333536382,0.00010160844020863209,-4.554290357159844e-05,-0.000476947267659776,-0.0007791731939897198,-0.002707888041737302,-0.002648388963157076,-0.002681726283028181,-0.00308402303481005,-0.002619638796254979,-0.0033274837776381483,-0.0026920577781468285,-0.0033321012138782585,-0.002612587501712366,-0.003133396718789152,-6.312162077826646e-05,6.205275820298155e-05,-0.0005944845405691391,-0.0004344918480315091,-0.0006293376831610117,-0.00030646344271530797,-0.0006199489963190381,-0.0003270866854029372,-0.0004647709337619234,-0.00018051806456432254,-1.650291146720141e-06,-8.291275096031345e-06,-1.129263546182582e-06,-4.996677354964178e-06,-8.544900521132955e-06,-8.535602225658709e-06,-1.2456741814980639e-06,-3.624729574138189e-06,1.6758622382824507e-06,8.924164325367663e-08,1.0000272878868235e-06,-4.324672190878331e-07,-7.878118752473122e-07,-1.1468366480586944e-06,1.3496570924998746e-06,1.6569860234977396e-06,-2.727940018486697e-06,1.2848982488662061e-06,-1.7313049154798317e-07,-8.646786805677872e-07,-1.0574725074788356e-05,-1.1715157178298772e-06,-8.322079282331956e-07,-1.4620108663820374e-06,-8.251298206686185e-06,2.206939357920516e-07,-7.21725009181911e-07,1.5258165989778798e-06,2.3683805340800156e-07,-3.657991741489028e-08,2.66148187097015e-07,-4.480226638594051e-07,-1.078226767572806e-05,2.7061112020038264e-07,-3.854580938791685e-06,3.9391830489594175e-07,-1.8773875839837093e-06,1.1059065343610056e-07,-3.878961404195103e-06,3.6705767831001416e-07,-1.0342468292290444e-06,-4.19400242117469e-08,2.7900825007923424e-08,-8.164057100347896e-07,-2.3346092706727075e-07,2.0968045038827413e-07,4.161588714275904e-07,-4.274967355326475e-07,9.682813044440851e-08,8.817941181468135e-07,-7.687804468217861e-07,-1.6405630069757012e-07,1.9524497152762937e-07,-4.163512233270494e-06,7.604624000193429e-07,2.1636813316590578e-07,6.060482393338573e-07,5.4395855263127387e-08,-1.031021272313566e-07,3.434984910807457e-07,-7.234279501141969e-07,-5.785607967893984e-07,-1.018977854256529e-06,-1.0629702213936109e-07,-2.970549137945701e-07,-4.541933416585061e-06,4.369036485552607e-06
3199.999999999993,-0.014248871387687672,0.345310480367603,-0.2892456997333333,-0.006757982618234293,0.36044024033089156,-0.2815533753333334,-0.00784880005189833,0.3620194146593031,-0.2712983947666666,-0.009459021790896058,0.3616120288083547,-0.273575885,-0.028636999076261715,0.3673233895812734,-0.3030712237333333,-0.026723697799534485,0.36688113029897806,-0.3169852464999999,-0.023548005851275543,0.3564601669356238,-0.2958634813666666,0.021530114919694802,0.35364207104077044,-0.1803327571,-0.09055781189000854,0.29987750874367397,-0.2164093453333333,0.009490349546971344,0.33463865538338083,-0.2408503112333333,-0.021387874012970955,0.3032801867166044,-0.2794673899333333,0.11022692375549893,0.24488342004189118,-0.0355667289,-0.12799808183891348,0.2755323057846606,-0.10470651033,0.25713067435854847,0.27398982513354886,-0.0455492448462133,-0.1475906094656714,0.23056233092662468,-0.2907691081666667,0.3384820837038764,0.4426638851250755,-0.0973517112199999,-0.07208976740110294,0.3922224591970289,-0.4170209627,0.3396279220141285,0.49271090437332915,-0.1018856259899999,-0.033016315289419375,0.439794237023555,-0.4779755799999999,0.3215921390723198,0.5120367330388882,-0.1055623838033333,-0.004359965288051022,0.47991389038702975,-0.4581114571666666,0.3401788743050317,0.44469354685919366,-0.1019497434266666,-0.05839466450444763,0.4129137347881135,-0.412431091,0.07357674251601878,-0.16847163394351522,0.05747502247,-0.07247528515789547,-0.18783724998474272,-0.0552257511266666,0.07942980269621515,-0.5083557485209433,0.0979101132399999,-0.024797521647057154,-0.4561456798693952,-0.0655422223,0.0665083946564661,-0.7763959073275807,0.2745046894666666,-0.058593437481189746,-0.7689834085155751,0.1332300177,0.04626517047434609,-0.8035181324229856,0.2999824235666667,-0.060506405271021815,-0.7958305537148931,0.1144332489999999,0.0795058095385249,-0.8440978666429642,0.2681824962666667,-0.05285293507650386,-0.8312604765829269,0.03445661161,onweer_g_ch1_g19_compr.mp4,ch1g19,6.814619473108418e-05,0.00034555414783654247,3.708628465078942e-05,0.00019631028223337363,3.21924346859172e-05,0.00034453662934604516,3.8903034717678e-05,3.784952009781174e-05,6.235385711992868e-05,3.150508620345782e-05,0.0001657932261367329,2.2000697149309245e-05,3.23949896903969e-05,3.699366427805391e-05,0.0001689506122280419,3.972373262094429e-05,2.364128262117615e-05,0.00016994126358546463,2.2551181896153828e-05,3.169841943380393e-05,0.0003698345639115428,1.851567197194352e-05,3.301923507364316e-05,2.5835246200372226e-05,3.2713423338239406e-05,1.4591474763749649e-05,1.905997265480704e-05,0.00017098432240099916,4.776261149808129e-05,0.00017005984655878406,1.4966442833614071e-05,4.93589684090654e-05,0.0003838936769534431,0.0004644624246123091,3.9733158336838555e-05,-6.408082911817744e-05,-5.90294841810168e-05,-6.373521249531294e-05,-6.563488484466103e-05,-0.0001847867610529799,-0.00019896887233384673,-0.00017851524886617647,0.00010157061750956595,-0.0004331387615858955,3.794988140633972e-05,-0.00010461994569959014,-0.0005158412283748733,-0.0007814293093070209,-0.00270828625912813,-0.00244731569157607,-0.0027053586575852564,-0.0028615622232751716,-0.0026408249783724472,-0.0030954148450607678,-0.0026947574980185837,-0.003106177360944579,-0.0026289457748259145,-0.002911657034626021,-6.239644720710401e-05,6.179155024237634e-05,-0.000543911012952817,-0.00042475083943688366,-0.0005052304845201149,-0.0002699886074905021,-0.0004929510740166611,-0.0002869405923977207,-0.0003512379213046798,-0.00015060508880175463,-1.353229701136732e-06,-1.2563944382860261e-05,-6.360448571199258e-07,-7.1909275654921e-06,-7.882547970437943e-06,-1.2822397419810679e-05,-7.703438470101865e-07,-4.688883324492625e-06,1.6985369292741426e-06,2.149961049015198e-07,-5.436054533347925e-07,-6.243656438162922e-07,-5.086598936777637e-07,-6.281397633443022e-07,8.353217159248201e-07,1.5774295477823358e-06,-1.4268846924704408e-06,-2.758821997220543e-07,-3.197094703819831e-07,-5.957393783780722e-07,-1.5075463036660379e-05,-2.5215423885195644e-07,-5.411576891274364e-07,-7.316615575603566e-07,-7.701627131296507e-06,1.1426978444317542e-07,-2.8600676302982563e-07,1.2561668746935783e-07,-5.115893650797818e-07,-1.886245792560372e-06,1.5450648837370248e-07,-9.292457661655012e-07,-1.5724738817705447e-05,4.2371025593387844e-07,-5.105900105318619e-06,6.735148199343522e-07,-2.5181024390408907e-06,9.778701080294964e-07,-5.067691036907522e-06,6.422335065037495e-07,-8.232169247185043e-07,-9.121148307787471e-08,-1.49874531365934e-07,-3.901062804462223e-07,-2.8715479645384857e-07,5.035874807378026e-07,6.99395043666889e-07,-5.317575616597467e-07,-4.027980992472192e-07,1.1179202196517003e-06,-1.9865049730302585e-07,-2.826957494598312e-07,5.01963170564905e-07,-5.239900700548171e-06,1.0993750741095902e-06,5.120342377042086e-07,9.293688477417946e-07,8.575769219603975e-07,-1.4394302559474553e-07,6.442417767057347e-07,-4.373620260836629e-07,-6.69493266900232e-07,-2.80085360731955e-07,-1.5104870152416378e-07,-2.3672986083799018e-07,-5.773058157438962e-06,5.734553812219281e-06
3216.6666666666597,-0.014581249613596397,0.345203675378239,-0.2880571324666667,-0.007413836594393924,0.3603353026657639,-0.2804068899,-0.00847446700685843,0.3619099722570371,-0.2701318841666666,-0.01008518651543679,0.3615004856627496,-0.2724398085666666,-0.029173663562653156,0.3671025420382305,-0.3020167331333333,-0.027245446762394192,0.36664594568930237,-0.3159554481,-0.024063618155610898,0.3562455166325951,-0.2948157708,0.020401774990235533,0.35367780354359774,-0.1792455073,-0.09124612695796801,0.29941140229566326,-0.2159158796,0.0090529153585279,0.3346196976990019,-0.2396437036333333,-0.021703935992067137,0.3031312853667219,-0.2784052520666666,0.10933866579744764,0.2443140336731634,-0.0337201633466666,-0.12809996810523863,0.2747427159049497,-0.1047098303299999,0.2564437305720774,0.2712656419816521,-0.0431430746282133,-0.14544017601328513,0.22812850252999223,-0.2908803384,0.3376162601628598,0.4399771862626459,-0.0958064329933333,-0.06721196962831576,0.38944242385041195,-0.4166567823,0.33865860388456936,0.4901090746785518,-0.1003476375199999,-0.027571765668364584,0.4368024604230753,-0.4773031750333332,0.32076741521569263,0.5094232394207105,-0.10392723965,0.0008082570570661782,0.47692657015911327,-0.4572791855999999,0.3393665954939964,0.4421070986714838,-0.1003724204899999,-0.05357201752856061,0.410090938782675,-0.406444609,0.07333789646502954,-0.16853390450040157,0.0577306268066666,-0.07224307528974208,-0.18777445779075805,-0.0554994280866666,0.07915726303224807,-0.5089127358361606,0.0970758878733333,-0.024479732326583816,-0.4565665780451974,-0.0653486487666666,0.06625372141827675,-0.7768406333747198,0.2734512184666666,-0.058314008469274495,-0.7692231881886645,0.1336407706666667,0.04599708069717258,-0.8039459980989732,0.2989154885333334,-0.06025836794411766,-0.7960847795035837,0.1148113433666666,0.07968076089187852,-0.8444159662284763,0.2670956185,-0.052164397237080204,-0.8313710553812058,0.0349711603566666,onweer_g_ch1_g19_compr.mp4,ch1g19,6.757501287878578e-05,0.0003334268968399675,3.618630829701119e-05,0.00018879567521896566,2.4349992919295975e-05,0.00033222592845322236,3.787290615616398e-05,3.25259513084788e-05,6.380031679517776e-05,3.119449532008617e-05,0.00016564546693858403,2.1472543034317115e-05,3.138527887035121e-05,3.611512677014229e-05,0.0001688206498421517,4.1833915113879304e-05,2.3032273583201567e-05,0.00017023464958929374,2.2471985394876192e-05,3.061649348140198e-05,0.0003547067539259649,1.7685899514706228e-05,3.196750435662024e-05,2.4958656320157856e-05,2.500556381067212e-05,1.4718400303349134e-05,1.827948305116908e-05,0.00017140377045197464,4.682922613456924e-05,0.00016871815951162818,1.5141088746305644e-05,4.869857349616722e-05,0.0003682080757748873,0.00045243448902133345,3.361946384279684e-05,-0.00010829280465216232,-0.00010816490744040773,-0.00011329392136856788,-0.0001141464257859828,-0.0002278394045744337,-0.00024207611082317527,-0.00022118212611352544,4.7771601318810046e-05,-0.0004737363387703668,-1.2163816900762337e-05,-0.00014944702538852435,-0.0005524731779137014,-0.0007731272187810549,-0.002688837879002311,-0.002184472960210719,-0.0026931759759328436,-0.0025699120880847215,-0.0026237614491662555,-0.002793667771368724,-0.0026592635975289576,-0.002819349998136519,-0.0026098007842516057,-0.002623306409665975,-6.150677398509137e-05,6.13829447028488e-05,-0.00046896562805597925,-0.00040520296991047877,-0.0003563823101260065,-0.00021270054483694267,-0.00034150180543155416,-0.00022415536537304844,-0.0002224662577541939,-0.00011238690084799706,-7.116174811526076e-07,-1.8189644461372978e-05,3.0995667762967394e-07,-1.0084889356935263e-05,-6.372284432008959e-06,-1.8373983373815454e-05,1.5684091155901055e-07,-5.4671053515607275e-06,1.4963393429748243e-06,5.0220741080781265e-08,-1.1015407466045028e-06,-9.342016101854136e-07,1.9385668255877355e-07,3.4408598575706164e-07,2.787200883117464e-08,8.302342940089435e-07,-3.9279521366259006e-08,-5.731797783609901e-07,-6.58357019457126e-07,1.1076761836141202e-07,-2.0693419960946162e-05,1.1113215260266134e-06,1.7469063336523164e-07,4.91807811025872e-07,-6.347022384857978e-06,-3.503593279826649e-08,5.674280960922613e-07,-5.634012989616816e-07,-1.3079179142608317e-06,-2.1893344666968072e-06,-3.212494993746269e-09,-1.252169893722822e-06,-2.1950795302392415e-05,4.617546442890235e-07,-6.060264423568986e-06,8.618239188631197e-07,-3.0348808040656046e-06,1.6596572312464963e-06,-5.949110567380548e-06,8.274338461124722e-07,-4.825265928625307e-07,-2.4467056904029657e-07,-3.4947080022042784e-07,2.0203665984669792e-07,-1.9362248613049064e-07,7.23044855304131e-07,8.883678598137582e-07,-5.841214473129943e-07,-7.433133073864694e-07,1.1311973558319082e-06,5.590879367048429e-07,-2.7487914665927847e-07,7.352977181223142e-07,-5.995489718993442e-06,1.3161591925093063e-06,7.323878559122824e-07,1.1383221961700347e-06,1.4976362918025969e-06,-1.8213764487231523e-07,8.700288208441089e-07,-3.0298642640020976e-09,-6.859769539057231e-07,6.847879264184051e-07,-1.9338339593475036e-07,-2.0247723693855033e-07,-6.64185120793005e-06,6.802831279970885e-06
3233.333333333326,-0.014902586072626995,0.3450891319139119,-0.2872000007666667,-0.008054691729322308,0.3602169990272158,-0.2796373542,-0.00908845218754501,0.3617866118906221,-0.2693436792999999,-0.010697967662251907,0.36137663459026864,-0.2716738054333333,-0.029686089418970753,0.36687492551271816,-0.3013475130666667,-0.02774141642048265,0.36640285052739224,-0.3153127619999999,-0.02455384493485893,0.3560222242202548,-0.2941537787666666,0.01929396522727841,0.35367887010825305,-0.1786630229,-0.09187879696422055,0.2989334206865388,-0.2159228419333333,0.008618244036178333,0.3345811604509891,-0.238808723,-0.02200034893919182,0.3029696483264478,-0.2777319053333333,0.10845244935613964,0.24369456115610202,-0.0324050729133333,-0.12817201179932483,0.2739667049514286,-0.1051445669966666,0.2556843806430484,0.2685351838977105,-0.0413134250582133,-0.1432232117709544,0.22611806234159712,-0.2912059834,0.33671695781675337,0.43727839416974984,-0.0948292295033333,-0.062383579730712006,0.38707965993672216,-0.4163397144,0.3376385215021738,0.4874931242428542,-0.0994036119499999,-0.022224944281327166,0.43423873009396535,-0.4766669689666665,0.31988624341110783,0.5068117545617092,-0.1028562914433333,0.005881922938735634,0.4743270592770277,-0.4565064769333333,0.3385137741630521,0.439517084511045,-0.0993556909099999,-0.04880202711239346,0.4076747272683341,-0.406887919,0.07310018325417093,-0.16859608415361055,0.0579910366433333,-0.0720123050937879,-0.1877113246596755,-0.0557777835166666,0.07892664468162287,-0.5093961959053883,0.0963848311399999,-0.02414951177243504,-0.4569893171333759,-0.06512424498,0.0661159100797938,-0.7771930090947912,0.2724052135666666,-0.057999165420396154,-0.7694782130504649,0.1338772734333333,0.045852229797574015,-0.8042836311988695,0.2978497734,-0.05997256305768666,-0.7963526625965168,0.1149916352666666,0.07990978325153801,-0.8446683911513451,0.2659903784999999,-0.05141819602677046,-0.8315190673602876,0.0351833615833333,onweer_g_ch1_g19_compr.mp4,ch1g19,6.686288595497995e-05,0.00031663292329471565,3.553381606071089e-05,0.00018063248621240995,1.968749357113554e-05,0.00031502936361191275,3.7065685649465134e-05,2.6459878444318787e-05,6.574458133035385e-05,3.142889738884343e-05,0.00016503189314036294,2.031923658341949e-05,3.052159808392315e-05,3.548704335448172e-05,0.00016904541294505127,4.234676413413056e-05,2.5032976465552886e-05,0.00017007202174117058,2.1658685210134026e-05,2.968869449466768e-05,0.00033480464201114695,1.779852121212128e-05,3.11027687355255e-05,2.4763581901833606e-05,2.0157980877803653e-05,1.4670691646452766e-05,1.7965141678713515e-05,0.0001714179564871669,4.506854048099424e-05,0.0001667545307529691,1.5122749036678938e-05,4.722090517519447e-05,0.00034714216807545464,0.0004368580669204048,2.9587883298769044e-05,-0.00013317821862594828,-0.0001403774077555116,-0.00014510718073643567,-0.0001456032211621965,-0.0002514001412214909,-0.0002652332694623235,-0.0002445991436789156,-4.950911485500399e-08,-0.0004999750973540919,-4.8860251144245106e-05,-0.0001781848156061756,-0.0006034909978011251,-0.0007517945582504456,-0.0026753870342977023,-0.001867397574657987,-0.002676266455717149,-0.0022458686350743887,-0.002603891743754573,-0.002467826233451636,-0.0026171352152541618,-0.002524407213279151,-0.002584702852543899,-0.002311936234713813,-6.125761624368675e-05,6.177148252953624e-05,-0.0003841450892269328,-0.00038784350992606667,-0.00021100451808353195,-0.00016320183186450404,-0.00019422365671511305,-0.000169470501124954,-0.00010522926112481362,-8.5323955562462e-05,-3.09922818817547e-08,-2.4623897615225808e-05,1.4514930793878043e-06,-1.323098468572338e-05,-4.228357182782122e-06,-2.466659249049033e-05,1.269405255085266e-06,-5.824585742358522e-06,1.0677723903881842e-06,-4.338892974782891e-07,-6.356170025846475e-07,-1.2624334070093937e-06,1.1462122486967846e-06,1.5104285487983548e-06,-9.561962380107221e-07,-3.941930158130631e-07,1.232158005299478e-06,3.700848249276057e-07,-1.087904794516973e-06,1.0818877440770228e-06,-2.695344065248534e-05,2.691704321287138e-06,1.1417884982034628e-06,1.927822255154709e-06,-4.3962487970234885e-06,-2.2379286276027359e-07,1.6664072452227794e-06,-4.6126769270767257e-07,-2.0285153940067118e-06,-9.555052919496154e-07,-2.0292956837953945e-07,-1.4642721477682642e-06,-2.8893286846470157e-05,3.766943490910861e-07,-6.385508486101974e-06,8.909763218401943e-07,-3.2937387483309907e-06,2.0467739506178527e-06,-6.199325307856685e-06,8.561112037365624e-07,-5.929939470591415e-08,-4.910065794420057e-07,-5.56226320726293e-07,8.487815762498961e-07,4.398319573123406e-08,7.97750250235038e-07,9.15517045749957e-07,-6.02737063707873e-07,-8.302834941458434e-07,9.340217194931217e-07,1.3559590211194767e-06,-1.2134441558264906e-07,8.231321152691071e-07,-6.143874534679248e-06,1.3199987991454398e-06,8.053793144548263e-07,1.1576356330276905e-06,1.8722199661041228e-06,-2.086986026217602e-07,9.416232629434656e-07,4.929845764356839e-07,-6.331141182812774e-07,1.6961835738739237e-06,-2.2297867616824138e-07,-1.851795758650117e-07,-6.8201532635339805e-06,7.22701593528809e-06
3249.9999999999927,-0.015232733550818146,0.34498863678656355,-0.2862525372666667,-0.008696874454405147,0.36010561603924385,-0.2787807709,-0.009707501648061364,0.36167121827310494,-0.2684688966999999,-0.011314912612108855,0.3612608337899061,-0.2708232024666667,-0.030188999485078905,0.3666598172611905,-0.3006008218333333,-0.02822780980405826,0.36617200195052685,-0.3145894705666667,-0.025033122960425105,0.355810909214942,-0.2934144407666666,0.018176514595659492,0.35368558117900306,-0.1780187622666666,-0.09246865204156716,0.29845725697945763,-0.2158706282666666,0.00816830207540396,0.33455351532265537,-0.2378965966,-0.022295143796856223,0.30281773982620425,-0.2769893467,0.10753721179718113,0.24306550333475865,-0.0310890026033333,-0.1282385038004226,0.27324373378685923,-0.1055748514299999,0.25473751459559923,0.26589727191446316,-0.0392728506015466,-0.14100866258453337,0.22458641990024183,-0.2915181061,0.33571658448470915,0.43468087838356223,-0.0931620409033333,-0.057744493059743676,0.3851944006179536,-0.4158692162,0.3365051032262825,0.48498516292825505,-0.0976372953533333,-0.01713046944510859,0.4321563003214965,-0.4759389866333332,0.3189079260404384,0.5043239897735055,-0.1011086969199999,0.010717133933639681,0.4721905761461777,-0.4556986581666666,0.33755442253752427,0.43703401505985423,-0.0976913546199999,-0.044226794749495146,0.40573862277467687,-0.406712472,0.07286125847068403,-0.16865802080912987,0.05826264172,-0.07178078247424356,-0.1876481366356575,-0.0560659482566666,0.07874531510984377,-0.5097511485540583,0.09578164964,-0.023786218301174732,-0.4574062557882977,-0.0649144500433333,0.066064352324921,-0.7774643048058754,0.2713519319333333,-0.05767030430241657,-0.7696969564486413,0.1341380149333333,0.045806245662678706,-0.8045433447947177,0.2967712760333333,-0.059669149009573874,-0.7965764985100594,0.1152226790999999,0.08032983061099544,-0.844807906543605,0.2648446798666666,-0.05064963788564977,-0.8316648985600903,0.0354019804333333,onweer_g_ch1_g19_compr.mp4,ch1g19,6.628203151236e-05,0.00029041276321589937,3.5721255376681884e-05,0.0001675959709612758,1.7037374481960435e-05,0.0002887410831736317,3.707540077535049e-05,2.021319644964861e-05,6.738002874227651e-05,3.146075662056139e-05,0.00016437833635606235,1.8620311600704564e-05,3.038033272720137e-05,3.572190578140434e-05,0.00016924878201545648,4.127754951968503e-05,2.748998859469689e-05,0.00017041715060414097,2.0134736784949915e-05,2.9497519305169517e-05,0.00030626545831139996,1.936537357124588e-05,3.097118211004659e-05,2.577322122702829e-05,1.7185984152490675e-05,1.4356846596835578e-05,1.8662977058404014e-05,0.0001710355408795516,4.266541112705197e-05,0.00016554502992572397,1.4828980303555619e-05,4.520594189919316e-05,0.00031623786984517004,0.0004127060563873798,2.6471979085230403e-05,-0.00011727384861978513,-0.00013849207807677732,-0.00014165566913628894,-0.00014308708054002018,-0.00023687194975565053,-0.0002497468571161098,-0.00022964674417893743,-3.85900370120694e-05,-0.0005003218840259878,-5.600418681131314e-05,-0.00017192063108501974,-0.0006592233313289514,-0.0007159252104822866,-0.0026654728780529007,-0.0015335010598608028,-0.0026491006784154264,-0.0019006416338894156,-0.002579431322390028,-0.002120974873909134,-0.0025645281288799123,-0.0022122175679145577,-0.0025494619226363235,-0.0019819225279307444,-6.13230822259294e-05,6.25388388004487e-05,-0.00029664480517826113,-0.0003656999570943735,-6.39531155022869e-05,-0.00010538182861982256,-4.498227932508256e-05,-0.00010549172371784833,8.569522096424184e-06,-5.113816555051476e-05,4.2337893525986137e-07,-3.116404724985603e-05,2.4154358864997686e-06,-1.6320122164751872e-05,-1.7612690465300842e-06,-3.096690478751361e-05,2.2006820201554923e-06,-5.644622440364496e-06,3.9570380917366735e-07,-1.2029436224939951e-06,9.106672232833206e-07,-1.2961763971022515e-06,2.0248061611127895e-06,2.4948348866794555e-06,-1.8127633377611827e-06,-1.7022505704600078e-06,2.114629052044675e-06,2.5421116166225493e-06,-1.318113495869172e-06,1.9918479329680286e-06,-3.312918371021043e-05,4.064358339338879e-06,2.0336968700603994e-06,3.1650213698190585e-06,-2.1329900028553878e-06,-4.476526432782221e-07,2.684985040703547e-06,5.559629894368937e-07,-2.6365529876750867e-06,1.7651069600733646e-06,-4.4096817063643254e-07,-1.5717310653193389e-06,-3.580064697698176e-05,1.4908425257402872e-07,-5.735184891862859e-06,7.025267319112821e-07,-3.0535026942641903e-06,2.1326216688319888e-06,-5.502632869202751e-06,6.70942842461774e-07,3.8068015893756423e-07,-7.705249953659726e-07,-7.10405891128837e-07,1.3984761402856935e-06,3.863345478638378e-07,6.710244961453842e-07,7.220152564497193e-07,-5.986297888981471e-07,-6.410441587891343e-07,6.196592984685814e-07,1.9822419232191647e-06,1.5514888686194355e-07,7.058163606115145e-07,-5.387543718056498e-06,1.0517351165112879e-06,6.746892962126932e-07,9.284069575687803e-07,1.9706823756545406e-06,-2.1408368700432342e-07,7.959633774197096e-07,9.383282552986853e-07,-5.277844482956272e-07,2.5029511820811984e-06,-2.3029624886002766e-07,-1.9761824568989722e-07,-5.973667182361295e-06,6.5920438398556465e-06
3266.6666666666592,-0.01557886597905302,0.3448833447908951,-0.2854177186,-0.009340478970800621,0.3599851077535559,-0.2780437028333333,-0.01032991436256156,0.3615473826361267,-0.2677135339999999,-0.011934773668501028,0.36113601042367355,-0.2700892835333333,-0.03069716797534005,0.3664397125660093,-0.2999470284333334,-0.02872026355189828,0.3659371563788105,-0.3139597444999999,-0.025517329576318182,0.35559545918136565,-0.2927685528999999,0.017072080716357654,0.35364899815139034,-0.1775409124999999,-0.09304360544731652,0.2979714585173173,-0.2159021497,0.00771076680942645,0.33451060453927756,-0.2371280518333333,-0.022598386084983005,0.30265672986752107,-0.2763637452666667,0.10663324798641485,0.24240957387527465,-0.02993690629,-0.12828144736995162,0.27251571761397114,-0.1061915118966666,0.2537425856226308,0.26327904185510026,-0.0373425786415466,-0.13875487297719688,0.22316949723095617,-0.2920078546,0.33448695643437915,0.4320649654504194,-0.0915358645233333,-0.05346216299608463,0.38344087559734386,-0.4158049027666667,0.33508538553046135,0.4824259658062108,-0.0959566914866666,-0.012497982421141108,0.4302113550578905,-0.4756937363666665,0.3176185029963025,0.5017732659135232,-0.0994006019,0.015158156046552778,0.47014350948208794,-0.4553681712666667,0.3363423261312096,0.43451437961727235,-0.0960539022666666,-0.03999818299662117,0.4039041046412434,-0.423313141,0.07262590708897641,-0.16871983625879314,0.05853595137,-0.0715534087120298,-0.18758475371812264,-0.05635411821,0.07860111397916685,-0.5100138402872395,0.0955016684733333,-0.023429741393750363,-0.45779085289167065,-0.0646237624133333,0.06608363925714861,-0.7775296489200859,0.2709961895666666,-0.05733334417328943,-0.7698339144925236,0.1347418681,0.04583746878342457,-0.8045915474401212,0.2964398662666666,-0.059352761447131565,-0.7967111752152204,0.1158392605999999,0.0808094127016735,-0.8447632681558749,0.2644381096333332,-0.04988666959751046,-0.8317413307105277,0.0359994599366666,onweer_g_ch1_g19_compr.mp4,ch1g19,6.602735362143599e-05,0.00025610477196111553,3.809021711364675e-05,0.00014994464609993205,1.781973489883399e-05,0.00025474460252101463,3.9217146558965526e-05,1.4144189887610353e-05,6.824162576468657e-05,3.099003912908875e-05,0.00016455985829223196,1.767754436424243e-05,3.2359088532408414e-05,3.8147760487539017e-05,0.00016844072868675144,3.900268649742349e-05,3.086099750678007e-05,0.00017206277870521,1.9002852231883116e-05,3.145262276432208e-05,0.0002704609552679647,2.3715653149722e-05,3.298484076998738e-05,2.905725669392321e-05,1.7416332161717227e-05,1.3795836619671894e-05,2.1505358638631974e-05,0.00017100644086307738,3.960241574003315e-05,0.00016635645711012156,1.4263801058074247e-05,4.2996226782220044e-05,0.0002771190806873613,0.000381691672705169,2.577667587013599e-05,-5.2922673256493144e-05,-9.534991069070377e-05,-9.533452592938357e-05,-9.870336371232329e-05,-0.00017746779345988146,-0.0001888871912162449,-0.00016956408518924214,-5.912427657759988e-05,-0.0004655651544964204,-2.388752425873166e-05,-0.00012211121870985133,-0.000703283999187765,-0.0006638287727744998,-0.0026412693047446743,-0.0012089775483875096,-0.0026058308937990868,-0.0015561245510232469,-0.0025452527085366573,-0.0017729191968005671,-0.0025051308186440344,-0.0019039339721661844,-0.0024993071933780615,-0.0016545809776325566,-6.161649898407983e-05,6.368695060329806e-05,-0.00021906967383273862,-0.0003369148485564239,6.766364428839212e-05,-4.506777728571271e-05,8.915001674021887e-05,-3.9236027508477716e-05,0.00010552371803280819,-1.448301916638185e-05,5.412355208958085e-07,-3.6975671868608834e-05,3.1479233160222095e-06,-1.9339300379960528e-05,7.150581249302771e-07,-3.652694100140866e-05,2.8949530501361143e-06,-5.003892453557987e-06,-5.182737717816608e-07,-2.074028567085558e-06,2.8252161586334206e-06,-8.96283057505505e-07,2.771185062942129e-06,3.2423629294207253e-06,-2.506540215426968e-06,-2.6463634150248203e-06,2.459562157865643e-06,5.094082307094171e-06,-1.1842025120094368e-06,2.779976484823656e-06,-3.856622289958388e-05,5.1415119918054985e-06,2.7836889645367338e-06,4.128555203981391e-06,1.7484690758043085e-07,-6.776434620628136e-07,3.5559519960191716e-06,1.9104642729195476e-06,-3.1309774643140063e-06,4.977811206826785e-06,-6.877504608045714e-07,-1.6471097995936468e-06,-4.178631008350287e-05,-2.157312143734185e-07,-4.061082290154372e-06,2.6172237123020663e-07,-2.2315743639736837e-06,1.8936391116250752e-06,-3.823358159213261e-06,2.386496115876886e-07,7.856851024093503e-07,-1.025166173205444e-06,-7.568702218993971e-07,1.6899714821612245e-06,7.472537653472152e-07,3.0219032063666123e-07,2.7375519285496707e-07,-5.730282470286151e-07,-2.0611644918918386e-07,2.4288365243112614e-07,2.2524266880351727e-06,4.871208764296044e-07,3.408610813104795e-07,-3.6941137458611523e-06,4.816202233476572e-07,2.997374894445713e-07,4.239969004413282e-07,1.7707917139995344e-06,-1.9576030413480568e-07,3.9675869280008004e-07,1.1945153070824677e-06,-3.740340065888389e-07,2.8762270626703467e-06,-2.1222924122195462e-07,-2.485667609953342e-07,-4.07562975320635e-06,4.819496000630879e-06
3283.3333333333258,-0.015999859846396947,0.34486629193330753,-0.2846601346333333,-0.010020536422962587,0.3599203872050719,-0.2773680911333332,-0.010992578592009089,0.3614826160955615,-0.2670192374666666,-0.012596115625610615,0.3610690443239674,-0.2694151887666666,-0.03125374131609055,0.3662861872254376,-0.2993232052333334,-0.029260639293400736,0.36577273891856,-0.3133599131333333,-0.026049973494415894,0.3554506246862763,-0.2921524017999999,0.015961583666388304,0.35361685168744555,-0.1771464340333333,-0.0936090371973653,0.2975182341397161,-0.2159445062666666,0.007201096884088543,0.33452994728228136,-0.2364589221333333,-0.02296488011345392,0.3025673109710983,-0.2758222778,0.10573414627325985,0.24174827331818427,-0.0288119639866666,-0.12831792775147116,0.27190775992478744,-0.10692187444,0.2527410622598795,0.26072630074641523,-0.03542017685488,-0.13657618360791648,0.22225750361440474,-0.2927607437333333,0.33317742398868555,0.4295109550288922,-0.0898146197099999,-0.04956662811427463,0.38206852485737375,-0.4162185053666666,0.3335843161036359,0.47991574530569536,-0.0941173445633333,-0.00834412212284482,0.42854944823558594,-0.4760299661666665,0.31625206599761285,0.49929093416502657,-0.0976127367366666,0.01915979350516566,0.46830380853559733,-0.4556271514666666,0.3350550804934096,0.4320570794520681,-0.0943383643666666,-0.03615248166685904,0.4023990543982608,-0.42749396,0.07238945401826966,-0.168781174311224,0.0588171071,-0.07132551871514367,-0.18752144435961943,-0.0566479299933333,0.07850088910460414,-0.5100939798167615,0.0955123501066666,-0.02304276274665921,-0.4580737946038216,-0.0644022349233333,0.06619630707921838,-0.7773224161193161,0.2708828066333333,-0.05697085199899451,-0.7697843011565066,0.1354269693333333,0.04596266782978491,-0.8043702635582831,0.2963490725,-0.05900607019681474,-0.7966504533766435,0.1165584259333333,0.08132780952782717,-0.8445090082947412,0.2642997344666666,-0.049117274320473796,-0.8316793924114131,0.03672200936,onweer_g_ch1_g19_compr.mp4,ch1g19,6.645597368618227e-05,0.00021583026504340668,4.276247039661331e-05,0.00012819494400000548,2.0822075693449262e-05,0.00021507812152494823,4.368303840646294e-05,9.417491812593798e-06,6.722531105236649e-05,2.878326378945056e-05,0.00016448093400785562,1.6990302243272122e-05,3.652997222634409e-05,4.295490767683907e-05,0.00016469521407117417,3.57701809321456e-05,3.421333778107143e-05,0.000173980635925482,1.7847323557744217e-05,3.5535247257099104e-05,0.00022926109567011847,3.1060679685178715e-05,3.715659566863642e-05,3.460408557652023e-05,1.974980406851542e-05,1.2932434278508537e-05,2.639947925689999e-05,0.00016988223790228692,3.607937359087617e-05,0.00016859725758673887,1.3381863247668904e-05,4.040508854448772e-05,0.00023237239291362734,0.00034496541169878295,2.6619198314741934e-05,5.98608826059763e-05,-7.852040045668765e-06,-3.168431861196044e-06,-9.358032401718652e-06,-7.408725395308505e-05,-8.281847267690554e-05,-6.473442522649936e-05,-5.1677928817012865e-05,-0.0003985034134845189,5.292781412527839e-05,-2.7609795060841083e-05,-0.0007195623343861148,-0.0005950427023098817,-0.002569803300803701,-0.0009034193839407714,-0.0025209813767373417,-0.0012179298832520494,-0.0024803044563818846,-0.001423472617103808,-0.0024219626496341513,-0.0015946272478225573,-0.0024138819414990724,-0.001332271344186061,-6.095221068914826e-05,6.382095035661004e-05,-0.0001507624416876832,-0.00030815805123084503,0.00018883392669988004,2.3766199870491247e-05,0.00021365720438982689,3.648694253185552e-05,0.00020131268454972752,4.038958285450807e-05,2.072093710485296e-07,-4.089907700966524e-05,3.3606908927982988e-06,-2.1447267884772148e-05,2.5130211065057935e-06,-4.0233666138085765e-05,3.0774568961664997e-06,-3.881899054016056e-06,-1.55214281994259e-06,-2.8703665369690784e-06,4.952652016706567e-06,-7.590161157896426e-09,3.095676463717458e-06,3.4629526903784995e-06,-2.90292529846187e-06,-2.88028058494007e-06,2.2966515174093166e-06,7.824368653171563e-06,-5.896224046514275e-07,3.148705204152404e-06,-4.217394312150118e-05,5.5695177517549794e-06,3.0988612884322814e-06,4.482000738093976e-06,1.8882376008318365e-06,-8.930763831962672e-07,3.978944463755078e-06,3.516255722465457e-06,-3.3132538093723436e-06,8.366670277809705e-06,-9.208219270748196e-07,-1.7853437951929978e-06,-4.569055601881335e-05,-6.833573068985751e-07,-1.5432263456294264e-06,-3.814651605544163e-07,-8.917800532906129e-07,1.433420474126363e-06,-1.3442541979360959e-06,-3.9160888966680804e-07,1.076818762863259e-06,-1.1798093268612966e-06,-6.342255922877588e-07,1.6328395268865098e-06,1.070247491694894e-06,-2.6827042730660916e-07,-3.8073116835073495e-07,-5.198704436038247e-07,3.840597927475278e-07,-9.70798624186421e-08,2.0640962997795016e-06,8.243134816380569e-07,-2.2980249417970273e-07,-1.2334255967692256e-06,-3.309566514934626e-07,-2.759958007381397e-07,-2.957293429679059e-07,1.3669363324354366e-06,-1.5271080874962642e-07,-2.078837104056243e-07,1.1898816250970217e-06,-1.9316666288558175e-07,2.68333739150358e-06,-1.679075614938876e-07,-3.2522301200650894e-07,-1.3287800687784544e-06,2.205199033458914e-06
3299.9999999999923,-0.016376319936128772,0.34492390611925,-0.2836635300666666,-0.010634628741759604,0.3599051763746468,-0.2764759596,-0.011595060168143621,0.361472509414298,-0.2661036286333332,-0.013197777451750548,0.3610525536616908,-0.2685253391,-0.03174143599830018,0.3661978288052218,-0.2984552007000001,-0.02973336499664577,0.36568011258183575,-0.3125158716333334,-0.026509617663396448,0.35537684072500875,-0.2912947495999999,0.014879540029427218,0.3535850544946268,-0.1766098919,-0.09410438008828968,0.2971045948235057,-0.2157191013999999,0.00671365307453337,0.33458840650483046,-0.2355899837666666,-0.023296286588712106,0.30253530251198185,-0.275036477,0.10487230629248992,0.24106380767309432,-0.0276209538466666,-0.12834504641482425,0.27135486418975197,-0.1074136373533333,0.2517486957232878,0.2581048766527709,-0.0330487010115466,-0.13446317950604147,0.22143775642112012,-0.2933390985333333,0.3318168087185296,0.42690204621237726,-0.0875123977599999,-0.0461293693128191,0.3809022092089135,-0.4165165563999999,0.33200768686095256,0.4773315835447058,-0.09164148012,-0.004774156576267448,0.42714286055008305,-0.4762176681666665,0.31474818367908686,0.49674722945699534,-0.0951901382433333,0.02262559052742669,0.46666850708901114,-0.4557522328,0.3336771772029231,0.42954072959916634,-0.0920303508233333,-0.032770710776542054,0.4010835290042902,-0.40319556,0.07216078284774018,-0.16884022174648153,0.05911262991,-0.0711060872194055,-0.18745927257222836,-0.0569509225033333,0.07848207155743955,-0.5101743928119405,0.0957454218866666,-0.02265596171361127,-0.4583391961824306,-0.0643635143799999,0.06647712273380574,-0.7770279135586221,0.2713343664333333,-0.05671943357094941,-0.769675630557962,0.1364061599,0.04625456076719878,-0.8040615568192013,0.2968796710666666,-0.058798188241684875,-0.7965269890778433,0.1176241885333333,0.08188673548787878,-0.8442388183373385,0.2649218708333332,-0.04853858736102893,-0.8315820500712526,0.0378573880633333,onweer_g_ch1_g19_compr.mp4,ch1g19,6.777073499794025e-05,0.0001708649836111955,4.88264239153067e-05,0.00010392155859179688,2.44216135192102e-05,0.00017104225307329666,4.9459773414453556e-05,6.5874415891132015e-06,6.452115738476245e-05,2.5204814614997763e-05,0.0001672578056040431,1.7310551984373423e-05,4.233758176270728e-05,4.916071049387693e-05,0.00015969391703320293,3.181266099530948e-05,3.628875118672575e-05,0.00017978237489904727,1.7396050273342415e-05,4.14232700343934e-05,0.00018373792693986368,3.9681267331262624e-05,4.298406703303428e-05,4.163970420547596e-05,2.2680240274421066e-05,1.200674393619271e-05,3.281661339803251e-05,0.00017124046144849822,3.22803089665662e-05,0.0001747545681856341,1.2427539747360498e-05,3.879959770091654e-05,0.00018304135225638685,0.00030792852375040623,2.8583489360435475e-05,0.00019976900112328872,0.00010641219341900394,0.000115984594088898,0.00010706345378728116,5.3746376438298586e-05,4.8047623995183015e-05,6.38888583162962e-05,-2.0287623772455943e-05,-0.00031001283753531896,0.00015731670492987254,9.117842318196952e-05,-0.0007086149740031569,-0.000512699211076501,-0.0024785076407198596,-0.0006263958022808642,-0.0024357052447393506,-0.0008974198938412664,-0.0024201323156071274,-0.0010846499064679415,-0.002340609270872254,-0.0012917952097448702,-0.0023269321592765363,-0.0010246834375119052,-6.0391794440863475e-05,6.424174457780384e-05,-9.522494986840218e-05,-0.0002731309972623274,0.0002919445842375973,9.432435722916988e-05,0.0003205995659751007,0.0001131701678964697,0.0002951091126642672,0.00010928151883019487,-6.848108392120851e-07,-4.2063703253761276e-05,2.969754355770807e-06,-2.2375491595095914e-05,3.478341537734511e-06,-4.120940527422743e-05,2.674863736195619e-06,-2.5787425325271443e-06,-2.7505239705245333e-06,-3.522196575279623e-06,6.67308637651481e-06,1.2851513850424606e-06,2.9108558095927258e-06,3.0709829600685185e-06,-3.2180597311215855e-06,-2.1485368581805255e-06,1.815760350448374e-06,9.981043669272921e-06,4.190223792108082e-07,3.006300247314237e-06,-4.300449480983689e-05,5.240760751060739e-06,2.8970802387048918e-06,4.088661326147122e-06,2.8236007174594158e-06,-1.05442787942419e-06,3.802827170366186e-06,4.836565201246635e-06,-3.301027775158544e-06,1.1114391876737468e-05,-1.0986715692369611e-06,-2.025992965190059e-06,-4.650132858342229e-05,-1.1755909690203978e-06,1.5304789710942183e-06,-1.0784363902094268e-06,7.90242842160307e-07,8.845808608912462e-07,1.6494562747567035e-06,-1.0676606550856694e-06,1.217169357226378e-06,-1.2111889371868965e-06,-3.502185446391349e-07,1.0867845024719556e-06,1.2758092800359366e-06,-9.133047584599906e-07,-1.0895956301849775e-06,-5.303683895870307e-07,1.0122393938691986e-06,-3.035036167121218e-07,1.2660520376471614e-06,1.0874396958341655e-06,-8.856657577696052e-07,1.733749007802998e-06,-1.1933422024389681e-06,-9.258636855007321e-07,-1.0838320349846255e-06,8.810462497250334e-07,-9.460535449172947e-08,-8.930844454765327e-07,7.668738693825546e-07,-6.90808118554088e-09,1.80710563283667e-06,-1.0720865813072697e-07,-4.421625323925014e-07,1.975150361188956e-06,1.958631101244471e-06
3316.666666666659,-0.016855324694984415,0.34507666308621193,-0.2828535178333333,-0.011296955748062784,0.3599549617879351,-0.2758068448,-0.012251223720747217,0.36153239810732235,-0.2654101176666666,-0.01385168332940212,0.36110186886383083,-0.2678522576333333,-0.03228192839504378,0.3662071943536796,-0.2977805456666667,-0.030262190825944526,0.3656868952275837,-0.3118652660666666,-0.027023859909649867,0.3553998857305139,-0.2906332344333333,0.01379984041247724,0.3535308301451765,-0.1764169491666666,-0.0945806372944994,0.29677257558737274,-0.2157083611333333,0.006144576774756297,0.33469628314684885,-0.2349578874333333,-0.023703034304534416,0.30258963185143506,-0.2744541574999999,0.10407089276050943,0.24035900601039895,-0.0270192334066666,-0.12842983634689578,0.2708750510153058,-0.1080030532966666,0.250762477204607,0.2557128993065002,-0.0312290392548799,-0.13280644183351553,0.2208555978598949,-0.2939360708666666,0.3302092673947726,0.42453057098687197,-0.0854948803933333,-0.04360212469333548,0.3800974813886515,-0.4168315341666666,0.33009689247565954,0.4749754642719357,-0.0894777492966666,-0.0021553526992317304,0.42618883617389985,-0.4763891626333332,0.31288206518407874,0.4944847434588293,-0.0929997576966666,0.025204190699555665,0.4655270526044595,-0.4558593691666666,0.3320261849961137,0.42726920602839147,-0.0899721092999999,-0.03027134246348841,0.4001651779043387,-0.404357672,0.07196725439233671,-0.16889852133734795,0.0593753611,-0.07092316889419653,-0.1873968050926281,-0.0572222416033333,0.0784912522628935,-0.5102488562497557,0.09608943928,-0.02232550332694946,-0.4585625218382703,-0.0641679363899999,0.06677754285749637,-0.7765551283686642,0.2720914527,-0.05651851848715108,-0.7694633749302625,0.1377710357333333,0.046572179125187074,-0.8035391242207834,0.2977218052,-0.05863429915584371,-0.7962857697582804,0.1190925543999999,0.08244081154722475,-0.8438103331831741,0.2656695753333332,-0.048188502355317325,-0.8313930707243412,0.0391865887766666,onweer_g_ch1_g19_compr.mp4,ch1g19,6.810575117594664e-05,0.00012571794481624742,5.3034869173991536e-05,7.998939169336425e-05,2.7633279606134044e-05,0.00012680236438889118,5.332758076204133e-05,5.037435512598649e-06,6.022138807256321e-05,2.036520849960295e-05,0.0001775734452827764,1.870420550121631e-05,4.650481545461498e-05,5.346227206335743e-05,0.00015458649901052058,2.823069017146304e-05,3.6568388113932004e-05,0.00019434406404954688,1.7802874663364607e-05,4.5781496582558556e-05,0.0001376456721194408,4.5991776032883984e-05,4.7142941076067216e-05,4.6922583694340436e-05,2.5282716219598226e-05,1.0860421716962742e-05,3.7685792020881065e-05,0.0001786806869479446,2.9009149747345637e-05,0.00019152130595580686,1.1227024072154226e-05,3.771509568697025e-05,0.0001336864885739325,0.0002793332740595265,3.0921805990598364e-05,0.000334723465795846,0.00022206606484741873,0.00023627546536358313,0.00022485288870912023,0.00017944764808637838,0.00017676681123751726,0.0001892715407683544,2.670739103767662e-05,-0.0002182256705609308,0.0002653558040023828,0.0002098751867164444,-0.0006720911534875702,-0.0004312447824899533,-0.0023908749027155766,-0.0004106822801772316,-0.002345197529645888,-0.0006133498883315904,-0.0023549578794887565,-0.0007749983232018961,-0.0022643448739522597,-0.0010064420328979376,-0.0022404746928550265,-0.0007477851797973114,-5.949199038273052e-05,6.441444585105678e-05,-7.037987953008549e-05,-0.0002326577868978137,0.000380995095046027,0.00017186550490002147,0.00041759674882752224,0.00019782251528752338,0.00038625258468740604,0.00019601848279912363,-2.0823984022477958e-06,-3.9381573505359855e-05,1.7923513733124e-06,-2.1216126086477533e-05,3.669786631671823e-06,-3.842806842957477e-05,1.5148857907060202e-06,-1.2490664832226535e-06,-4.0147586921541115e-06,-3.7882473823666214e-06,7.560809716922473e-06,2.7768546835497575e-06,1.9696653421083137e-06,1.883256938644336e-06,-3.5412613079712755e-06,-4.352049991097844e-07,1.194518967074002e-06,1.0968909940440368e-05,1.7262516973167883e-06,2.0897661973638917e-06,-4.009231436905101e-05,3.896387562784426e-06,1.9365278772415008e-06,2.803744646006906e-06,3.07606690283335e-06,-1.121643177376262e-06,2.8113987423752904e-06,5.475088376095121e-06,-3.147326236841735e-06,1.2618325393920254e-05,-1.1793991315938211e-06,-2.4188150920653877e-06,-4.321455126417282e-05,-1.5257997917947853e-06,4.677743279020125e-06,-1.5745698955255264e-06,2.539971106303859e-06,3.6905485898707807e-07,4.690679723888536e-06,-1.5374698376782689e-06,1.2261449731783506e-06,-1.110242547372099e-06,5.673793252803121e-08,-4.632950374475786e-08,1.2967773370665326e-06,-1.3828000000953544e-06,-1.5951377670387844e-06,-6.826104964842186e-07,1.5020611803178364e-06,-3.342360463346581e-07,-2.1749074311602066e-07,1.2019084584118199e-06,-1.373206967252017e-06,4.764699955768923e-06,-1.8153861396630085e-06,-1.3974222341883212e-06,-1.6817777865604548e-06,4.2624429794732425e-07,-2.1175677659335327e-08,-1.417108424491078e-06,-1.5857120901168115e-07,1.4357883342908994e-07,1.267599335295901e-07,-2.9481299181692012e-08,-5.3612673812125e-07,5.33706045417565e-06,5.3687835981266985e-06
3333.3333333333253,-0.01766364659202416,0.3453740109245783,-0.2820323930666666,-0.01220867610762245,0.3601278247549272,-0.2751137461,-0.013162177130193591,0.3617206391512703,-0.2646952920666666,-0.014759943738127586,0.3612768683616609,-0.2671557515333332,-0.03310126368336244,0.36635099638514096,-0.2970775655,-0.031070905148059973,0.3658297090724426,-0.3111849148,-0.02781909752862166,0.3555558576840231,-0.2899436702666666,0.012692271373903144,0.3534757852272499,-0.1762035590666667,-0.0951465929598124,0.2965052785861954,-0.2156195874666666,0.005322050632727266,0.33489581157368303,-0.2343355759333333,-0.024380121777312514,0.3027542145859021,-0.2738566646333333,0.10333089660801015,0.2396297171231412,-0.0265552240366666,-0.1286289997526744,0.27040531728131917,-0.1085279452233333,0.24979989229860267,0.2533245058267081,-0.0300569925182133,-0.1316565507890971,0.22047402745851988,-0.2943374137666666,0.3282979241916042,0.422215140785534,-0.0840396208166666,-0.04198967654331042,0.37962011822867026,-0.4168795467,0.3277874892950416,0.47264000473356454,-0.0879136404733333,-0.0005032058996663871,0.42556752617457405,-0.4761701443666666,0.3105561424139087,0.49224578799848256,-0.09131702751,0.02681021696011624,0.4646714541407292,-0.4555679829,0.33001650554932965,0.42504921336900686,-0.0884398524433333,-0.028698030204582513,0.39955528134450485,-0.389142245,0.07181291868787114,-0.1689571811413968,0.0595729983066666,-0.07077863361346946,-0.18733287558907724,-0.0574316055266666,0.07850499411367315,-0.5103226058241533,0.0962875290999999,-0.022054852754136118,-0.4587657661908842,-0.0640237322633333,0.06709402044607926,-0.7761035549324186,0.2727118744666666,-0.05643393898099993,-0.769239245970842,0.1390289058333333,0.04691032687904581,-0.8030363666002739,0.2984134515333334,-0.05859948505113743,-0.7960324094725296,0.1204432068333333,0.08297009872940841,-0.8433775453540361,0.2662329941999999,-0.04814713859234346,-0.8311616633251079,0.040361389,onweer_g_ch1_g19_compr.mp4,ch1g19,6.55945086156788e-05,8.634252507013716e-05,5.40475124344028e-05,5.954332871817415e-05,3.052488174457949e-05,8.834603296289192e-05,5.402253646207793e-05,4.607711090903614e-06,5.4868831662141576e-05,1.566379332961207e-05,0.0001903777457110227,2.129703377226158e-05,4.781955723457562e-05,5.454712936363949e-05,0.0001495175656192494,2.738047503949135e-05,3.651101847243211e-05,0.00021166389984445357,1.9357251710658367e-05,4.7267701986539197e-05,9.72677863662527e-05,4.891916877220375e-05,4.839341659751551e-05,4.9142295047208255e-05,2.7714040193698653e-05,9.672909676386742e-06,3.999127943706397e-05,0.0001883715644738007,2.65087185330241e-05,0.00021148803531130463,9.973226372435373e-06,3.5814993166978914e-05,9.055167182708918e-05,0.00026237337586222735,3.380489931426702e-05,0.00044272272153363996,0.00031666196694066765,0.00033453417992527026,0.0003209902661764248,0.0002810672619839259,0.0002813020171370021,0.0002900773722471705,7.348312634257112e-05,-0.0001394135977302456,0.0003538967178502224,0.0003059316138076815,-0.0006202406924313412,-0.00036225773625987067,-0.002310181905094439,-0.0002453104280019216,-0.0022681648755696854,-0.00037901580772308564,-0.0023083883890573746,-0.0005174364914735875,-0.00220985229478323,-0.0007744427620929043,-0.0021720740805250597,-0.0005223560836789363,-5.7992620132063284e-05,6.400089597707439e-05,-7.114479370192933e-05,-0.00019204997997679642,0.0004403333141459429,0.00024094488505157756,0.00048424316365324057,0.000273706404085481,0.00045408276545410735,0.00028464283515162146,-3.8324103418233474e-06,-3.2900613418156656e-05,-2.030247098533951e-07,-1.787856929811557e-05,3.405687056027436e-06,-3.194751013006282e-05,-4.349586366992573e-07,-1.7751948173530302e-08,-5.23398510533294e-06,-3.5988907957733882e-06,7.136326494812253e-06,4.313315926415229e-06,1.7496802292163528e-07,-1.3390636687884797e-07,-4.1443549121785025e-06,1.8956090614292922e-06,6.793554122131497e-07,1.0226279452261094e-05,3.2027014688089487e-06,2.973009850164809e-07,-3.353127435642283e-05,1.5276475659300175e-06,1.2412674721276326e-07,6.398593042535949e-07,2.9257780210644798e-06,-1.0797834585684349e-06,9.533209778877952e-07,5.0419352572027766e-06,-2.9896156710450523e-06,1.2166148128196714e-05,-1.144370346450694e-06,-3.0676539404474584e-06,-3.594107333961323e-05,-1.5912767321150734e-06,7.352993828673135e-06,-1.7166285182168776e-06,4.0735841167834545e-06,-5.398810291972926e-08,7.24451644668576e-06,-1.6533691740214555e-06,1.1214087355065047e-06,-8.99230053254496e-07,4.840764489759732e-07,-1.4398140789758256e-06,1.0923082810017785e-06,-1.528321266626012e-06,-1.743726358869727e-06,-9.812771288370653e-07,1.6697159691209168e-06,-2.554913732263474e-07,-1.9878394232659156e-06,1.110055235590426e-06,-1.5375044073062533e-06,7.321325289691523e-06,-2.0402336654180607e-06,-1.5413956321898046e-06,-1.932922258492271e-06,5.2874468198229034e-08,5.505753039879709e-08,-1.6399423020370455e-06,-1.3298682599588965e-06,2.5391925298818106e-07,-1.8859654317486402e-06,5.22145410364494e-08,-5.17803678778336e-07,8.185099215048151e-06,8.566916609459933e-06
3349.999999999992,-0.01845521552042718,0.34601175876246026,-0.2805199470666666,-0.013114007761190052,0.36061186025398023,-0.2736645266999999,-0.01406965442440428,0.3622303480932715,-0.2632372541666666,-0.01566442655052305,0.3617674628917618,-0.2657032847,-0.03392731890355299,0.36683222708183993,-0.2955713104333333,-0.031887433792912125,0.36631289055942995,-0.3096785743,-0.028622003442470657,0.3560423563748869,-0.2884627660666666,0.011645083167634344,0.35357237791649365,-0.1752919030333333,-0.09568331766753198,0.2965288568597362,-0.2145965646333333,0.00451813737910366,0.3353848449170186,-0.2330839891333333,-0.025039708148075795,0.3032338403333271,-0.2725546518333333,0.10274815875808387,0.23890693147044748,-0.0259655269733333,-0.1288570984661419,0.27010992026182534,-0.10807984099,0.2489467463647527,0.25095609566328364,-0.0288719023448799,-0.13095196805328232,0.22042590319116936,-0.2938379616,0.3262176666803037,0.4200181658622665,-0.0826335869666666,-0.041124882064394165,0.37941028205885724,-0.4160588870999999,0.3252098188489777,0.4703971562107519,-0.0864219527733333,0.000349162030535158,0.42521311619816243,-0.4750396422666666,0.3078610459805489,0.4901081463188147,-0.0896299460933333,0.02760195307216452,0.4639774841134096,-0.4544005146666666,0.3277790025412066,0.42295402755414996,-0.0869265394266666,-0.02790128220766107,0.39916028791551783,-0.396580577,0.07168988489095916,-0.16901717610214073,0.0596967754199999,-0.07066168893945027,-0.18726721519026768,-0.0575713304866666,0.07852856726491368,-0.5104125121108674,0.0960395320566666,-0.021887798358340753,-0.45894617423170697,-0.0639080745433333,0.06740841923832123,-0.7756699970146149,0.2730445150666666,-0.056439697246749826,-0.7690065420179627,0.1403853401666666,0.04724069425055151,-0.8025552313178492,0.2988192717666666,-0.058663459556039015,-0.7957669828255207,0.1219040841666666,0.08332553288572812,-0.8429424216759847,0.2663643300333332,-0.04834864519890801,-0.8308416146643633,0.0416318533099999,onweer_g_ch1_g19_compr.mp4,ch1g19,6.0800919324473136e-05,5.6955477538581994e-05,5.2063512104682695e-05,4.439773722949122e-05,3.39235736950002e-05,5.98884967866215e-05,5.181548859253466e-05,5.483979252242726e-06,4.9869057683939134e-05,1.1907685510485551e-05,0.00020079741889743498,2.561284325987728e-05,4.647017551149782e-05,5.262792907905054e-05,0.00014608809811492295,3.080569206199832e-05,3.6827385850436114e-05,0.00022521245326862866,2.2595283398235898e-05,4.606927977075378e-05,6.690871372432671e-05,4.837509163412243e-05,4.698873081430025e-05,4.807926355864467e-05,3.068876572823988e-05,8.53577754422569e-06,3.9573156619643404e-05,0.0001965064226942862,2.4247968806051563e-05,0.00022745456379967004,8.765709948247048e-06,3.315301360329964e-05,5.802195113027272e-05,0.00025528727360306803,3.810967296854416e-05,0.000503633111990324,0.0003713689098785882,0.0003912189990884701,0.0003759045661442682,0.000342239059138925,0.0003447381402878228,0.0003500743392327919,9.890533931547074e-05,-8.023223443915045e-05,0.0004044193259772548,0.0003644387265120963,-0.0005721095057237605,-0.0003160524401904826,-0.0022624272109247434,-0.000165490149184414,-0.002216601524278363,-0.00022883148623459193,-0.002271227812211779,-0.0003400188284615884,-0.002166057275679148,-0.0006238055932428331,-0.00212490511211826,-0.0003821768198402934,-5.548863058421594e-05,6.238954760794139e-05,-8.238730792295684e-05,-0.00014519758319249328,0.000483862288973873,0.00030814773900071353,0.0005353143233402422,0.0003469367458399486,0.0005110532390623283,0.0003786952133602292,-5.508929049013538e-06,-2.3336205707701037e-05,-2.4232455476956416e-06,-1.2640032892200058e-05,2.9711202935686086e-06,-2.249358209544774e-05,-2.5755782617791595e-06,9.985075635299255e-07,-6.1669131242106105e-06,-2.902200063032688e-06,5.30541194631039e-06,5.504694300763569e-06,-1.9027451879923759e-06,-2.387506890400623e-06,-5.248392383405215e-06,3.9053484245980425e-06,5.374211002367436e-07,7.670467410763647e-06,4.484307470456835e-06,-1.8008175946347132e-06,-2.4073145260530128e-05,-1.2199679270280037e-06,-1.965584858477589e-06,-1.835767203208036e-06,2.6241252639625257e-06,-9.593692564092314e-07,-1.2686194109589473e-06,3.41971084407376e-06,-2.683480628678348e-06,9.59710667832374e-06,-1.0209790457387048e-06,-3.6100253957089577e-06,-2.5447557201572597e-05,-1.3297503565187832e-06,9.083535920339052e-06,-1.4332198071019182e-06,5.12724673654405e-06,-3.726817472771138e-07,8.855645580637484e-06,-1.3500220156536485e-06,9.243824072322642e-07,-6.481450238398992e-07,8.440067911322002e-07,-2.713060872531864e-06,6.460440742132013e-07,-1.2765257861593664e-06,-1.4637220241396708e-06,-1.4253456241096017e-06,1.4126273663471395e-06,-1.3055864370344922e-07,-3.5591881951566158e-06,7.812206189295249e-07,-1.3020966437212443e-06,8.955551931516127e-06,-1.7833816505597533e-06,-1.286131331600244e-06,-1.7471722137603216e-06,-2.292743846040648e-07,1.220763221349881e-07,-1.4747839248444446e-06,-2.4340535973357717e-06,3.47125070068929e-07,-3.6843117480188552e-06,1.2509287101606e-07,-3.347288524479074e-07,1.0026931177349487e-05,1.080534640705068e-05
3366.6666666666583,-0.019227600208716427,0.3466416556748832,-0.2792369127333333,-0.01400408998414207,0.3610948850134462,-0.2724529689333333,-0.014966787342042922,0.3627363820421595,-0.2620195580666666,-0.016557363652601666,0.36225539954262753,-0.2644862079,-0.03474491614854585,0.36730129726071425,-0.2943187059,-0.03269529232759321,0.3667836908580719,-0.3084281455666666,-0.029414270325433135,0.35651598151345204,-0.2872355739666666,0.0106383340393953,0.3536914141697367,-0.1745606320333333,-0.09619640495229266,0.29656591521508063,-0.2138282071333332,0.003746116980970352,0.33588574544645833,-0.2320239493333333,-0.02566879960852482,0.30371532488687775,-0.2714860676999999,0.10227508755397728,0.23831717158155943,-0.0253956198933333,-0.12913260672601443,0.26985596876773515,-0.10775334189,0.24816275162611182,0.24866977496214143,-0.0278032902815466,-0.13065629842565957,0.22027493714270524,-0.2935408165666666,0.323964128785999,0.4177484729421169,-0.0815408885533333,-0.04087036173772683,0.3791782902543396,-0.4157829205666666,0.32236683712199576,0.46805451021673056,-0.0852942954966666,0.0005770449470990585,0.42489386318041567,-0.4745714873999999,0.3048575466874214,0.48791886850907973,-0.0882916457333333,0.02773935586175992,0.46338016977505236,-0.4538776080666666,0.3253304801176483,0.42080035184582837,-0.0857201007,-0.027732858794251046,0.39877719863208877,-0.397684783,0.071573611283997,-0.16907374081967644,0.0598174152199999,-0.07055110693687518,-0.18720272427318552,-0.0577088321933333,0.07848122011224082,-0.5105348740860978,0.0958821613,-0.02176986082419187,-0.45910690903826146,-0.0636530585533333,0.06764926757129251,-0.7752570673313508,0.2734337006333334,-0.05670131126455421,-0.7687459578025911,0.1418278908,0.047496193065180436,-0.8020932377167131,0.2992820412333333,-0.058998195326317567,-0.7954682924414267,0.1234510907,0.08355943650017278,-0.8425037780458698,0.2664898306,-0.04871607751728946,-0.8304784473840549,0.0429128472799999,onweer_g_ch1_g19_compr.mp4,ch1g19,5.3660063782937703e-05,3.887210412808086e-05,4.772861640091585e-05,3.43960666146303e-05,3.674374470407778e-05,4.263344789797564e-05,4.734464703800698e-05,7.172365286351432e-06,4.408882813500082e-05,9.629621741918851e-06,0.00020400069193944747,3.224607816928993e-05,4.29324749625271e-05,4.830715045546717e-05,0.0001421070367640948,3.6583726663184776e-05,3.701716964027971e-05,0.0002299667293301576,2.8149119989897102e-05,4.262270305050014e-05,4.808057472300513e-05,4.516528397334385e-05,4.336427398826211e-05,4.418082349375227e-05,3.318059624861938e-05,7.582816393424969e-06,3.6689081473003366e-05,0.00019844188509298381,2.180337561044453e-05,0.00023380479341931522,7.746365256150827e-06,2.908920234769898e-05,3.813948869680887e-05,0.00024953501063985234,4.351235368972263e-05,0.0005057369322868586,0.0003757912627355909,0.0003958964527666156,0.00037956104295690897,0.0003527712828434554,0.0003567130439310424,0.0003593571313399567,9.750764577108607e-05,-4.7692311323728526e-05,0.00040755002967673303,0.0003753883584186613,-0.0005289707655700036,-0.00028622637488363026,-0.0022095366359522178,-0.00011448579583691438,-0.002159205267693977,-0.0001222209223021078,-0.002220318320568749,-0.00020939521278988933,-0.002108199597958705,-0.0005120962099458572,-0.002068505807675391,-0.00028284068737304376,-5.2802620068490945e-05,6.054970803945303e-05,-9.543370818031232e-05,-9.093283063906155e-05,0.0005144611529818533,0.00037805659419848,0.0005719270763445869,0.0004225046191735999,0.0005582619194542619,0.0004703859635394142,-6.835422643990502e-06,-1.2184667626373905e-05,-4.21848474289978e-06,-6.189228355052989e-06,2.5323591746010487e-06,-1.1675446713487923e-05,-4.272386018873658e-06,1.7064477786294562e-06,-6.586377638875157e-06,-1.8465048695890119e-06,2.1255824249526866e-06,5.9826245624669736e-06,-3.5845205681473293e-06,-4.219649800951548e-06,-6.803718271281864e-06,5.315326366166232e-06,7.178069059753824e-07,3.4562062874540174e-06,5.20022304571952e-06,-3.5118569287072236e-06,-1.3300984657332407e-05,-3.4896205647947516e-06,-3.653305119158746e-06,-3.937389354335149e-06,2.3305851799902407e-06,-7.906210322987187e-07,-3.139452611787751e-06,6.007107341778737e-07,-2.3233658630311573e-06,5.140574478686174e-06,-8.440885441255221e-07,-3.930955830415434e-06,-1.3376872460534392e-05,-7.442298125915512e-07,9.635748383355636e-06,-7.582048243894055e-07,5.57643820079766e-06,-5.451678323138433e-07,9.311289028078143e-06,-6.654601115802784e-07,6.840172179843711e-07,-3.153204884006654e-07,1.0720996740501723e-06,-3.4540452766931485e-06,7.319930669560327e-09,-6.469620413125478e-07,-7.873776739663294e-07,-1.8183998907826447e-06,8.213995665816625e-07,9.314947676452506e-09,-4.468996146880221e-06,2.455486891675731e-07,-6.826521878160244e-07,9.446098061849647e-06,-1.0869838623604528e-06,-6.511519659693067e-07,-1.144366604368933e-06,-3.805854856249207e-07,1.6849784612816413e-07,-9.280028902036599e-07,-3.087383151491523e-06,4.4996257618674404e-07,-4.760570694637673e-06,1.7685603561768705e-07,5.5813090108954226e-08,1.0597777788711204e-05,1.169541888097935e-05
3383.333333333325,-0.019871898337350067,0.3472916364917001,-0.2782051086333333,-0.014787172617487588,0.3616017912969134,-0.2714785680999999,-0.015761736707002733,0.36326564667993383,-0.2610343151666666,-0.01734670758415531,0.3627677894885339,-0.2635099950666666,-0.03545160922343723,0.3677854072789443,-0.2933198602,-0.033393319628260545,0.3672719393060929,-0.3074394157666666,-0.030105768730298958,0.35700705820292394,-0.2862627228333333,0.009699232926219395,0.3538769530860082,-0.1739855823,-0.09667570891807864,0.29662471350417335,-0.2132744526666666,0.0030664714809384794,0.3364284731869834,-0.2311679963333333,-0.026200305816019082,0.30422335787629223,-0.2706444858999999,0.10183998454234905,0.23795715114291205,-0.0248221006499999,-0.12940577659297425,0.26964684989145143,-0.1075432265566666,0.24738571246801813,0.2467253689120979,-0.0266631341415466,-0.13075982497140962,0.22015004082943018,-0.2934685457666666,0.3214236555862198,0.4157811726971469,-0.0803244506433333,-0.041095303602182345,0.37918653984453327,-0.4157119542666666,0.31914334386912696,0.46601270137080764,-0.0840471420499999,0.00034629450287159184,0.4248793931969536,-0.4743087332333333,0.3014448454992793,0.4859992249786484,-0.0868494376,0.027402089561432308,0.4631279561184812,-0.4535034338666666,0.3225655456949601,0.4189262827806159,-0.0843940761699999,-0.028053160674418143,0.39867001710221056,-0.400200188,0.07145868407020438,-0.16912325361626052,0.0599244654133333,-0.07044223231242697,-0.18714509600091755,-0.0578326751233333,0.07835282974710417,-0.510635531086135,0.0965334356733333,-0.021731510791676865,-0.45917105627215565,-0.0631055162533333,0.06771418190965499,-0.7747646906009529,0.2746389820666667,-0.057141411711710055,-0.768312626472251,0.1437681541,0.047560026055106105,-0.8015496410717207,0.3005638033666666,-0.05951412990679955,-0.794989138620206,0.1255435778,0.08363594318979613,-0.8419441013801423,0.2673782517333333,-0.04930667212958153,-0.8299516838408258,0.0447956254499999,onweer_g_ch1_g19_compr.mp4,ch1g19,4.613415682822195e-05,3.267335598870074e-05,4.2980430330733245e-05,2.9997977400053316e-05,3.8649777066088805e-05,3.684191077708781e-05,4.259727124866219e-05,9.244225407930724e-06,3.765035081353679e-05,8.741448285470261e-06,0.00020277837531998977,3.970472046284482e-05,3.898916970945882e-05,4.353817527698939e-05,0.00013676865574345566,4.406403624284799e-05,3.75146899814324e-05,0.0002292031189259318,3.472181156952633e-05,3.870196156805574e-05,4.081546029733081e-05,4.0812641104119026e-05,3.9324899808389276e-05,3.922994068056886e-05,3.501713128861297e-05,6.906021437489848e-06,3.2846477493078846e-05,0.0001965768424653451,1.941402389203224e-05,0.00023385008761180786,7.013103027450275e-06,2.520732796325003e-05,3.1363553250840775e-05,0.00024354783313997164,4.9313321550607904e-05,0.00045330291426919506,0.00033258811118020733,0.0003511813843637361,0.0003346391067251132,0.0003152426921058348,0.0003198918424409107,0.0003206751689105042,7.414667288437973e-05,-3.848944705892012e-05,0.0003667677939168869,0.00034193492505499204,-0.0004825966488433709,-0.00026233521872056075,-0.0021322493410507373,-7.586447462228091e-05,-0.0021060410095197655,-6.52920408151066e-05,-0.002172641907815044,-0.00013575682287219877,-0.002057672130933073,-0.0004517131510241756,-0.0020184009910436287,-0.00023141325700695638,-4.9093544438157344e-05,5.725880019041111e-05,-9.49120738557958e-05,-3.090815979749914e-05,0.0005416349925780276,0.00044291289253683036,0.0006026378142519686,0.00049224484438414,0.0005998967830212568,0.000552428523210008,-7.5625879870025944e-06,-1.3977889400010502e-06,-5.124215864452244e-06,4.153109471149481e-07,2.1369548476707127e-06,-1.344585530934316e-06,-5.073277656067895e-06,2.1570627231406545e-06,-6.489135569663636e-06,-4.5148444154703175e-07,-1.9272442851634375e-06,5.584231314577859e-06,-4.404865861557185e-06,-5.161826047420931e-06,-8.529333300629605e-06,5.743224895294649e-06,1.061883003576885e-06,-1.811917488113082e-06,5.114733630364351e-06,-4.378417919169435e-06,-2.856976248377046e-06,-4.7338201037517156e-06,-4.470719578971165e-06,-5.214550183531145e-06,2.0820565613126524e-06,-5.969288469600576e-07,-4.225728424315746e-06,-2.9526618219206973e-06,-1.8515139018223988e-06,-5.99243016170868e-07,-6.414111163859462e-07,-3.884571933090103e-06,-1.6780129645667414e-06,5.6549955947052215e-08,8.95074868666987e-06,1.729697867584811e-07,5.342610605656478e-06,-5.716585097354205e-07,8.573604261498918e-06,2.614295701715099e-07,4.407397165770061e-07,7.930150008853194e-08,1.13176869669878e-06,-3.6066523995865914e-06,-6.919416564785647e-07,2.4013834639760686e-07,1.4948630271042623e-07,-2.0123516961487e-06,9.425012427274438e-10,1.1583102612003643e-07,-4.652108586966666e-06,-3.8678745738026255e-07,2.02392139050912e-07,8.753165238695591e-06,-8.586278353844656e-08,2.420261907317736e-07,-2.512850636884463e-07,-4.0703169466510474e-07,1.8749164859801743e-07,-1.0554806951533855e-07,-3.2264928518809252e-06,5.571450563618405e-07,-5.035012715309423e-06,1.9958237544445391e-07,5.934802005501262e-07,9.837663567154779e-06,1.1095909408778837e-05
3399.9999999999914,-0.02044585961844287,0.3477311132673675,-0.2778971642333333,-0.015487868555649638,0.36194505361032275,-0.2712595726999999,-0.016472999627983934,0.36362692959978427,-0.2608012570333333,-0.01805142833794702,0.3631162278119455,-0.2632861597666666,-0.03611144060079221,0.36808818155405276,-0.2930856884333332,-0.03404437235499004,0.3675807840500033,-0.3072265129333333,-0.03075485301024013,0.35731474954318376,-0.2860551646333333,0.00891698742164382,0.354042590436908,-0.1740275211,-0.09715389924664292,0.29661171169428047,-0.2133362527666666,0.0024814112115580105,0.3368276737337485,-0.2309401576,-0.026682696550776215,0.3045662658305766,-0.2704395273999999,0.1014535620478554,0.23765447737007708,-0.0246183410299999,-0.12965585117470785,0.26945004746015444,-0.1075790457233333,0.24656158919536889,0.2448693766785745,-0.0262065738648799,-0.1312901693797693,0.22016285561248133,-0.2936320134666667,0.318674653832384,0.4138507246578068,-0.0800239908433333,-0.041780986693967,0.3792043849721756,-0.4156293789999999,0.3157019949024109,0.4639892930733673,-0.0837794496366666,-0.0003345693356839334,0.42482991786576485,-0.4739838680666667,0.2978269142382639,0.48405097440221984,-0.0863400123366666,0.026711136597496715,0.4627794752045158,-0.4530347476666666,0.3195963004121712,0.4170631603166903,-0.0839607429466666,-0.0287923870326698,0.3985335463342824,-0.406647742,0.07134973107342013,-0.16916721373941596,0.0600266252899999,-0.07033855477887593,-0.1870924234857472,-0.0579518588333333,0.07817479587525951,-0.5106968747753828,0.0970469972566666,-0.021782653362968602,-0.4591779317881783,-0.0625563264599999,0.0676658252979701,-0.7742284933643798,0.2755564763666667,-0.0576352313414709,-0.7678489546317867,0.1456622012333333,0.04750737513220322,-0.8009539470038033,0.3015371611,-0.06007741332642602,-0.7944731547747445,0.1275822009333333,0.08357512125198378,-0.8412915257409772,0.2680705576999999,-0.04990022829175791,-0.8293469684075777,0.04660433777,onweer_g_ch1_g19_compr.mp4,ch1g19,3.830075248663115e-05,3.746208871384234e-05,3.765289164186505e-05,3.2282680332888075e-05,3.9629973283956646e-05,4.15072758587129e-05,3.738804719727332e-05,1.1280869308421307e-05,3.1235045082676594e-05,9.296125738336364e-06,0.00019732015646469777,4.616489277705618e-05,3.437016842241667e-05,3.815904169625885e-05,0.00012850097368612232,5.17700006258325e-05,3.8938538894406427e-05,0.00022316159700254987,4.078299160510467e-05,3.407322230570212e-05,4.4341967977774495e-05,3.5553274501888264e-05,3.462823893892431e-05,3.343839792576274e-05,3.6100048585705964e-05,6.489857090938299e-06,2.8144332946403287e-05,0.00019073039076632475,1.7831956041776903e-05,0.00022835810171081017,6.55920957165292e-06,2.1201812628289843e-05,3.681521082167395e-05,0.00023523639544176762,5.446527253353617e-05,0.00035874323624050114,0.0002540416797932588,0.0002700688771470812,0.00025400026143530824,0.00024237455006937718,0.0002472997223161204,0.0002469667049877026,4.0727640565263435e-05,-3.891329911948949e-05,0.0002939788929340591,0.0002752294747029052,-0.00042573211067242387,-0.0002276302604231939,-0.002006877686223793,-3.4271492383224536e-05,-0.0020398496506620852,-4.582277102604848e-05,-0.0021131319690398027,-0.00011361246403648233,-0.002006147506373183,-0.000429214699839782,-0.001962367607512564,-0.00021406654337468304,-4.472959654606755e-05,5.276493305986278e-05,-7.258998763985726e-05,3.0620111933768123e-05,0.000564808082674503,0.0005022633427361737,0.000625674527582371,0.0005549903869370685,0.0006405689931413013,0.0006238480764982603,-7.3063625200479374e-06,7.117529590472614e-06,-4.667590573154862e-06,5.682129586524016e-06,1.742139281275205e-06,6.75297825301389e-06,-4.524133445325767e-06,2.3891275515550855e-06,-6.047187239073501e-06,9.34992470044545e-07,-6.27913302730647e-06,4.474173396799708e-06,-3.913327935957186e-06,-4.731423059077284e-06,-1.0495245639127176e-05,5.270169707067122e-06,1.3433576018910632e-06,-7.340035535283855e-06,4.3498028410320525e-06,-3.934058229974149e-06,5.498861700111159e-06,-4.440782720448044e-06,-3.9730152747046815e-06,-5.172515845870756e-06,1.8436593054126652e-06,-4.0866093652622416e-07,-4.062183406873783e-06,-6.811528983217813e-06,-1.2697508737626296e-06,-6.674275282021784e-06,-4.404966470965881e-07,-3.2379977973198673e-06,7.678374940875409e-06,9.727163331998027e-07,7.161167479046589e-06,1.2231028451773387e-06,4.420794345141883e-06,-5.100586494882566e-07,6.790916516062862e-06,1.2942088580053534e-06,2.3486297430424716e-07,4.935260978167329e-07,1.0219616590328804e-06,-3.1288754145196545e-06,-1.2913740739383015e-06,1.2556864900334676e-06,1.2086276624944167e-06,-1.8507780540889935e-06,-8.610639564198631e-07,1.2829851057107332e-07,-4.065895869141602e-06,-9.739314604540784e-07,1.2234285628687196e-06,7.0163150686802895e-06,1.0530545904730825e-06,1.262204615386821e-06,7.888430369389389e-07,-3.597563632059005e-07,1.7832664950706317e-07,8.648950308276818e-07,-2.7916120223722416e-06,6.482571737914284e-07,-4.4759764814760144e-06,1.9170047518570565e-07,1.2296651017746557e-06,7.89148755931629e-06,9.057826416637913e-06
3416.666666666658,-0.020743042894340893,0.3480009028735637,-0.2782689959,-0.015914808327059722,0.36214481717131536,-0.2716763347666667,-0.016908705888301144,0.36383847290761645,-0.2612006935999999,-0.0184842964459916,0.3633149997848082,-0.2636981520333333,-0.03651170055185444,0.3682508594903128,-0.2935426275666666,-0.0344380755646039,0.3677501962960201,-0.3077073932333333,-0.031151181381540258,0.3574805725774647,-0.2865344763666667,0.008313325738725058,0.3541291064011973,-0.1744902886,-0.09754923150206579,0.29652183522095427,-0.2140281280999999,0.002132394436964278,0.3370778769446717,-0.2312929848,-0.02696080818826724,0.30476580449057744,-0.2708889513999999,0.10111657846819777,0.2373218371122172,-0.0246855563199999,-0.12990457512136727,0.2692475169995423,-0.1079560408733333,0.24580895122320193,0.24297908412820418,-0.0260319872648799,-0.13200650630809124,0.220217440523842,-0.2940987248,0.3159003990243757,0.4118416551420553,-0.0800838959766666,-0.04261114904703744,0.3792229030877376,-0.4156386077666666,0.3122002648501329,0.4618960853181869,-0.0838798621699999,-0.0011274301037590472,0.42477923968014836,-0.4736759385666667,0.2941324843969808,0.4820426340996359,-0.0861171374033333,0.025902558138104784,0.46242731418085375,-0.4525403887333333,0.3165880672504423,0.41510573502035275,-0.0838610114799999,-0.029667685053917137,0.3983879996622471,-0.429015845,0.0712427961857253,-0.16920901344958056,0.0601180964399999,-0.0702370465508803,-0.18704269955806896,-0.0580611681633333,0.07791756564313745,-0.5107469719858266,0.0974654490499999,-0.021892737121807306,-0.45915068023658023,-0.0619292502066666,0.06756536279384265,-0.7736932195710507,0.2764647379333333,-0.058158476733445125,-0.7673567500358285,0.1475287437666667,0.04741399892732206,-0.800360682512602,0.3024870108,-0.06066972681343609,-0.7939282700942166,0.1295839891666666,0.08351929282507946,-0.8406146563069667,0.2687499423666666,-0.050567821974777154,-0.8286927128997817,0.0484491234433333,onweer_g_ch1_g19_compr.mp4,ch1g19,3.061205043440953e-05,5.130763398806839e-05,3.229522887472291e-05,4.248157441882567e-05,4.0584002206750085e-05,5.488194087351113e-05,3.224936814552937e-05,1.3549686276659692e-05,2.497114979527803e-05,1.110889888326748e-05,0.00018900730550173848,5.082816805491609e-05,2.972950743177658e-05,3.272962683728774e-05,0.00011683367448373732,5.798315838408453e-05,4.1330809323567174e-05,0.0002131332748467647,4.5523692811563094e-05,2.9382394066562138e-05,5.672044998265335e-05,3.0194890425694355e-05,2.994185328368633e-05,2.7339092549696202e-05,3.718893686343497e-05,6.2433197889107995e-06,2.3173495015943712e-05,0.00018197230205028674,1.680145909346572e-05,0.0002188972408523988,6.297045772945479e-06,1.7419086500226466e-05,5.183484682925968e-05,0.00022627678554683532,5.878285151499639e-05,0.00023340809142900103,0.00015036803322958668,0.00016332430775823031,0.00014818895922947013,0.00014445797430223515,0.0001498471446149804,0.00014950578861326388,1.1607600186795872e-06,-4.269503628863001e-05,0.00019680969208847788,0.00018463278465201155,-0.00036054209435615683,-0.00017888048994501833,-0.0018437080983805443,-3.7493797531524792e-06,-0.001977338829867352,-7.478133861278552e-05,-0.0020612766814232654,-0.00015281749762763628,-0.001977222657358844,-0.00045434207375849453,-0.0019214136519056764,-0.0002430896424098636,-3.94408135974134e-05,4.6696907214807436e-05,-2.30837229157726e-05,9.692940257126252e-05,0.0006062162144382149,0.0005628978373194096,0.0006639167202353935,0.0006179807819354427,0.0006892213839333375,0.0006891150222621217,-5.893257575213787e-06,1.2927399542083005e-05,-2.584263224283462e-06,9.284795396850663e-06,1.5449898797662311e-06,1.2193085910681177e-05,-2.3708921205780164e-06,2.4357564464476093e-06,-5.326037510948496e-06,2.052855777109677e-06,-1.0073090666813235e-05,2.8931133059345825e-06,-1.82696681195217e-06,-2.6577155071248336e-06,-1.246917246548339e-05,3.91228059462731e-06,1.6061255325254482e-06,-1.2139773929247791e-05,3.084706123817337e-06,-1.8913635965432904e-06,1.1282408707183741e-05,-2.361258490136212e-06,-1.8766397524161155e-06,-3.5671920542672966e-06,1.7798133418984837e-06,-2.433818458141602e-07,-2.414291004507615e-06,-1.019572239692591e-05,-6.364390129247425e-07,-1.1976974701256213e-05,-2.6147281147031357e-07,-1.83643614812989e-06,1.4199732558657192e-05,1.8824705839035337e-06,4.593737654944839e-06,2.2326611540842054e-06,2.9049578681683497e-06,-4.0521650625336963e-07,4.274988421405188e-06,2.2751433109193863e-06,6.315921786213517e-08,8.968471408503831e-07,7.705628198821511e-07,-2.1016106673881124e-06,-1.666181636894115e-06,2.2368029294502758e-06,2.2287597815764007e-06,-1.2695335190975939e-06,-1.5455262550691227e-06,4.824751715790156e-08,-2.8014930219337668e-06,-1.3920775214547454e-06,2.217003658165424e-06,4.533321413365575e-06,2.143668787143121e-06,2.2452760024908153e-06,1.8183523995023488e-06,-2.7906285238631953e-07,1.4539861632449658e-07,1.8293703151905555e-06,-1.8372034388029275e-06,7.345312587273855e-07,-3.195391952250317e-06,1.5742388170407206e-07,1.8655434982842981e-06,5.105809317024425e-06,5.876073322377192e-06
3433.3333333333244,-0.02090137270664685,0.3480327682112686,-0.2789400965333333,-0.01615383667076463,0.3621185691274855,-0.2724050293666666,-0.017154897388622317,0.3638196481400667,-0.2619085990666666,-0.018731250890341476,0.3632836404743348,-0.2644177181666666,-0.036757674843781014,0.36822067236335143,-0.2942850957666666,-0.0346781227063717,0.367723733584365,-0.3084764083999999,-0.03140011973019118,0.3574534828699714,-0.2873005192333333,0.007972832500197594,0.35405414799826085,-0.1751805317333333,-0.09785335791863913,0.2963820906400629,-0.2148625593333333,0.001938529116005608,0.33710414542625067,-0.2319141541,-0.027128303642119808,0.30478182971527784,-0.2715692003333332,0.10087958021553403,0.23692558972013783,-0.0249269721433333,-0.13013293026427014,0.2690298861866868,-0.1083210179966666,0.2451792928178806,0.2409226945347949,-0.0259920438315466,-0.13301577877915205,0.22017762038546146,-0.2945410757,0.3131928317338333,0.4096390220494146,-0.0801425745433333,-0.04373552539121974,0.37908195145053164,-0.4157819112333334,0.3088274903053401,0.45962191152875964,-0.0839449087366666,-0.002179033961162149,0.4245205415402908,-0.4735701432999999,0.2905789167813248,0.47984737143097067,-0.0858623834366666,0.0248774198233423,0.4618483935879242,-0.4522615711333332,0.3136682078300948,0.4129536489115553,-0.0837469634799999,-0.030807198887019105,0.3980577727738253,-0.422843426,0.07114490013120514,-0.16925025448887396,0.0601773757433333,-0.0701432948802534,-0.18699367393024813,-0.0581367507033333,0.07772953520233226,-0.5107879455850259,0.0979086798666666,-0.022096217903446833,-0.45898597144550746,-0.0612697222066666,0.0675595813148117,-0.7730777057173419,0.2773971830666667,-0.058666745480154985,-0.7667604920289599,0.1496311903333333,0.04741727705936762,-0.7996856871772983,0.3034694871,-0.061236857949451495,-0.7932759500555434,0.1318518681666666,0.08349536882486157,-0.8399223968191937,0.2694635679333333,-0.05130169768746364,-0.8279895034091944,0.0506997791833333,onweer_g_ch1_g19_compr.mp4,ch1g19,2.4823810630834718e-05,7.005201445682437e-05,2.9272558986840062e-05,5.601993282154431e-05,4.24991338769816e-05,7.273310657121402e-05,2.9501295657468757e-05,1.5457933193862928e-05,1.9323665598082646e-05,1.365229713804785e-05,0.00017685517575782042,5.260280953238346e-05,2.7263609576225773e-05,2.9622965493072134e-05,0.00010255660940109756,6.108139231109215e-05,4.366456956570227e-05,0.00019824378255510025,4.782820155733683e-05,2.6826702471317274e-05,7.364759937358602e-05,2.7169826902102943e-05,2.7468360392184562e-05,2.3359671877921898e-05,3.931169403523824e-05,6.202006510846032e-06,2.0099346901884173e-05,0.00016970337006210436,1.5948342850013537e-05,0.0002042816498528426,6.2532669642044805e-06,1.5423375617680112e-05,7.230609728813247e-05,0.00021762952360622926,6.19107918874361e-05,0.00010397836875922629,4.383356132438671e-05,5.398134838496446e-05,4.012531823391768e-05,4.6051061855162495e-05,5.233748117650652e-05,5.288016193785542e-05,-3.2048504391858286e-05,-3.814982200731009e-05,9.625082219263091e-05,9.223527549937993e-05,-0.0002899020967754865,-0.00010585078060480299,-0.0016383007787490209,5.7830619757004634e-05,-0.0019029583872900463,-0.00010994705465561057,-0.0019951621711919295,-0.0002091976031471895,-0.0019391646706767055,-0.0004856864509466705,-0.0018723764321897712,-0.0002756294254080889,-3.3586033682612357e-05,3.949253560415854e-05,5.2847791891061646e-05,0.00016196345172433371,0.0006467770473392549,0.000611005066918242,0.0006961002932529801,0.0006655777317987034,0.000721768070509328,0.0007292879912056995,-3.302225089127444e-06,1.554058954172277e-05,8.115194539159241e-07,1.0900849433845703e-05,1.2548864961298205e-06,1.4527462945040608e-05,1.065395682344494e-06,2.4920282709552845e-06,-4.407166405193736e-06,2.5998543748548716e-06,-1.2494142013976465e-05,9.328913401165481e-07,1.5283698439203532e-06,7.523652893685249e-07,-1.4117028987389685e-05,1.8082087356544e-06,1.6123787893042708e-06,-1.5190933289121785e-05,1.3738279841289726e-06,1.4324976855075388e-06,1.3984357417465689e-05,1.1168112710334959e-06,1.4860994870758207e-06,-6.533959313325017e-07,1.6095125563974984e-06,-1.231560869430595e-07,4.3547725667432344e-07,-1.2401305564817004e-05,7.738543263249678e-08,-1.539984269512364e-05,-1.2732638862866048e-07,3.1937284710123503e-07,1.732601566812474e-05,2.608797305689912e-06,1.7588753224567664e-06,2.964921339339229e-06,1.135151874524068e-06,-3.3863737612215213e-07,1.5337107854385054e-06,2.9736538674565174e-06,-6.045236879624164e-08,1.2468280962059526e-06,4.353550536818965e-07,-6.362247923135456e-07,-1.7251650129636939e-06,2.9517714461529803e-06,2.9715377131432847e-06,-3.005240576052431e-07,-1.883733865007673e-06,-8.09567111417881e-08,-1.0087284629727958e-06,-1.5422517022604202e-06,2.9485232661767213e-06,1.7999191134006386e-06,2.929196249388593e-06,2.959335501639616e-06,2.5974468269384385e-06,-2.440314564926196e-07,9.366990212862645e-08,2.561637533880126e-06,-4.6458794093441313e-07,8.130841671240439e-07,-1.3450735213216782e-06,1.0223260005250398e-07,2.3619741748243627e-06,2.024155286124541e-06,2.1652641506855686e-06
3449.999999999991,-0.02071235395632696,0.3479671378542351,-0.2797126373,-0.01595408164732002,0.3620077313557715,-0.2732090523,-0.016960888831914992,0.3637160496191391,-0.2626869493,-0.018548692697135494,0.3631646689644505,-0.2652081015999999,-0.03660134122215049,0.368130490924509,-0.2950983971666666,-0.03451863399651982,0.36764079991441967,-0.3093211661333333,-0.031261103499222606,0.35737371476438023,-0.288135021,0.008066690387092316,0.35391492056387985,-0.1758263082999999,-0.0979152813253519,0.29627613414600146,-0.2156872481999999,0.0020496372291164016,0.337043113505574,-0.2326004355333333,-0.027041116593622967,0.3047452040971113,-0.2723164408999999,0.10074548234172567,0.2365680209824269,-0.0251333583799999,-0.13036642688738387,0.2688439508352532,-0.1087136740233333,0.24470885539647447,0.239136728346475,-0.02548630984488,-0.13425924770187028,0.22008254231921648,-0.2953347065666667,0.3112405671263322,0.4076623596575143,-0.0791894329466666,-0.045317064861698675,0.3788226637888063,-0.4168908298333333,0.306405317285413,0.45755939352624475,-0.0828680547066666,-0.0037712597531922476,0.4241502457446359,-0.4746581555666666,0.2879471359226882,0.4778010118272436,-0.08458663357,0.02339425000776797,0.46116517253028777,-0.4531556427999998,0.3115473277057767,0.41097429119503337,-0.0826453293166666,-0.032373921120959256,0.3976074396659778,-0.422254503,0.07105876509797293,-0.16927824095334185,0.0602195994233333,-0.07005973059856029,-0.18696136468063307,-0.0581917051933333,0.0775360991741476,-0.5107578641055055,0.0984888712299999,-0.02231379800210058,-0.45878781623531634,-0.0605919874699999,0.06752423542845169,-0.772344595314032,0.2785956496666667,-0.05912969360134717,-0.7661067868254212,0.1520172636333333,0.04737970734868475,-0.7988965896615404,0.3047456344666667,-0.06175050310758242,-0.7925638887614814,0.1344307314333333,0.0833705996572527,-0.8391589510509275,0.2705403367666666,-0.052063454605923064,-0.8272300819051674,0.0533664488433333,onweer_g_ch1_g19_compr.mp4,ch1g19,2.27033723403903e-05,8.907894158190093e-05,3.0442201829945007e-05,7.054628570763889e-05,4.4532066661424895e-05,9.04220846567346e-05,3.095976471831912e-05,1.793182091540309e-05,1.5607760322135328e-05,1.6978915490828e-05,0.0001633580187876831,5.1977704204538765e-05,2.8878925705112286e-05,3.0718130281737804e-05,8.6723439781003e-05,6.068033873333142e-05,4.5601272676215665e-05,0.00018158811263048867,4.8003269790515436e-05,2.832150551617369e-05,9.050199949863224e-05,2.829088227858708e-05,2.907092340596481e-05,2.3157036448151292e-05,4.17713838677181e-05,6.165291205767072e-06,2.0621802257437567e-05,0.00015623638065820691,1.636157948996446e-05,0.0001873407287775778,6.222726501612001e-06,1.660412189465604e-05,9.288610457000827e-05,0.0002117607090777723,6.36330293228703e-05,-1.4316794650069554e-05,-5.1437964441486684e-05,-4.345470652696711e-05,-5.594327731955924e-05,-3.739909542169935e-05,-2.9833466728922367e-05,-2.8046885675750068e-05,-5.608619047082324e-05,-1.6861892491366174e-05,2.5609056085736e-06,1.0316117302995099e-05,-0.00021585801861945885,-1.864890431070983e-05,-0.001396208313387219,0.00011478413960173357,-0.0018210687360768751,-0.0001444618474514281,-0.0019267690016615082,-0.0002576130861953423,-0.0018963085130511389,-0.0004950498739538858,-0.00181828861540111,-0.00029987216577417495,-2.7368909655373616e-05,3.157044997694518e-05,0.00013526584544528342,0.0002205650794170893,0.0006780771137527163,0.0006386539466820701,0.000716542986400628,0.0006899885846881592,0.0007320115973455826,0.0007465572692293158,9.342981975384068e-08,1.4939035989735943e-05,4.739541964025005e-06,1.0631494476793287e-05,8.28330693971976e-07,1.3778374895737193e-05,4.974616909552484e-06,2.504717380704498e-06,-3.2120694704885137e-06,2.676516598836184e-06,-1.2238638849751188e-05,-1.0105606311412679e-06,5.438761259228815e-06,4.698337531347184e-06,-1.4491055958849927e-05,-6.431988184952243e-07,1.293770781420929e-06,-1.5015481086009306e-05,-4.2505428843834013e-07,5.367260707001827e-06,1.3549355822342346e-05,5.049678040578465e-06,5.4087469998525144e-06,2.9081926530202063e-06,1.2722005178535523e-06,-4.390184979240719e-08,3.89524467647561e-06,-1.2106238359435741e-05,8.771737792517739e-07,-1.5515870720733707e-05,-3.910906682834893e-08,3.1903079762860857e-06,1.689623389387071e-05,3.0163026570824977e-06,-8.206895789179274e-07,3.2397537042986774e-06,-5.995425541890112e-07,-3.1269385536132275e-07,-9.111473708314126e-07,3.215748134358558e-06,-1.6268205710839321e-07,1.4821023353941207e-06,7.318658169816781e-08,9.704247211558454e-07,-1.468903361469627e-06,3.212424643614175e-06,3.2551332382392767e-06,9.216627235099863e-07,-1.7994740342610402e-06,-2.243583809690293e-07,9.472740535259477e-07,-1.4058042823039838e-06,3.2261223707838353e-06,-6.43460515810952e-07,3.210554319604807e-06,3.217742119154702e-06,2.948729324970363e-06,-2.5702443924080746e-07,3.6086890694457745e-08,2.8780567044108445e-06,1.0522031646695267e-06,8.381147855215202e-07,7.054653548936672e-07,3.983573844427588e-08,2.5985180254905352e-06,-7.721618148984262e-07,1.7290391363055902e-06
3466.6666666666574,-0.020147012415358042,0.3478776362063671,-0.2806332111666666,-0.015383334422070787,0.3618698907727278,-0.2741535186666666,-0.016399986230538083,0.36358438172222646,-0.2636072003333333,-0.017998212259661014,0.3630190711837506,-0.2661414348666667,-0.036054637041718976,0.3680293986432943,-0.2960858076999999,-0.03397398346685185,0.36754705761943135,-0.3103394721333333,-0.03073597497877224,0.35728427614481506,-0.2891385248000001,0.008348173701492415,0.35376114645445567,-0.1765966188333333,-0.09774535030352155,0.29625495309178945,-0.2167707145999999,0.0024529576813541523,0.33695539565872196,-0.2334238806666667,-0.026657624360677857,0.3046916855789003,-0.2732444266,0.10063610979940177,0.23630028526996052,-0.0252784452733333,-0.13057583923830957,0.2688123904916488,-0.1094081808966666,0.24430004110408432,0.23777448771788015,-0.0235633122615466,-0.13552857152044664,0.22017889221371897,-0.2965971737,0.3108287184427769,0.4058135282967244,-0.0755347967533333,-0.0470231174047871,0.3785799656051593,-0.4183749894666667,0.30592198247243174,0.4556192834910415,-0.0787433088533333,-0.005572742534954457,0.423790542191143,-0.4761456381666665,0.2874600860700393,0.4759164339859212,-0.08052867342,0.021714194869674436,0.46051233966132804,-0.4544567267666665,0.3111562145906736,0.40914580265490375,-0.0789222531433333,-0.03407468841985098,0.3971816815363841,-0.418623716,0.07095211131650886,-0.16930208484615897,0.0603515078533333,-0.06995576351212837,-0.18693498722697738,-0.0583270153133333,0.07730542502703847,-0.5105337947728605,0.0996750821366666,-0.0225562330647359,-0.45851153620030666,-0.0599080620466666,0.06728880697785058,-0.7715771133618885,0.2803183222333334,-0.05957546084460699,-0.7654215229647496,0.1542628631333333,0.04710592979741569,-0.7980955369201445,0.3065450411000001,-0.062238812791672996,-0.7918316097886684,0.1368547609333333,0.0830740826090957,-0.8383811596693337,0.2723565151333333,-0.05277839090529242,-0.8264575551162108,0.0560573132066666,onweer_g_ch1_g19_compr.mp4,ch1g19,2.460036199801111e-05,0.00010296162042844491,3.7261390158514154e-05,8.10944153850083e-05,4.6147158361691914e-05,0.00010289003521170969,3.800152293401437e-05,2.044233695344481e-05,1.3554510378272391e-05,1.9730331374981023e-05,0.00015071513626766796,4.893911317811939e-05,3.633780364232373e-05,3.747997628629103e-05,7.090289654480921e-05,5.664747153587066e-05,4.685688870759289e-05,0.0001661341637636167,4.569601692060494e-05,3.5715663232088816e-05,0.0001026617884649883,3.562127872398288e-05,3.650200089943746e-05,2.8013191386334475e-05,4.3785847409339e-05,6.050152027093514e-06,2.6376866247993773e-05,0.00014373339838906366,1.779314066467225e-05,0.00017106598303793955,6.114729356258986e-06,2.1324666609922743e-05,0.00010855962720000336,0.00020703601145404788,6.328764805048558e-05,-0.0001032989346540971,-0.00011954578445613377,-0.00011293957084542221,-0.00012384115448487652,-8.935723273850831e-05,-8.07710586078894e-05,-7.788118376673914e-05,-6.815798991138669e-05,2.8421982936592523e-05,-6.998046424777577e-05,-4.5822512696759155e-05,-0.00014524971286995132,8.134307187692897e-05,-0.001142966420065851,0.00019854470533885591,-0.0017457884396813795,-0.00014261664275273467,-0.0018718925605671665,-0.00026229235655271353,-0.001860696221028571,-0.0004491818766192282,-0.0017697908619991713,-0.00028020608921835684,-2.1384121544092334e-05,2.3677830170794596e-05,0.0002232370962094176,0.0002655061640083515,0.0007056744172566045,0.0006371180929814967,0.000734105535437186,0.0006828977649799529,0.0007348513301738732,0.0007337017462286471,3.5069938595246983e-06,1.213684754209501e-05,8.201023825869474e-06,8.9709759466124e-06,3.423425373207797e-07,1.0937465451479746e-05,8.378434264561167e-06,2.33317476655042e-06,-1.7686870898358383e-06,2.337671994900658e-06,-9.084069697188667e-06,-2.5618307612375536e-06,8.86574915375445e-06,8.177859466806711e-06,-1.322939492372555e-05,-2.741965961269508e-06,7.514477241477537e-07,-1.144486091043436e-05,-1.9643854467174324e-06,8.836176490127564e-06,1.089107767301882e-05,8.444459504677956e-06,8.83977809941628e-06,6.164630170348763e-06,8.275304293628596e-07,-5.280353635757729e-08,7.03597912823229e-06,-9.198077280240496e-06,1.817560538008351e-06,-1.1845832327893739e-05,-4.775196237498637e-08,6.182879477987909e-06,1.3937718656724605e-05,3.032976397072938e-06,-2.708593946480119e-06,2.9587748400909795e-06,-1.9522346022439943e-06,-3.017784024636491e-07,-2.656255297595324e-06,2.9096354754380195e-06,-2.39218351525882e-07,1.5886202028648093e-06,-2.1709878220990298e-07,2.4182190306926313e-06,-9.24578540253128e-07,2.9070898212207655e-06,2.9796499375608307e-06,2.1808941360015336e-06,-1.300691936243107e-06,-3.3967573748951276e-07,2.6981310753435267e-06,-9.843190165227824e-07,2.932535353247592e-06,-2.4131635870793676e-06,2.876957328212358e-06,2.909779100578135e-06,2.7766422262806033e-06,-2.8314725458755847e-07,-1.815970291679544e-08,2.670823678331736e-06,2.4291018753111346e-06,8.015847823882905e-07,2.569709237515953e-06,-2.0137640970433626e-08,2.5027471787911174e-06,-2.848657281833263e-06,4.669532767011434e-06
3483.333333333324,-0.019351857999177016,0.34774420323113153,-0.2815363099333333,-0.01454567277286914,0.36171760747561016,-0.2750629405,-0.015573394729530657,0.36343861866731014,-0.2644957098666666,-0.017178663892802263,0.36286154030163287,-0.2670423650333333,-0.03524454249152625,0.36792630612101407,-0.2970675021666666,-0.03316689309139843,0.36745110044413654,-0.3113497867333333,-0.029941529978868987,0.35719299578393005,-0.290133222,0.008857673146561796,0.353612412036677,-0.1772973911333333,-0.09737218679154698,0.2963095788786481,-0.2179493408333333,0.0030586923905942184,0.3368495794848142,-0.2342124198,-0.026080871241052534,0.3046319859993688,-0.2741686462666666,0.10062479943476696,0.23610868268794208,-0.0253624673633333,-0.13074905061889971,0.26894764308398356,-0.1102800530433333,0.2440618629787415,0.23672811215710135,-0.0219103698515466,-0.13681796215002687,0.2203831596543221,-0.2980055142333334,0.3116713956184869,0.40415637446589403,-0.0726520313866666,-0.048791684497183775,0.3784102120058577,-0.4200850219,0.30702056364757613,0.45387427403720504,-0.075519322425,-0.007484626666741101,0.42351433456007476,-0.4779269219666666,0.2886427816453362,0.4742128136607349,-0.0773874081536666,0.019972610199737548,0.4600984680979698,-0.4561463207333332,0.3121238246961015,0.40750042519796964,-0.0760129570683333,-0.03581834578653255,0.3969002484731207,-0.420982301,0.07084876963663009,-0.1693224145809429,0.0605253488999999,-0.06985419480268783,-0.18691300247929532,-0.0585003241366666,0.07707421568817287,-0.5102301958703103,0.1007235772533333,-0.022795213444616907,-0.45819864246676867,-0.0594460663199999,0.06703849833100999,-0.7708158722693464,0.2819010461,-0.059992218040901914,-0.764710416556622,0.1560616987333333,0.04681643127521424,-0.7973023807532779,0.3082164924333334,-0.06269201607122864,-0.7910723467272185,0.1387972629,0.08275642495917765,-0.8376264132646605,0.2739939639999999,-0.05332801425657793,-0.8256768741799191,0.0584136628833333,onweer_g_ch1_g19_compr.mp4,ch1g19,3.0252584332940352e-05,0.00011099801427833016,4.904667344515302e-05,8.767118863740467e-05,4.653806263122023e-05,0.00010948400421841854,4.994742381854895e-05,2.2778235584955408e-05,1.3357808257163958e-05,2.2046909206389558e-05,0.000141808208060796,4.473973928736696e-05,4.891492018041303e-05,4.9260453832483386e-05,5.808121241032721e-05,5.138750036511085e-05,4.706707673168271e-05,0.00015498274129116798,4.206781220891488e-05,4.826477754315013e-05,0.0001094833924163942,4.823035060986724e-05,4.904146164769342e-05,3.757498661964675e-05,4.47071932554703e-05,5.849491378539373e-06,3.691525017459613e-05,0.00013475129272928058,2.0307191285795215e-05,0.00015928527826347238,5.906268907151762e-06,2.9449372782830394e-05,0.00011830723269690739,0.00020380906412152919,6.13875716479036e-05,-0.0001365807928675503,-0.00013670809342677042,-0.00012987102832850555,-0.00013959320947176497,-9.122702719186975e-05,-8.130641292081386e-05,-7.760825429568921e-05,-5.34588559260262e-05,0.00010121228046189052,-9.56889187444779e-05,-5.5991934547693294e-05,-7.646523008476627e-05,0.00019058830866284536,-0.0009306931865048411,0.0003011728796657623,-0.0017108382859629138,-0.00011320110584725676,-0.0018687503408696706,-0.00024411349126814198,-0.0018770172723732354,-0.0003891706271936433,-0.0017619062304006586,-0.00023632601252912536,-1.5800653669396488e-05,1.618096214956128e-05,0.00030716767980584585,0.0002996281432333223,0.0007123754420426377,0.0006133818668140568,0.0007292513291849562,0.0006518300106277406,0.0007219775505976066,0.000706001164975301,6.49885792075417e-06,8.179042453574452e-06,1.0853549792027098e-05,6.3712218242030715e-06,1.3028709830801775e-08,7.094820151301041e-06,1.0957147664023316e-05,2.097151031364926e-06,-9.258553901731134e-08,1.8518049552364893e-06,-4.81001968243965e-06,-3.3892093696116544e-06,1.1482553325450611e-05,1.0853542830088035e-05,-1.0337011488843955e-05,-3.909365356113711e-06,2.847060265647411e-07,-6.563806571920368e-06,-2.9074000466837274e-06,1.1492925957651494e-05,7.190132323737202e-06,1.0989486995388981e-05,1.1454800315849349e-05,8.766772357769865e-06,4.998736347968913e-07,-1.1211105524083895e-07,9.540801563413444e-06,-5.085074347467742e-06,2.7356703944830975e-06,-6.8955150392168924e-06,-1.1313388210322942e-07,8.786916720250061e-06,9.610691733207592e-06,2.6630438242994832e-06,-3.7522516576912313e-06,2.1837642795650293e-06,-2.7916855064795613e-06,-2.6011043864070543e-07,-3.5768238536944122e-06,2.1199315231850406e-06,-2.9172344756619513e-07,1.5589599048803241e-06,-4.0111758923751955e-07,3.400941437624119e-06,-2.0064326401158107e-07,2.0948911012257096e-06,2.204856410766846e-06,3.223834276342157e-06,-5.332905697182941e-07,-3.710515752188905e-07,3.892784243390304e-06,-3.68156301304647e-07,2.1254677962333867e-06,-3.3929701834259978e-06,2.015889690172585e-06,2.095541909550721e-06,2.1307506672902095e-06,-2.7936501364766485e-07,-6.296046181625708e-08,1.9865137699849403e-06,3.3812665683584813e-06,6.960809053403031e-07,3.858706711454069e-06,-7.053188887637776e-08,2.062093315784705e-06,-4.038911742273235e-06,6.610519761512852e-06
3499.9999999999905,-0.018306582789653962,0.34763241989195315,-0.2823994090333333,-0.013488522124964816,0.3616090135400625,-0.2759482314,-0.014527443662227846,0.3633390563302598,-0.2653614673333334,-0.016136594991643747,0.3627531680656394,-0.2679199734666667,-0.034203687075855006,0.36786790846897044,-0.2980151127,-0.03212427326427507,0.3674029284982331,-0.3123227808999999,-0.028910362513058428,0.35714948190115886,-0.2910923789333333,0.009465665757141343,0.35359620933227937,-0.1779127435333333,-0.09683239933421356,0.2964761311546809,-0.2190414906333333,0.0038847111638467837,0.3367812333368258,-0.2349759736666667,-0.02526687413613144,0.30460470886485425,-0.2750709046,0.10068306957240745,0.23612082276801782,-0.0252818356899999,-0.13088099386803068,0.26928237982612707,-0.1111574018666666,0.24397945234366497,0.23612416169593525,-0.0200878666915466,-0.13812778378272275,0.22092050008996297,-0.2996724604333333,0.3131263844385248,0.4025909491114607,-0.069549003256,-0.050567405922234486,0.37839816513906793,-0.4222803871333333,0.3088690977034327,0.45207130884405156,-0.0720384003049999,-0.009433467162358667,0.4233402521597817,-0.4802877407666666,0.29058202872159905,0.472401727277903,-0.0741428117648333,0.018251036824160443,0.45985121078132934,-0.4584761564333331,0.3137352497352699,0.4058603941132532,-0.0729581371073333,-0.037543306826197824,0.3967941573471742,-0.421952337,0.07074929122012154,-0.16933663989739434,0.0607628693099999,-0.06975541620328939,-0.1868980386792278,-0.0587318079633333,0.07686216368333879,-0.5098877343164819,0.10181966694,-0.02299062162411072,-0.4578936158373832,-0.05916807932,0.06679644024051125,-0.7701433388681461,0.2834318781333333,-0.06038191705243022,-0.764120351730802,0.1573312851333333,0.04653230309599452,-0.7966263359181247,0.3097941046666667,-0.06309735672663881,-0.7904438690235199,0.1401662907,0.08246837643381169,-0.8369410164871596,0.2755463192666666,-0.053633110868817765,-0.8250013421464684,0.0601841403766666,onweer_g_ch1_g19_compr.mp4,ch1g19,3.874056929522256e-05,0.00011244944349773949,6.330523749383812e-05,8.951309411807966e-05,4.5967192045917616e-05,0.00010983374111440177,6.425259482586056e-05,2.4993612238750046e-05,1.4173472591684134e-05,2.3408057809741993e-05,0.0001377766396655971,4.078531223208749e-05,6.398554096429198e-05,6.35577336018884e-05,4.949821092239117e-05,4.7739622288426014e-05,4.627490874772049e-05,0.0001495074868607088,3.8368381763431044e-05,6.335822839683295e-05,0.00011049028024342467,6.312719275763298e-05,6.406484982422492e-05,4.948511924680023e-05,4.469361867747873e-05,5.666685001710813e-06,4.977365004666524e-05,0.00013059974285731306,2.3474973508477582e-05,0.0001533916542081528,5.705022880248684e-06,3.975120221633394e-05,0.00012112947872495697,0.00020040917414244615,5.890375429149031e-05,-0.00011506620547983013,-0.00010448337981479503,-9.620494938498963e-05,-0.00010492261934772661,-4.369211956146865e-05,-3.244848977932465e-05,-2.8771606051997063e-05,-9.194964280304362e-06,0.00020448004527671675,-7.29813817624455e-05,-1.8749020972283764e-05,-1.1848084298158534e-05,0.0003134405246832098,-0.0007821320622980161,0.00041590043672047486,-0.001723149606698354,-6.246501617839047e-05,-0.001914751091199283,-0.00019947333553620142,-0.001936046608933173,-0.0003108827744290488,-0.0017950713268537481,-0.00017251754705026082,-1.1126250006172587e-05,9.76533910460335e-06,0.0003778016127491203,0.00032268920576122953,0.0007040551583125333,0.0005746458347557807,0.000710204941408447,0.0006060246466819362,0.0007036360395302291,0.0006779965514508198,8.91283328811012e-06,3.993167587943146e-06,1.2446974977200944e-05,3.197583083021285e-06,-1.0253612280000016e-07,3.1585577444659627e-06,1.2475592742456121e-05,1.8271646707773808e-06,1.742651166970955e-06,1.3419292742703176e-06,-6.083533858032833e-07,-3.126910479492674e-06,1.3004322915630253e-05,1.2469903736419627e-05,-5.933536551731865e-06,-3.825061259810848e-06,-3.23201325543019e-08,-1.8251490042111816e-06,-2.903546346507348e-06,1.3050662747663336e-05,3.3575174694402634e-06,1.235107994313951e-05,1.2976178633964421e-05,1.0388789040826513e-05,3.3553927258983473e-07,-2.0525125693702161e-07,1.1049072888593694e-05,-8.482361934029859e-07,3.4048831604185005e-06,-2.1706923462735063e-06,-2.1837342963416424e-07,1.0705351220559787e-05,4.968735654603807e-06,1.998069053879485e-06,-3.955760328708916e-06,1.1101604475526716e-06,-3.0487263990306074e-06,-1.7033485259679283e-07,-3.7074236206286695e-06,1.0453611797847725e-06,-3.1929309241873057e-07,1.4308362556922714e-06,-4.4662882744698464e-07,3.7527687209059283e-06,5.478432087776256e-07,9.73767338176805e-07,1.1272017392697326e-06,3.873239098481854e-06,2.9183313071211877e-07,-2.9359043082447084e-07,4.335140122110905e-06,3.057537742589782e-07,1.0014338514162495e-06,-3.615046817387621e-06,8.516462157225786e-07,9.731822077443594e-07,1.1879717220998618e-06,-2.243023236572181e-07,-9.612534855500463e-08,9.998455853814677e-07,3.732468735210324e-06,5.356074858136404e-07,4.365999218177273e-06,-1.0834559232654163e-07,1.3570493496971967e-06,-4.338459474842504e-06,7.340032452766437e-06
3516.666666666657,-0.01710516490996138,0.34759103736626823,-0.2828720003333332,-0.012262275295829666,0.36158489005026384,-0.2764408618,-0.013310227531185815,0.36332513153447166,-0.2658412161666667,-0.01492765814984612,0.36273172800940834,-0.2684046883666667,-0.03298654750604992,0.367905169601086,-0.2985738159,-0.030910954344419046,0.367453841818008,-0.3128935927333333,-0.027703986811055143,0.35720260807175763,-0.2916612883666667,0.010247910035451979,0.35369487037889075,-0.1780962647333333,-0.09611115812933996,0.29680079360153244,-0.2197478309999999,0.004870997177693412,0.336786911200757,-0.2353847090333333,-0.024291865572110626,0.3046632873695384,-0.2755949119,0.10085384437313685,0.2362482193468947,-0.0249998338833333,-0.13098186299189366,0.269743175689419,-0.1116726092666666,0.2440456858286761,0.23557951723756498,-0.0179908344715466,-0.13959021377279032,0.2214381962471955,-0.3008041003,0.31493402836123385,0.40089250310980484,-0.0661412789926666,-0.05240323624204825,0.37837615605588665,-0.4240483284333333,0.31109568135107274,0.4501346915201079,-0.0682115834283333,-0.011401256446931953,0.42316948650601693,-0.4822440118999999,0.29293467829344244,0.47037806852513864,-0.0705945487825,0.01651943333598865,0.4596306614293321,-0.4603779270666666,0.31570948083539846,0.4040315869157447,-0.0696099016943333,-0.039303727626215264,0.39668581218047916,-0.430584073,0.07066001512210812,-0.16934259957930445,0.0609858618333333,-0.06966618289020281,-0.18689566532204285,-0.0589496352466666,0.07670380967159472,-0.5094604283203901,0.1028771454766666,-0.02319500193539842,-0.45758842562025304,-0.0586034321033333,0.06655606256746124,-0.7694721292899801,0.2849267150666666,-0.06049289123397048,-0.7636163197094512,0.1592241627333333,0.046245806481800183,-0.7959605425721185,0.3113412286666667,-0.06316592796427521,-0.7899144442281125,0.1421760172666666,0.08214639018585042,-0.8362386759010394,0.2770450652999999,-0.05388258605853721,-0.8243422258273532,0.0624892140433333,onweer_g_ch1_g19_compr.mp4,ch1g19,4.9549800195953555e-05,0.00011054869564274653,7.79572401533882e-05,8.796208347819812e-05,4.4978570323002416e-05,0.00010769406717600849,7.887195413749138e-05,2.6953710070809945e-05,1.5848072739226766e-05,2.4284028773132473e-05,0.0001391479385758655,3.8205683130925353e-05,7.916201112300535e-05,7.826686867368742e-05,4.522536629988531e-05,4.4420263551648534e-05,4.5566341290112217e-05,0.00015019096766763534,3.574200426674119e-05,7.859008245584398e-05,0.00010913814708718623,7.767277041104938e-05,7.920339210928443e-05,6.184060524256458e-05,4.417076740790856e-05,5.459465039187918e-06,6.27188598621239e-05,0.00013175311311178317,2.7227482238792954e-05,0.00015369018456728612,5.489763346523072e-06,5.172210818790498e-05,0.00012037970090790315,0.00019839999700036094,5.682030941844036e-05,-7.70162059620236e-05,-5.8122007048967906e-05,-4.8613753806837585e-05,-5.5999312456621236e-05,1.4165738987078476e-05,2.6367561837637534e-05,3.0030362804587458e-05,4.453756678525541e-05,0.0003008669157025003,-3.4605052350825076e-05,3.0469951808725605e-05,5.7699261792051746e-05,0.0004219498928542058,-0.0006973149402494912,0.0004954730591514795,-0.0017953371741393739,-9.217221647976906e-06,-0.0020234961670834266,-0.00014228124769347417,-0.002053880590600473,-0.00021526445759096661,-0.0018849340091843794,-0.00010128915397514657,-6.824209165604492e-06,4.134999029607214e-06,0.00043302459496322333,0.0003443283871711881,0.000702292019011387,0.0005412975585865921,0.0007015398838641143,0.0005674029517072596,0.0007015413575583902,0.000661984042457699,1.0411908576294022e-05,1.470309609531572e-07,1.2860358101607665e-05,-1.3141622485449878e-07,-2.247052612686498e-07,-3.6937431737341577e-07,1.2820474512856788e-05,1.4824113759725497e-06,3.207215778974313e-06,9.120381872388859e-07,2.803266277836586e-06,-1.8916011405993712e-06,1.3291352161049794e-05,1.2895877378864492e-05,-1.1008644765513047e-06,-2.830481454743584e-06,-3.019696094919123e-07,2.125499392443686e-06,-1.9998073285910585e-06,1.3359486202143906e-05,-9.912115135922372e-08,1.245442942642319e-05,1.325508297761746e-05,1.0907358262393257e-05,1.366061130191331e-07,-3.117001111570623e-07,1.1416988365965728e-05,2.713745677329699e-06,3.7812504901373454e-06,1.6839521553737144e-06,-3.404153594774652e-07,1.1629950654292159e-05,7.117542523920079e-07,1.1399602925744923e-06,-3.536867016904674e-06,-5.6321884702559046e-08,-2.8092628681131097e-06,-4.6406645388857125e-08,-3.2860283157409788e-06,-1.102660734272816e-07,-3.228574011604835e-07,1.2195824559786516e-06,-3.7335331876525177e-07,3.4827765987133855e-06,1.1817327174619835e-06,-2.3940374904818165e-07,-4.535253805459207e-08,4.03521400054148e-06,1.071319983847738e-06,-1.4326412027932266e-07,4.0501449038484995e-06,9.052424970489082e-07,-2.2198889728259514e-07,-3.3004619960323543e-06,-3.6683163165703747e-07,-2.4084564908114563e-07,1.4594128722794809e-07,-1.2830594849239657e-07,-1.1297934150801373e-07,-8.08499433707054e-08,3.4800221208546977e-06,3.2736898151625785e-07,4.128852241104563e-06,-1.284729285469557e-07,4.7153125796817724e-07,-3.9666665630425605e-06,6.98533407570685e-06
3533.3333333333235,-0.015794918117776127,0.34757714835797887,-0.2832187056333333,-0.01094468574352006,0.3616094110614267,-0.2767656782999999,-0.01199962236378639,0.3633613704075417,-0.2661570442666667,-0.013623600353973192,0.36276244843298944,-0.2687235444,-0.03166331210249877,0.3679978173474242,-0.2989626458333334,-0.02959125864548689,0.3675607217838974,-0.3132912222666666,-0.026389205939126522,0.35731159386898514,-0.2920568059,0.011087743625678246,0.3538588925759341,-0.1780831819999999,-0.09528767863720898,0.2972021658949493,-0.2201995954333333,0.005928616786756252,0.3368269136781597,-0.2356533337666666,-0.023230520555295897,0.30475990732817043,-0.2759807685333333,0.10110918526256367,0.23640596666906186,-0.0245125044766666,-0.13104270705678506,0.27026523006085107,-0.1119914352333333,0.24418212506816073,0.23502384182574387,-0.0156834777015466,-0.1410275810798858,0.22201727868422966,-0.3016851215,0.3164490839256787,0.3991583463865311,-0.0624785360059999,-0.05422178004220553,0.3784643935074958,-0.4255046457333333,0.31290853792881074,0.4481671357032304,-0.0641428527183333,-0.013373948284140057,0.4231271090192589,-0.4838364075999999,0.2948674141601316,0.46832867172898873,-0.0667816539358333,0.014732636546115594,0.4595708442827213,-0.4619108293999999,0.3173537184662077,0.4021695786950273,-0.0660034185409999,-0.04107204761908055,0.39670343243571393,-0.429769665,0.0705804037640473,-0.16934757092311556,0.06121662494,-0.06958637645597165,-0.18689473740764856,-0.0591736322333333,0.07658016327673849,-0.5089922662921782,0.1038601944533333,-0.023395230250803416,-0.4572546728056564,-0.0581928481166666,0.06628350501260315,-0.7688175585835015,0.2863657052999999,-0.06047939856079838,-0.7631134683611388,0.1607883396,0.04591681917858568,-0.7953164261029734,0.3128342047999999,-0.0630874747348436,-0.7893905413123057,0.1438504567666666,0.0817954584084673,-0.835572526452268,0.2785425614666666,-0.054006086247739754,-0.823716871097455,0.06452992607,onweer_g_ch1_g19_compr.mp4,ch1g19,6.151724423046658e-05,0.000108328678679524,9.165008840638695e-05,8.517081437821496e-05,4.410850410260852e-05,0.00010535362987800582,9.246555120046532e-05,2.8335437469934185e-05,1.8875281064290255e-05,2.4231084760678e-05,0.00014570387683874192,3.759151914325019e-05,9.317486391672439e-05,9.203200332164414e-05,4.555338970339994e-05,4.298781998903932e-05,4.5194846999732844e-05,0.0001567545110846404,3.486959732878585e-05,9.2730888130754e-05,0.00010679799372304989,9.061766646574349e-05,9.3174924850203e-05,7.362800114937811e-05,4.366076266631649e-05,5.152332219980451e-06,7.483187975484082e-05,0.00013779161452900042,3.10850836347774e-05,0.00016031731368626155,5.171437192166588e-06,6.445302029997442e-05,0.00011846807367961649,0.00020012698617197626,5.5876211525801254e-05,-2.525752126660934e-05,-5.964321516868896e-07,9.978643108974545e-06,4.27499046756208e-06,7.99140177775557e-05,9.316824977997439e-05,9.643077852122345e-05,0.00010322374351837557,0.0003873519108759741,1.5649114038892667e-05,8.855134626522355e-05,0.00011718534536108996,0.0005108035484053243,-0.0006819946493649701,0.0005640466504521432,-0.0018979267756637167,6.798554719591883e-05,-0.002159690258413521,-5.625764182019004e-05,-0.002200162685298353,-0.00010034003643517857,-0.0020036796153979184,-8.059327681438616e-06,-3.0216595127485526e-06,-7.871917466384642e-07,0.0004694059530913857,0.0003657730732639121,0.0007047600708238791,0.0005221102245170818,0.0007007736401399366,0.0005458520625313457,0.0007113647396874486,0.0006660910022204499,1.1059058119185881e-05,-2.8294817588172448e-06,1.2189273055564794e-05,-2.928049945351512e-06,-3.082898879242596e-07,-3.0711776154991736e-06,1.2104214928391431e-05,1.113146421642468e-06,4.297049208901318e-06,6.363349989636854e-07,5.9180623861910575e-06,-1.0406614700096792e-07,1.2424172586967262e-05,1.223043154953118e-05,3.5054879516397256e-06,-9.704931910806941e-07,-3.77999117411361e-07,5.770526783591047e-06,-5.348287130591024e-07,1.2499817928403117e-05,-2.8405759886105046e-06,1.1394610362340908e-05,1.2382857809252085e-05,1.043917252437935e-05,-3.099571210438684e-08,-4.1844775135566457e-07,1.0735964790116574e-05,5.971475269779514e-06,3.971049364816165e-06,5.266970090165275e-06,-4.616612608995773e-07,1.1613307207254329e-05,-2.6442050916541453e-06,2.2414503856254222e-07,-2.779160404673563e-06,-1.1088250626729826e-06,-2.2464473163385696e-06,8.270142603976878e-08,-2.572457391038362e-06,-1.1431669501016421e-06,-2.916810441716544e-07,9.174971013865754e-07,-2.0245222271747484e-07,2.643751887991887e-06,1.5898746435581905e-06,-1.3301639404334228e-06,-1.1042899453928202e-06,3.6646594577230244e-06,1.6381379564077639e-06,4.140242057206006e-08,3.1053734569763226e-06,1.3185030985696891e-06,-1.3289879792207874e-06,-2.671901453139935e-06,-1.4197797250647542e-06,-1.3307881630639897e-06,-8.139062227239286e-07,-1.5364655335646703e-08,-1.1238906758875859e-07,-1.0728178595944323e-06,2.6777396090004093e-06,1.0259683529802629e-07,3.2014966796883876e-06,-1.2821202202066147e-07,-4.6515295618513497e-07,-3.1956267690874764e-06,5.776701174085307e-06
3549.99999999999,-0.014160357420966625,0.34754851335657116,-0.2836951811666666,-0.009261253315139542,0.3616207103639512,-0.2772186874999999,-0.010322150577747363,0.36338260600052996,-0.2665995461666667,-0.011951908663486674,0.36277986931298045,-0.2691696514,-0.02995648118416654,0.36809092927363096,-0.2994989853,-0.027884051966991025,0.3676683190147319,-0.3138418082666667,-0.024689860865170755,0.3574228251888505,-0.2925994833666667,0.0122340284707325,0.3539993688282397,-0.1782054584333333,-0.09408586354772075,0.2976069099024347,-0.2209062283666666,0.0072719534346020916,0.33684407389824417,-0.2360411876666666,-0.021859499998359018,0.30485275344930307,-0.2765202531666667,0.10146091246284578,0.23654637143212234,-0.0241029160733333,-0.1309093486293109,0.2707818494488459,-0.1124215937666666,0.24457172184520917,0.23434354868288795,-0.0135795941148799,-0.14232348051796145,0.22256129971979466,-0.3028627503333334,0.3178639212013754,0.39722586749237826,-0.0592272607426666,-0.05597302726854301,0.3785466848890214,-0.4276784429999999,0.31449542463475205,0.4459834159893589,-0.0605387068116666,-0.015252921101668749,0.4231143348830315,-0.4861865919333332,0.29649673457807907,0.4661167020437501,-0.0633760522895,0.013030663166204543,0.4595229883072758,-0.4642173602666665,0.3188434119275116,0.4001330753172397,-0.0627824345573333,-0.042776938306151605,0.3967169244657401,-0.421836317,0.07049919982512363,-0.1693479115132004,0.0614839947366666,-0.06950433639587328,-0.18689874971051648,-0.0594353977033333,0.07656153186458643,-0.5084968365050903,0.1049180552066666,-0.023517428292419294,-0.45687904084236625,-0.0579655512666666,0.06614159287551322,-0.7681290899694492,0.2876598721333333,-0.06025753367806185,-0.7626204118969346,0.1616509494666667,0.04572532489948654,-0.7946384168428379,0.3141514187666666,-0.06278647054316285,-0.7888766479484324,0.1447573637999999,0.08154591858115096,-0.834904197910689,0.2798963627333333,-0.053807471551216304,-0.8230892060729759,0.0656739159066666,onweer_g_ch1_g19_compr.mp4,ch1g19,7.294127545243882e-05,0.00010647652962463114,0.00010253208746028455,8.284773705666015e-05,4.3490795832210135e-05,0.00010325959747588804,0.0001032273569769175,2.9251249103756548e-05,2.377842726092518e-05,2.4211620064570394e-05,0.0001566539141686951,3.81999117274308e-05,0.00010420001952594145,0.00010296566222815407,5.197996967883089e-05,4.244448363182945e-05,4.5000579867680026e-05,0.00016818887159340799,3.4932330869390354e-05,0.00010387151363500323,0.00010452079826001456,0.0001000469383737015,0.00010417109121548101,8.298409780066626e-05,4.321511598031886e-05,4.72429164185086e-06,8.427312456266541e-05,0.00014842272478289518,3.509495171387651e-05,0.00017168358692696214,4.695972660849566e-06,7.643811235202066e-05,0.00011632620583855156,0.0002072009203070915,5.556810226344762e-05,5.175275613613132e-06,3.7085808506925683e-05,4.777370312756337e-05,4.3881897449032334e-05,0.00012325566280135624,0.00013709998119888222,0.0001392822080225335,0.00014511046153447196,0.00044717761577723643,4.649761638651502e-05,0.00012551379279584807,0.0001421935192373471,0.0005719101697749345,-0.0007654800824467565,0.0006187441614151635,-0.00205390344920709,0.00013059400326117376,-0.0023424663174567897,1.0746577940219289e-05,-0.002387062338824907,-2.22174919094748e-05,-0.002169673221209494,6.181487070046725e-05,-2.4000898792271076e-07,-4.273942925898309e-06,0.0004852413173835853,0.0003839726828669335,0.0007023897195049971,0.00050598728560448,0.0006991546654279353,0.000530495781208239,0.0007213991253321738,0.0006804230977788647,1.0644214649156658e-05,-4.577695763151367e-06,1.0282369214373063e-05,-4.716545955160188e-06,-2.0089104214604882e-07,-4.612404306968896e-06,1.0178422574772805e-05,7.333862934448403e-07,4.994772456448259e-06,5.642641811879813e-07,8.006347600382396e-06,1.8685405587262096e-06,1.0259878903369264e-05,1.0323109274423909e-05,7.045580288168468e-06,1.2914176317160483e-06,-1.2956544404964784e-07,8.256438009376685e-06,1.1862223897753856e-06,1.0330088472302734e-05,-4.478486089147115e-06,9.145011763400548e-06,1.0220012096029943e-05,8.886863069963685e-06,-3.825103448546067e-08,-5.226418354119365e-07,8.907873842952508e-06,8.142175634306792e-06,3.994790944798831e-06,7.837321624448943e-06,-5.773133853213462e-07,1.0450612174475784e-05,-4.6886121520835085e-06,-5.976299671113409e-07,-1.9123074829148923e-06,-1.8741683962009348e-06,-1.571214987822206e-06,1.8785926684491658e-07,-1.7748326597275718e-06,-1.8860599161963752e-06,-2.3337244464385068e-07,5.495881003683721e-07,-1.7004908918459506e-08,1.4046186896898361e-06,1.7257499717724e-06,-2.1177748470416874e-06,-1.8745765175659204e-06,2.764105884429646e-06,1.9270206914736173e-06,2.2404080418142468e-07,1.707571886191914e-06,1.4988466677111883e-06,-2.1325991480824735e-06,-1.9469840174894937e-06,-2.1301342874070067e-06,-2.117299588992239e-06,-1.5205969061283787e-06,8.75005375422113e-08,-9.414810278738812e-08,-1.7969326989011883e-06,1.467194211729603e-06,-1.211104024740724e-07,1.8139663444459804e-06,-1.0542184970795364e-07,-1.2941007593449945e-06,-2.268526808673493e-06,3.989809098495926e-06
3566.6666666666565,-0.01230815859372986,0.34755040660673536,-0.2840854267,-0.00733646923062763,0.36165654033911987,-0.2775696356666666,-0.008400731061237897,0.36342720860076116,-0.2669471425666667,-0.010035701307498542,0.3628227085213604,-0.2695188591333334,-0.028009734177201834,0.368222839107757,-0.2999748270666667,-0.025935591410556676,0.36781294907516265,-0.3143298232666666,-0.022745096019724447,0.35756825069218934,-0.2930839708,0.013616559714830587,0.35413321410290405,-0.1782652294666666,-0.09264163947016316,0.29805332605137136,-0.2216337770666666,0.00882905009903625,0.3368806450062186,-0.2363356803,-0.02027121317798179,0.3049767953217486,-0.2770077297666666,0.10196151674496988,0.23666724942668527,-0.02367282749,-0.1305399647860255,0.27132371846090175,-0.112864727,0.2452379973505863,0.23350707314916877,-0.0115033066715466,-0.14334421968099872,0.22316365374979746,-0.3039415229,0.3193217748793066,0.3950987328737646,-0.0565755612356666,-0.05764698777212603,0.37870816677390867,-0.4293916483666666,0.3160612409933374,0.4435652442519224,-0.05762226766,-0.017096767418781352,0.4231745126201369,-0.4879759571333332,0.2980803679373905,0.4637089241450967,-0.0606607902328333,0.01136455260192338,0.4595206047512254,-0.4659806444666665,0.320344445566838,0.39792169684034046,-0.0601713132073333,-0.04440762828481477,0.39680137447374003,-0.424512744,0.07041895595160305,-0.1693482503996631,0.0617599864133333,-0.06942277999010288,-0.18690248064103404,-0.0597082857733333,0.07664317388308697,-0.5080286637577791,0.1059484744633333,-0.023576229025466577,-0.45649343254205804,-0.0578061993666666,0.06616600832212946,-0.7674690552950894,0.2887070373333333,-0.059884581938326416,-0.7621662436669252,0.1621851864,0.045718274442049255,-0.7939856827610958,0.3151949957666666,-0.0623274413160362,-0.788406045281394,0.1453006308333333,0.08154174374358251,-0.8342421289799891,0.2810637176999999,-0.053389663671683366,-0.8224595050485163,0.06643951857,onweer_g_ch1_g19_compr.mp4,ch1g19,8.271229397407393e-05,0.00010250852428370554,0.00010948269653488617,7.902928034073835e-05,4.318044278226417e-05,9.934499726579626e-05,0.00011001852775942196,2.981952437891297e-05,2.9712964813668726e-05,2.471106911044871e-05,0.00016883813911536423,4.076272865205437e-05,0.00011097614640149426,0.00010992577071292735,6.256164549890743e-05,4.453540199398187e-05,4.507144445958225e-05,0.00018115576449480458,3.670355509114169e-05,0.00011077498922596332,0.00010034654413115027,0.00010527345754314922,0.00011091709032054901,8.914525303386747e-05,4.2964706957422586e-05,4.157811634611522e-06,9.029679133977773e-05,0.00016052659144389448,3.9242211856449e-05,0.0001844872806048951,4.05836288922575e-06,8.622145410141679e-05,0.00011158804344368756,0.0002154909992322743,5.650767204783497e-05,1.578059102120939e-05,5.2553670031021216e-05,6.210630136537148e-05,5.990008259340401e-05,0.00014461869478360245,0.00015835676108210902,0.00015936052668722632,0.00015966399616503782,0.00047834425859818184,5.452032334767516e-05,0.00014148901333107698,0.00013349758590149174,0.0006017826938846147,-0.0009228220350202094,0.0006421136222702562,-0.002235451818778147,0.00017716819189858845,-0.0025383645444947028,6.384905784274995e-05,-0.0025753596456797685,3.299187083231162e-05,-0.0023527533773519305,0.0001116998252982319,1.3565235761871672e-06,-6.112464584735828e-06,0.00048221435318042746,0.00040198791418904226,0.0006979744384729655,0.0005061255483441,0.0006979031546654172,0.0005345925422320329,0.0007294008952027859,0.0007045510559091866,9.367915177275066e-06,-5.218462858683841e-06,7.5789229923048725e-06,-5.331267964125065e-06,-5.876309040252545e-08,-5.0833983008639335e-06,7.484393454985068e-06,5.211744064261342e-07,5.203778213331681e-06,7.264720913785351e-07,8.611253717254887e-06,3.6577109482860355e-06,7.2863970300105285e-06,7.616022157115117e-06,9.057294829293766e-06,3.3764096274122745e-06,2.411929645777444e-07,9.000680582176238e-06,2.8102668450486476e-06,7.33006154272802e-06,-5.094421480012525e-06,6.184613759203273e-06,7.251553719082171e-06,6.606540259766401e-06,-2.4211901123020133e-09,-6.029376810175217e-07,6.326402231240908e-06,8.767846212708449e-06,3.6939336486088867e-06,8.785124584284114e-06,-6.646447582642476e-07,8.439318331115476e-06,-5.527220483163088e-06,-1.2125502962207566e-06,-1.0271888951583223e-06,-2.2662277173192447e-06,-8.529924382079293e-07,2.608034722907066e-07,-9.733227378177045e-07,-2.257217720708676e-06,-1.4971147946206807e-07,1.754040568786849e-07,1.2859149573713652e-07,6.199581830461676e-08,1.5579443527922e-06,-2.5101505267195198e-06,-2.2692131061259395e-06,1.5240024973017188e-06,1.8590285477711085e-06,3.798727279343174e-07,1.8521459289220252e-07,1.4062287125046493e-06,-2.5378983184138988e-06,-1.1919250795150655e-06,-2.429386567394755e-06,-2.5084046985024374e-06,-1.8961405849451337e-06,1.6773603381360532e-07,-5.8974290173468346e-08,-2.1712828561794456e-06,1.3222921534677632e-07,-3.173772434073585e-07,3.0345000530467553e-07,-6.124508815433773e-08,-1.8933455893273194e-06,-1.288687343176711e-06,2.030463322286217e-06
3583.333333333323,-0.01047724466733735,0.347555313410136,-0.2847713698666666,-0.0054280309404821665,0.36169322561264616,-0.2782167533666666,-0.006492139648046827,0.36347209913028716,-0.2675866269,-0.008132914426547675,0.36286590723403295,-0.2701592335666667,-0.026076516957217966,0.36835753456419557,-0.3006965250666667,-0.02400115195887244,0.36796057728191134,-0.3150754644666667,-0.020811317570577734,0.35771634147808784,-0.2938172926999999,0.015077674353096357,0.35425888307742853,-0.1785723483666666,-0.09118883168094596,0.298525057796851,-0.2224325031333333,0.010367668163081403,0.33691708659889147,-0.2369091490333333,-0.018697508371373784,0.30510990458019055,-0.2777241607333333,0.10255906364490178,0.23676568048430577,-0.0234866634666666,-0.13014148805000186,0.27190152478203883,-0.1133454749666666,0.24586727558519192,0.23239169723234362,-0.0103366531615466,-0.1443720515718833,0.22379338918971126,-0.3051760095666667,0.32075589950170275,0.39267489599239463,-0.0555155940789999,-0.05927092931754731,0.3789395582231224,-0.4315101901333333,0.31754235262954306,0.4408040129492636,-0.0564600097133333,-0.018883405051470483,0.4232908767877653,-0.4902182510999999,0.2995496103865936,0.46093817471117704,-0.0596203467028333,0.00972167965821272,0.4595758455856999,-0.4681796137999999,0.32181302694775965,0.39539024926494754,-0.0591419195106666,-0.045995357709178994,0.39695900248518784,-0.417193264,0.07035379818678714,-0.16934598605714551,0.06199706143,-0.06935686895560254,-0.18690888152849616,-0.05994202613,0.07677507858919597,-0.5075544261155978,0.1068127487666666,-0.023625654797257905,-0.4560628238914803,-0.0576615937799999,0.06629255514513756,-0.7667111790849769,0.2895009523333334,-0.05944290221628271,-0.7616269745652166,0.1627240501333333,0.04582102768912076,-0.7932158905143712,0.3159878736333332,-0.061790459398530846,-0.7878340981627613,0.1458533002333333,0.08159432907417409,-0.8334410097801783,0.2819238405333333,-0.05295983973919765,-0.8217013324195825,0.0671221177933333,onweer_g_ch1_g19_compr.mp4,ch1g19,9.007236692782419e-05,9.852752932891349e-05,0.00011352233112646551,7.459180378342695e-05,4.4116028704492426e-05,9.549806533293378e-05,0.00011394008411934285,2.9603993799724213e-05,3.5891250236070945e-05,2.6146899319737095e-05,0.00017879942157258413,4.5721568939911145e-05,0.00011464874042493429,0.00011394572260553274,7.525132625288583e-05,4.949160588024998e-05,4.591641222744004e-05,0.00019148549931266153,4.070935243488872e-05,0.00011449178994554989,9.619009275482567e-05,0.00010766863540288465,0.00011456163879868428,9.276570562504172e-05,4.381267829473393e-05,3.4909249361672256e-06,9.36615436534546e-05,0.0001709559216755459,4.288582589521424e-05,0.00019448581270928468,3.3113705778701252e-06,9.305801191228854e-05,0.0001067858390779733,0.00022396495370052616,5.980637219415528e-05,-2.00348719996499e-06,3.729215479821131e-05,4.469232752278369e-05,4.419698323283723e-05,0.0001361561150354328,0.00014924187479446323,0.0001494844765293926,0.00014222535173976172,0.0004828284318427972,3.331061693808157e-05,0.00013139715602504965,9.677745450606019e-05,0.0006032127279111339,-0.001121693510409254,0.0006269506167536576,-0.0024147646764718423,0.00019138243787976284,-0.002720503474188874,8.14613297019289e-05,-0.0027465281798406795,4.38805630057811e-05,-0.0025260989355579727,0.00012432369074728375,2.4756987032908765e-06,-7.083433799067343e-06,0.000469551484002774,0.00043208637239278396,0.0007094096653874797,0.0005367161686873034,0.0007145272584699504,0.0005724800675250409,0.0007461460662496718,0.0007522101727552799,7.764617522017301e-06,-5.38278930517451e-06,4.865773603859045e-06,-5.445264942215669e-06,2.5461823578395265e-07,-5.2257069493686875e-06,4.797208801752417e-06,4.1611611573410497e-07,5.070393796555924e-06,9.863577407567566e-07,7.729820244083338e-06,4.95541950466661e-06,4.271443905993831e-06,4.894523293348403e-06,9.50639183145438e-06,4.983774221070981e-06,6.227694771524134e-07,8.097570397153782e-06,4.0426096194213315e-06,4.275475425494202e-06,-5.397810106991045e-06,3.3149080434584954e-06,4.245200825601024e-06,4.336518116397453e-06,2.3006733284001822e-07,-6.380630473210095e-07,3.7052204670293043e-06,7.91568827416716e-06,3.230639706720051e-06,8.071604761311553e-06,-7.015919588911433e-07,6.10053934382293e-06,-5.872975810377922e-06,-1.5675907417693613e-06,-3.1070384461951113e-07,-2.3433756333374324e-06,-2.329825515672783e-07,2.371394062315601e-07,-3.286513352344227e-07,-2.3218652212427445e-06,-3.9157937797790934e-08,-1.5949997181498383e-07,1.8285528264929308e-07,-1.0296351148887262e-06,1.0863470710710363e-06,-2.563092042288862e-06,-2.346681782083565e-06,2.0863498087076993e-07,1.434623048036945e-06,4.4158017265441925e-07,-1.0476494188365044e-06,1.030440979714836e-06,-2.595995947110866e-06,-5.519307644710919e-07,-2.3909638035908984e-06,-2.5613512359262923e-06,-1.9580673320099865e-06,1.616250595153364e-07,-1.1800757077491034e-08,-2.220724252540635e-06,-9.895454764214413e-07,-4.5790636912244974e-07,-9.118635466079349e-07,-1.931606348376318e-09,-2.2056795269237233e-06,-4.645188920339942e-07,1.0833035371239348e-06
3599.9999999999895,-0.008720415703091287,0.3475628542249111,-0.2854367335666666,-0.0035817259856037675,0.3617310523701845,-0.2788403172666666,-0.004643755019290608,0.36351782620689327,-0.2682057304,-0.0062921124399205955,0.3629101162575285,-0.2707771936666667,-0.024219389270962243,0.3684943006075744,-0.3013854683333333,-0.022143428119199584,0.3681102265962387,-0.3157852207,-0.018956819419400802,0.35786663482447506,-0.2945169588333333,0.016550119759730777,0.35437692093948675,-0.1788529461666666,-0.0897553425439146,0.29900211939284355,-0.2231576766,0.011870362246601818,0.3369545572822488,-0.2374601929999999,-0.017177414395858404,0.30524830741571385,-0.2783963868666667,0.1031523275072495,0.23680117056398722,-0.02332929007,-0.12974494975586442,0.27249425088862145,-0.113772616,0.24642244582730946,0.2309793312663889,-0.00960497642428,-0.14544292584809873,0.22441289152016025,-0.3062905787000001,0.32197000209461013,0.3900199851758194,-0.0550061628656666,-0.060871803959058494,0.3791285762159593,-0.4333803882,0.31880988410040845,0.43783587765062754,-0.0558760769166666,-0.020642521534355678,0.42336785586951636,-0.4921867580999999,0.30085829350804094,0.4579246786432824,-0.0591135554794999,0.008132186101664732,0.4595807115136024,-0.4701010509666666,0.3230627482209537,0.3926249684867283,-0.0586381619139999,-0.047567679972098396,0.3970689048940199,-0.410238892,0.07029789223649952,-0.16934308807580667,0.0622127513933333,-0.06929964834639576,-0.18691619160880282,-0.0601558697133333,0.07691277222625362,-0.5071044891284855,0.1075067169566666,-0.023691863459693843,-0.45563809994057053,-0.0575680703666666,0.06643665170600035,-0.7659837682410546,0.2902773157666667,-0.05899826104725813,-0.7610851856176851,0.1633082283,0.04594555801233372,-0.792471422868233,0.3167774297666666,-0.06125420477333041,-0.787250185556739,0.1464769997666666,0.08170391480365832,-0.8326353415662039,0.2827648084333333,-0.05253258528339282,-0.8209324039607422,0.0678781588799999,onweer_g_ch1_g19_compr.mp4,ch1g19,9.596653602657406e-05,9.464220240393604e-05,0.00011651566735426793,6.94568997212854e-05,4.539772686367773e-05,9.174269902100195e-05,0.00011696216854674523,2.9717974452468244e-05,4.136760752105394e-05,2.762238601695501e-05,0.00018234677129401916,5.205698091266011e-05,0.00011681679144838554,0.0001169693569588684,8.577740973451956e-05,5.6232953907480444e-05,4.720651556207377e-05,0.00019465824607805613,4.6004299635672016e-05,0.0001165152914178755,9.225949017175057e-05,0.00010937943179287779,0.00011668178137161338,9.530066555278294e-05,4.50139767862623e-05,2.7753692155374246e-06,9.546826122745364e-05,0.000175282803003975,4.579927294306581e-05,0.00019733650186334336,2.534209352497154e-06,9.674425013605956e-05,0.00010255787835360594,0.00022773500487288783,6.436344996255914e-05,-3.157204443669607e-05,9.031894841810975e-06,1.3763118458972432e-05,1.4921648211395343e-05,0.00011441911709037696,0.00012687529683275096,0.00012653077037748245,0.00010851318242350996,0.00047537087061793736,-3.2596791103365446e-07,0.00010946742656634502,4.7584573773468066e-05,0.000592637050629922,-0.0012901080566334333,0.0006061261695748157,-0.002537519824528647,0.00020188861176009373,-0.002837406455848053,9.917287023047541e-05,-0.0028535070853725492,5.4858033867713696e-05,-0.0026411602632555884,0.00013404162382241863,3.947565150184091e-06,-8.345812889074367e-06,0.000462153383015631,0.00045917046964908244,0.000721462358934727,0.0005822841414673797,0.0007311444764332843,0.000627879273255623,0.0007658863851757393,0.0008091830938911342,6.0580282311800604e-06,-5.49732671127425e-06,2.6231121388589305e-06,-5.171467059240584e-06,6.353484665796633e-07,-5.509057328928657e-06,2.587017738870272e-06,4.788049511148262e-07,4.745814292382263e-06,1.2947468131734276e-06,5.998066564873514e-06,5.697504871247742e-06,1.7869134402343412e-06,2.6424012840543875e-06,8.548085379541473e-06,5.96477956882931e-06,1.0991747583764224e-06,6.265501578616502e-06,4.79975813284579e-06,1.7492370388446884e-06,-6.0062197239021204e-06,1.1085586269003826e-06,1.7658028750266926e-06,2.4838281938004706e-06,5.517936245982718e-07,-6.411336489814771e-07,1.5503164041672725e-06,6.1704930816976005e-06,2.7300716263792854e-06,6.38411258385708e-06,-6.972389742188925e-07,3.76662662443539e-06,-6.241685047710711e-06,-1.695032742107759e-06,1.7830485482917853e-07,-2.1894309655305134e-06,2.3279759767238165e-07,1.3590703914813533e-07,1.1404758836805751e-07,-2.1665774740923926e-06,5.6171140822720824e-08,-4.0912787562902263e-07,1.6246845304454948e-07,-1.5716164045399987e-06,4.150982797987628e-07,-2.3622490929909263e-06,-2.1941447960393326e-06,-8.745018491384553e-07,7.664065229689916e-07,4.046462569283918e-07,-1.6583244653571923e-06,4.6097129128031576e-07,-2.388787438273911e-06,-8.280433640699582e-08,-2.120859763245037e-06,-2.35923916933236e-06,-1.7853168918632143e-06,8.204134989549519e-08,4.0066776038887434e-08,-2.0105486368747173e-06,-1.5916300456072256e-06,-5.262619568725585e-07,-1.4985198061605648e-06,6.261740583247487e-08,-2.2263187988226985e-06,1.0947729382659844e-07,1.8395725125593509e-06
3616.666666666656,-0.006990013254246312,0.34756391738803893,-0.2862052112999999,-0.0016921040735265003,0.3617606056982526,-0.2795699386999999,-0.002754281971203618,0.3635533392683233,-0.2689287433666667,-0.004412692397565543,0.3629454112496059,-0.2714985161666667,-0.022360248918061158,0.3686267685780458,-0.3021544616333334,-0.020283617179457116,0.3682554870254509,-0.3165818556666667,-0.017104220952705865,0.35801195253655305,-0.2952985764,0.01816222858709721,0.35448183645180953,-0.1792421029,-0.08825219431789001,0.29948479656765525,-0.2238978937666667,0.0134143431848176,0.33698322126810076,-0.2381139779666666,-0.015660765255818217,0.30538484464205656,-0.2791388203333333,0.10386007986638396,0.23681428862608314,-0.0233735353733333,-0.12928847889185677,0.2731047028692956,-0.1141942967666666,0.24698955342989995,0.22954987068123633,-0.0094101093132799,-0.1464608781025314,0.22501957309344678,-0.3073862034666668,0.3232180238903679,0.3873878899760278,-0.0549324192556666,-0.06241668543969149,0.37929664483004666,-0.4352683474333333,0.32013563031261005,0.4349085302392254,-0.0557092544433333,-0.022323680753093923,0.4234105826559847,-0.4941614073333332,0.3022381143739004,0.45496113326289245,-0.0590244229394999,0.006626597365442992,0.4595652942476204,-0.4720240368666666,0.32434990524753426,0.3898843696776644,-0.0585745394173333,-0.04907199025423018,0.39715934870782477,-0.405003041,0.07026200860294979,-0.16933963198384822,0.06238790523,-0.06926145527293462,-0.18692414035761795,-0.0603318392633333,0.07711670082898732,-0.506648511485959,0.1081487113933333,-0.02373443944415882,-0.4551292922604238,-0.0572548325599999,0.06665521109297506,-0.7652371300202194,0.2911042881,-0.05842107339250468,-0.7604134870485092,0.1643633991333333,0.04614639887994818,-0.7917078067377514,0.3176353283666666,-0.06057443966187273,-0.7865215850071506,0.1475915430333333,0.08186748208785163,-0.8318047593360162,0.2837582778,-0.05204532096015023,-0.8199970765804471,0.0691555843299999,onweer_g_ch1_g19_compr.mp4,ch1g19,0.00010148407345953832,8.915020994623134e-05,0.00011927633639018368,6.344327804911204e-05,4.651270093646618e-05,8.638933505283067e-05,0.0001197461289283289,3.053587696778619e-05,4.5755372131610965e-05,2.9337160883864194e-05,0.00018190510690615854,5.851466164162443e-05,0.00011866651311399046,0.00011976291525406914,9.35388589816479e-05,6.300851317222255e-05,4.868568203860476e-05,0.00019369650470746415,5.156188550374806e-05,0.00011827820378334595,8.685645071288765e-05,0.00011084794340405316,0.00011851889301457856,9.776473140390411e-05,4.607045621189025e-05,2.2018878548670515e-06,9.689149984466103e-05,0.00017600123288471773,4.770482392962594e-05,0.00019532404888536502,1.922564647297681e-06,9.880632894238112e-05,9.689664158942035e-05,0.0002273736167183944,6.914560703525078e-05,-7.411184445464736e-05,-3.196108198750195e-05,-3.0495166696114488e-05,-2.7292300090984755e-05,7.882354732007788e-05,9.02821024852448e-05,8.948842869215085e-05,6.31284338558353e-05,0.000460011627562554,-4.585160578504097e-05,7.381080317421443e-05,-6.195063294360802e-06,0.0005832354717949466,-0.0014186345758452129,0.0005953547496435837,-0.0026245959498229885,0.00021264506788475874,-0.0029133815759433785,0.00011898718618026347,-0.002916563891008879,7.446252801139615e-05,-0.002716317488382977,0.00014644271363625818,4.658894155801026e-06,-8.653881757856373e-06,0.00046579108055873456,0.00048790367029140304,0.0007267883397537999,0.0006344768874767083,0.0007393325864058141,0.0006899976070119378,0.0007809441218921721,0.0008626242774544695,4.46481855692076e-06,-5.607175684862944e-06,9.879638230867898e-07,-4.848251953259876e-06,8.523046981848858e-07,-5.812983960474237e-06,9.778642402752513e-07,6.305005733899044e-07,4.2406472995056815e-06,1.4099416191920538e-06,3.974812569430657e-06,5.593128086077901e-06,7.867897496960429e-09,1.0019408795287345e-06,6.845257349756129e-06,6.11576841092268e-06,1.5235979570927791e-06,4.130956246590873e-06,4.7866848507385434e-06,-5.8716720845816375e-08,-6.584968248212157e-06,-2.998545938327868e-07,-1.069739777498942e-08,1.1797136426090023e-06,7.215936817577269e-07,-5.915808100570499e-07,4.4334000916314087e-08,4.090812846046693e-06,2.169853016980381e-06,4.393924329263282e-06,-6.246497032398655e-07,1.6351609268499234e-06,-6.4581694241414624e-06,-1.6582820809875393e-06,4.952558198722995e-07,-1.8777915524715702e-06,5.266297826191249e-07,-3.129314300290719e-08,4.188400174297641e-07,-1.8610506496122971e-06,1.133305290909088e-07,-5.63724980480312e-07,6.711657926174828e-08,-1.588744024752045e-06,-3.360420535053262e-07,-1.9921147226858407e-06,-1.883759813252624e-06,-1.5942808319959159e-06,1.2373601700326937e-08,2.730299602306193e-07,-1.6827005828407522e-06,-1.9855348911496182e-07,-2.0093264109800326e-06,2.8116801067683444e-07,-1.6994020174375052e-06,-1.9882647612385046e-06,-1.4776963119974837e-06,-6.18996554667544e-08,8.346855608362081e-08,-1.6410019250625988e-06,-1.6854320723054455e-06,-5.24081038940166e-07,-1.4836217042099465e-06,1.1693616181307557e-07,-2.0309821609833817e-06,4.882814377079185e-07,2.4300267275658245e-06
3633.3333333333226,-0.005197226223026187,0.3474634197738596,-0.2872821182333333,0.00028291562643701035,0.3617036338293141,-0.2806241054666666,-0.000777874776756866,0.36349525049784,-0.2699787109666667,-0.002444101392979708,0.36289281974767174,-0.2725431670333333,-0.020422199633952687,0.3686891174901176,-0.3032644302333334,-0.018344562786861713,0.36832777394304234,-0.3177217985,-0.015172643754888426,0.3580825203393186,-0.2964193185333333,0.019892044144398414,0.3545173699509884,-0.1799371794666666,-0.08669078791673947,0.299942830647911,-0.2249342104,0.01501370833680664,0.336906480236103,-0.2390541393999999,-0.014096095835122712,0.3054400548341996,-0.2801671355666666,0.10461876195266101,0.23677033174438328,-0.0237128502733333,-0.12875353690466798,0.2736901744039262,-0.1147936937333333,0.2475502276292844,0.2280386673037594,-0.00974579609328,-0.14734132369529637,0.22558710748768818,-0.3085012802,0.3245029566610032,0.38469404559061454,-0.0555040720056666,-0.06391894844820906,0.37948431856210024,-0.4370620945666666,0.3215480244054808,0.4319457620649828,-0.0562290155433333,-0.023954219541579433,0.4235159121827921,-0.4959966720999999,0.30374938163720827,0.45198948993183125,-0.0596157365294999,0.005162917962898047,0.45965328807554445,-0.4738030517333332,0.32569517905717715,0.38709878518205854,-0.0591630799006666,-0.05053575367164485,0.3972922007078877,-0.409064204,0.07023576140807249,-0.16933594697480875,0.06255894262,-0.0692310537639907,-0.18693211341163302,-0.0605049506466666,0.07735265406095575,-0.5061924622970189,0.1087178699533333,-0.023798805813598563,-0.4546313911921782,-0.0570738989366666,0.06690010435375017,-0.7645037930008618,0.2917566212,-0.057858490750419614,-0.759767215325833,0.1648143495,0.04637446734840553,-0.790959781665579,0.3183010288,-0.05991429394336279,-0.7858145403372329,0.1480164307666666,0.08206327333650551,-0.8310136070975849,0.2845844886,-0.051555133206998206,-0.8190990478062381,0.0697045747133333,onweer_g_ch1_g19_compr.mp4,ch1g19,0.00010542555062513123,8.294576282046321e-05,0.00012014824125479306,5.7932334254541065e-05,4.6683940545839644e-05,7.997929329861384e-05,0.00012062135579335352,3.1210259496524096e-05,4.876433247171632e-05,3.07473742483525e-05,0.00018383864175936418,6.417361745392097e-05,0.00011843109000525004,0.00012064494889056648,9.79275079648891e-05,6.920496549386671e-05,4.9699480046986496e-05,0.00019585079739620196,5.650455464331711e-05,0.0001179753744642224,7.984579617819896e-05,0.00011051296788601742,0.00011826804255673022,9.877925789227017e-05,4.611219599436685e-05,1.6172822891579958e-06,9.658204471225213e-05,0.00017782359251408028,4.940999683846912e-05,0.00019801111234278245,1.322045455655383e-06,9.923319062750593e-05,9.02607624510593e-05,0.00022681971209062826,7.293215556160747e-05,-0.00011938615576559873,-7.488711837868091e-05,-7.66178326028981e-05,-7.118725462844914e-05,3.938827638096593e-05,5.003885692257675e-05,4.890574622460181e-05,1.7001248733889282e-05,0.0004399745004468841,-9.212351820147595e-05,3.584654280354784e-05,-5.6785331064486344e-05,0.0005763088829792125,-0.001500579901425692,0.0005825099338057256,-0.0026587310680911396,0.00021338169404105342,-0.0029346604245713177,0.00011962055901122199,-0.00293374379722307,8.573577946571748e-05,-0.002743990783493633,0.00015237251346712232,5.230870847440362e-06,-8.803122220045572e-06,0.0004655023219194513,0.0005086618672169861,0.0007108082821650484,0.0006762734912047745,0.0007253194017297307,0.0007412352204426278,0.0007813694094492206,0.0009023729012682275,3.049397549237388e-06,-5.525290549840339e-06,-2.1700848047685565e-07,-4.386008616898522e-06,7.530558861779076e-07,-5.873926143866946e-06,-2.072190285957734e-07,8.150489087173557e-07,3.6514543745830564e-06,1.4306814929899805e-06,2.273217137892581e-06,4.832313990174463e-06,-1.2494649883426747e-06,-1.9780852523140214e-07,4.8453451126216995e-06,5.689161025169267e-06,1.7133944645659519e-06,2.341503378469581e-06,4.188098154117692e-06,-1.3348238710585596e-06,-6.786128628478446e-06,-1.2129658682576737e-06,-1.267650006562496e-06,2.7311719654729244e-07,6.099368001230629e-07,-4.926979237979154e-07,-9.68736339083613e-07,2.2691844468124235e-06,1.6369676517012889e-06,2.792511576899143e-06,-4.882951907063785e-07,-1.2062365582512486e-07,-6.371503139127191e-06,-1.4718604855525077e-06,6.437527767498821e-07,-1.4330963834430607e-06,6.191278878818559e-07,-2.2892626884472053e-07,6.009533223999441e-07,-1.4278739431321883e-06,1.4627075220498602e-07,-6.308842248665243e-07,-7.080506459743407e-08,-1.3429961311334284e-06,-1.038494614781387e-06,-1.4784242058070428e-06,-1.4387982104119362e-06,-1.8949921498535647e-06,-7.070149805627731e-07,7.667253386448764e-08,-1.4135749329271155e-06,-8.307490641590026e-07,-1.4847942863839242e-06,5.718331327372673e-07,-1.1696316087333752e-06,-1.4735566961579183e-06,-1.0768766522463295e-06,-2.347923721721548e-07,1.1714598544026242e-07,-1.16184410139286e-06,-1.466913382651851e-06,-4.954948170911579e-07,-1.233968744029063e-06,1.5784850687310955e-07,-1.6823503369082284e-06,6.795418662522215e-07,2.5574532447995918e-06
3649.999999999989,-0.0034011366745245572,0.3473229298582757,-0.2886913776666666,0.002279131047198612,0.36161341320144513,-0.2819943139333333,0.001217186668669037,0.36340130545466476,-0.2713382571333333,-0.00045874059220075823,0.36280510364445995,-0.2738977451666666,-0.01849112360690035,0.3687137145925921,-0.3046603670333334,-0.016411086862135077,0.3683633807036908,-0.3191591466333333,-0.013249844730339315,0.3581167675180181,-0.2978275031,0.02169907861343214,0.35452432295895175,-0.1808964392333333,-0.08511667703063854,0.3003781843149532,-0.2261514962,0.0166495703615205,0.33679235816100084,-0.2403069043666666,-0.01252268423446459,0.3054604539086921,-0.2814895023666666,0.10547300017700414,0.23671914498753568,-0.024393488858,-0.12819936974155471,0.27425945175226984,-0.1155371216333333,0.2481284760632379,0.22659314027539731,-0.01049618960328,-0.14816370915901092,0.2261444926386965,-0.3098659881333334,0.32581430643705495,0.38206782494307717,-0.0563071620156666,-0.06540492909655957,0.37967493127104457,-0.4392744838666667,0.3230285294835973,0.4290351376487579,-0.05692604865,-0.025564642049989834,0.42361275192583264,-0.4983487508666666,0.3053299346418575,0.449073187966102,-0.0603860742828333,0.003735887511854654,0.459743994292896,-0.4761261526999999,0.3270741420520953,0.38437028300498866,-0.0599756338873333,-0.051968835625830725,0.39743012307051173,-0.398374081,0.07022980082289963,-0.169329012558051,0.06270366245,-0.0692192648444608,-0.18694291750721337,-0.0606537036,0.07759556862462538,-0.5057314858669291,0.1093032203199999,-0.023861220958269227,-0.45410786052924595,-0.0568768400233333,0.06721446949659624,-0.7637785556472314,0.2926459465333333,-0.05721264517624826,-0.7590688530118707,0.1653343498666666,0.046681474615768145,-0.7902206297207429,0.3192377287,-0.05915598414711974,-0.7850472457835264,0.1485178240333333,0.08234771330430536,-0.8302457980271203,0.2857301047666666,-0.05097791136832314,-0.8181957237684763,0.0704621190133333,onweer_g_ch1_g19_compr.mp4,ch1g19,0.00010761447301599115,7.629690918308392e-05,0.0001196303471097462,5.366402036920817e-05,4.6496396817176886e-05,7.288000367740406e-05,0.00012011148779330331,3.222116572825691e-05,5.077702822241013e-05,3.2039167494648294e-05,0.00018743990186374817,6.75485672263743e-05,0.00011683783408556982,0.00012014415763276584,9.861278995935196e-05,7.37478516927005e-05,5.069323965465894e-05,0.0002001966968989876,5.9550147176601775e-05,0.00011631070278206546,7.186823994253779e-05,0.00010930948387612379,0.00011665939330326038,9.903417182363763e-05,4.581786694292323e-05,1.1178854618261172e-06,9.54825988957318e-05,0.00018060023337300126,5.121762692394813e-05,0.00020362497154405643,8.453889428646224e-07,9.821165596435827e-05,8.285805882546545e-05,0.00022592470442833013,7.513652214438961e-05,-0.00015724973894918254,-0.00011062724577767898,-0.00011515220347057197,-0.00010749790089571746,4.2487813600237415e-06,1.4680967735429125e-05,1.3287365878928508e-05,-1.3234974739913368e-05,0.0004242719022456501,-0.00013031392912821193,2.5084472831424397e-06,-8.837186783656757e-05,0.0005748673561438842,-0.0015248917170115088,0.0005813007639271484,-0.002661324636358811,0.00020401292351109127,-0.002931870494686552,0.0001041092519861526,-0.0029399356106933417,7.77689311283833e-05,-0.0027513243308531447,0.0001449898102654063,5.941512932374699e-06,-9.304248882235858e-06,0.0004684889409798001,0.000526230914571165,0.0006723621483363618,0.0006929020797392962,0.000683779432131078,0.0007629513465016067,0.0007658944151546983,0.0009175934579976728,1.7919337964119622e-06,-5.279848346441451e-06,-1.1329394330781623e-06,-4.077889575456833e-06,3.375193752705452e-07,-5.634870152202631e-06,-1.1267581177554756e-06,9.629578530154603e-07,2.9166134192665353e-06,1.2272208424047048e-06,9.855113757976422e-07,3.4781519268943926e-06,-2.1210061869007165e-06,-1.1105457356817772e-06,2.753506289724457e-06,4.7796278616229446e-06,1.6424420862040262e-06,1.0433674963898197e-06,3.0509104562058664e-06,-2.202695793556287e-06,-6.511942289646316e-06,-1.8006510778048923e-06,-2.1357028634461437e-06,-3.8155221992804824e-07,2.0272542316554042e-07,-3.5147615786050925e-07,-1.62118128849428e-06,8.91980415857591e-07,1.2003938217405913e-06,1.654652316041374e-06,-2.9782432305686827e-07,-1.4571355489104414e-06,-6.028972537873455e-06,-1.1746848428166023e-06,6.429840563536745e-07,-9.318764276065181e-07,5.370336550925733e-07,-4.544881987583662e-07,6.678577263244207e-07,-9.406278530609746e-07,1.3240482066296142e-07,-6.468333599587072e-07,-2.3051374786440983e-07,-9.052246919186842e-07,-1.563249285855162e-06,-9.133212264650556e-07,-9.365071844528416e-07,-1.790873443964315e-06,-1.275823178994053e-06,-1.7697872222272084e-07,-9.257642123704121e-07,-1.316355677950387e-06,-9.090005823270949e-07,7.711901371666617e-07,-6.308270898415566e-07,-9.065049135142761e-07,-6.647956578108317e-07,-4.392985252052998e-07,1.3489548773487563e-07,-6.76186787095378e-07,-1.018949584420228e-06,-4.570452820747775e-07,-7.969453639012065e-07,1.7713213073679957e-07,-1.2599703514098684e-06,7.01016633781105e-07,2.224257087504472e-06
3666.666666666656,-0.001554245362056473,0.347096040830875,-0.2899992068666667,0.004307466562921107,0.3614442060761092,-0.2832839299666667,0.003244310600329571,0.3632244113917943,-0.2726259231,0.001561377607820844,0.3626379584736162,-0.2751735607333333,-0.016524819197681884,0.3686561448551808,-0.3059966316333333,-0.014441417913498402,0.3683163595888539,-0.3205303604333333,-0.011288971788693437,0.3580680810267722,-0.2991785934,0.023534181088407092,0.35448124692994165,-0.181867911,-0.0835120736118624,0.3007652740233451,-0.2273898129666667,0.018341360799723365,0.33660048640096507,-0.2414843518999999,-0.010894869767050105,0.30539989482891605,-0.2827419986,0.10637167892879985,0.23660842561184467,-0.02506676416,-0.12747771708334654,0.27482475019960195,-0.1163009057333333,0.24874939931746728,0.22511399392170192,-0.0113032617462666,-0.14877024972612152,0.22673066271557896,-0.3111069508666667,0.3274412007083981,0.3794982950382385,-0.0568650408756666,-0.06656080275890189,0.3798962387920691,-0.4407258539666667,0.3249313093842708,0.42622090594626333,-0.05727957837,-0.026830385367599085,0.42374064258371846,-0.4998334051999999,0.30735421953293224,0.44628098409806616,-0.0608174147194999,0.002690948289206575,0.45985598721190046,-0.4775861366666666,0.32879870152286444,0.38172617295278344,-0.0605224215673333,-0.05305220109693289,0.3976003809819891,-0.403056175,0.07022571926436103,-0.1693226577129785,0.0628755052499999,-0.06920816296487477,-0.18695233566472383,-0.0608340124933333,0.07789766039897099,-0.5052712317897835,0.10981536452,-0.023768555378208597,-0.4536063781671057,-0.0570057094466666,0.06767842539032874,-0.7631880614571768,0.2931966755666667,-0.05642859441244939,-0.7583947453608962,0.1651000157,0.04715797749229619,-0.7896259834662033,0.3197997975333334,-0.058245052198739065,-0.7843004014129767,0.1482292466666666,0.0828357771179878,-0.8295762564265313,0.2865953198333333,-0.04998887460696726,-0.8173250300405015,0.0703943191,onweer_g_ch1_g19_compr.mp4,ch1g19,0.00010909018780039997,7.068542844531149e-05,0.00011799238164723885,5.035084442316074e-05,4.6554235295244384e-05,6.679394423900236e-05,0.00011848697449724524,3.356694829079966e-05,5.347140944647471e-05,3.310401865377972e-05,0.0001902955624268937,6.967260729331948e-05,0.00011415133374727724,0.00011854797822135125,9.87399588341742e-05,7.768244416610333e-05,5.242432957832159e-05,0.00020316963243966979,6.143460823849108e-05,0.00011356207295456633,6.484279467237306e-05,0.00010716664159587507,0.00011399024334115799,9.84843120388755e-05,4.576952888300061e-05,7.946751228842636e-07,9.352057774452915e-05,0.00018266930354451802,5.245409490653662e-05,0.0002080766667413093,5.821005747371575e-07,9.632898691147616e-05,7.631408567055172e-05,0.00022505397409651817,7.660979613331903e-05,-0.00019064267674312812,-0.00014157734927132285,-0.00014856544806150042,-0.00013891868696916618,-2.728835621282066e-05,-1.6707094548253234e-05,-1.8443260579721764e-05,-3.9711302078618324e-05,0.00041248298298790644,-0.00016320296742244813,-2.654604326740382e-05,-0.00012115977024374956,0.0005692233543848568,-0.0015397634957595543,0.0005578310217032758,-0.002653123737396302,0.00018188775847258873,-0.00291226426615337,8.153584720419774e-05,-0.002934598005762398,6.516142896190764e-05,-0.0027500389665465527,0.0001262526850400665,6.915768770459191e-06,-1.0355291521457302e-05,0.00047893731081794937,0.0005376187982852378,0.000644051924362327,0.0007010936155865008,0.0006538889939181434,0.0007748340169078068,0.0007620406057735599,0.0009199672532797311,8.214253761930539e-07,-4.623740881672078e-06,-1.7876978517331405e-06,-3.7797292736884127e-06,-2.954707029018585e-07,-4.8394460588915706e-06,-1.8040759021125616e-06,1.0596908137352657e-06,2.2297836896952784e-06,8.644888698967368e-07,2.9669252535722803e-08,1.6627001989082186e-06,-2.689535444891699e-06,-1.7674166611166055e-06,9.001368716954689e-07,3.206650901142021e-06,1.3656079396986959e-06,5.283983994693105e-08,1.502628250523067e-06,-2.7476199997802147e-06,-5.505886413692748e-06,-2.178708631825183e-06,-2.6968744422508003e-06,-8.221060133852487e-07,-4.0054416707883684e-07,-1.94750864250266e-07,-2.003133158181656e-06,-1.4301396939942565e-07,8.107556086373444e-07,7.4181595885977e-07,-8.802502166003427e-08,-2.3311982008101663e-06,-5.2163668536995405e-06,-8.482034168351415e-07,4.910232003069317e-07,-4.442629009890324e-07,3.42043681650626e-07,-6.845075348792792e-07,5.980164969645223e-07,-4.6551776789654277e-07,6.581543302424504e-08,-6.83599360886271e-07,-3.850776373576084e-07,-3.787562275530308e-07,-1.9010513057642469e-06,-3.7602242438731096e-07,-4.47908861196011e-07,-1.4852695287135467e-06,-1.682931337740107e-06,-4.750129866148041e-07,-3.1135367453564477e-07,-1.6358718926635177e-06,-3.6322446095047084e-07,8.39692349202007e-07,-1.4665448013460675e-07,-3.6712681249584897e-07,-2.9355080861017543e-07,-6.552473689514729e-07,1.3325628772837694e-07,-2.46081066058113e-07,-4.668015552619153e-07,-3.9682262676100735e-07,-2.462968440706624e-07,1.7038096017253128e-07,-8.429736793299366e-07,5.573677162478787e-07,1.6679409247082705e-06
3683.333333333322,0.0002304266851290639,0.3468414112322819,-0.2912903438,0.0062766305076428315,0.3612485008517988,-0.2845496703666667,0.0052134048537564115,0.3630191711429229,-0.273889779,0.003523390469919561,0.3624434356659844,-0.2764259934,-0.014628934015939862,0.36857538516145966,-0.3073106965,-0.01254122276493669,0.3682445633487441,-0.3218787069,-0.009398602246607143,0.3579935587911252,-0.3005071809333333,0.02534937172596922,0.35441503219620796,-0.1828154763333333,-0.08197041926323048,0.3011481588435314,-0.2286134059333333,0.019984965372343528,0.3363821876881891,-0.2426400710666666,-0.009329521344305827,0.30531803621315246,-0.2839760929,0.10726638987027841,0.2364875246069489,-0.0257124642266666,-0.12675674378734897,0.2753876777537126,-0.1170627047333333,0.24936903622263284,0.22366170711500338,-0.0121359306317333,-0.14918829324861277,0.22730869308017987,-0.3123429515333333,0.3290350096656344,0.37696683319929764,-0.0577512439756666,-0.06753245216960878,0.3801129075157556,-0.4423065284,0.3267977268992681,0.4234520844066363,-0.0580465769,-0.027916997117586044,0.4238626995648483,-0.5014616371999999,0.3093366917051437,0.4435147028420109,-0.0616604903828333,0.0017902928443480845,0.45996486736168696,-0.4792104511333333,0.3304874472257429,0.37911955910968376,-0.0614157625706666,-0.0539734254299673,0.39776490237462486,-0.415158629,0.07022692019792609,-0.1693158122390177,0.0630489576233333,-0.0692018222261367,-0.18696136764224863,-0.0610167576533333,0.07820000676764217,-0.5047662567449679,0.1102849962199999,-0.023651440967969395,-0.4530613299560016,-0.0571255670633333,0.0681055156466855,-0.7625690259649329,0.2935578439666667,-0.05566329368549948,-0.7576856152973891,0.1648299604666666,0.047599147685535866,-0.7890015283116879,0.3201499976666667,-0.05735749480956396,-0.7835162499182302,0.1478935125666666,0.08331790610091953,-0.8288272158983684,0.2872938488666666,-0.048973968137387504,-0.816417649352529,0.0703119776666666,onweer_g_ch1_g19_compr.mp4,ch1g19,0.0001094221184617927,6.589360850911795e-05,0.00011574172511274405,4.700524216979731e-05,4.6075294709859166e-05,6.178175646822734e-05,0.00011620697996642796,3.488085231221745e-05,5.541021835114351e-05,3.366873898653973e-05,0.00018896439441112625,7.028977389366487e-05,0.00011103531466827676,0.0001163246944585627,9.791933268100702e-05,7.935201509531708e-05,5.381200418723223e-05,0.00020169425330356355,6.195499505503157e-05,0.00011038343138471707,5.918370543110916e-05,0.00010468579540014963,0.00011086350421797987,9.733346695115168e-05,4.519052969998548e-05,6.934491289609309e-07,9.112691273180422e-05,0.00018094394712355412,5.2726602343214345e-05,0.00020764570275136327,5.756848267660356e-07,9.369867417514939e-05,7.067654709797466e-05,0.00022108905026513518,7.668510537799538e-05,-0.00022112261536529607,-0.00016935308447429777,-0.00017839446218135985,-0.00016685248958850946,-5.687540330850787e-05,-4.6062685063582014e-05,-4.8078580318672995e-05,-6.349101617345963e-05,0.0003969586300917251,-0.00019272719748777373,-5.395737590137572e-05,-0.00015392875554049075,0.000558561781812267,-0.0015343672603093804,0.0005384395525703128,-0.00261750925075326,0.00017875239572749554,-0.0028669624555992743,7.805341695136922e-05,-0.002898975720704049,7.463766175110537e-05,-0.0027182879500791367,0.0001282022809481949,7.521587965031814e-06,-1.0966169791433722e-05,0.0004899219118474987,0.0005423536727461845,0.0006104864673820368,0.0006967065489058537,0.0006183588372802663,0.0007718624944999678,0.0007583527503630704,0.0009031707383215319,1.585906260814908e-07,-3.7601392099630837e-06,-2.268967676985375e-06,-3.508067340730263e-06,-1.0653466570088093e-06,-3.773259610974762e-06,-2.3215498201141267e-06,1.053781659084655e-06,1.689361201918817e-06,3.099512982939577e-07,1.4054821081131464e-07,-3.754462040822155e-07,-3.0725187860346127e-06,-2.254699048361832e-06,-2.8967281630031264e-07,1.358353099367885e-06,8.274286866298289e-07,2.501505113907674e-07,-2.521118869005589e-07,-3.098969382496583e-06,-4.124438917882423e-06,-2.4219202837355838e-06,-3.0767629965492906e-06,-1.0697118299298613e-06,-1.1486620944647488e-06,-3.687748833450789e-08,-2.157050447690027e-06,-1.7994230105220242e-07,4.905492192505932e-07,1.0521819711295427e-06,1.1182249765861973e-07,-2.8117723852604063e-06,-4.216473346967663e-06,-5.325455166050922e-07,2.451517779614404e-07,-4.026213031449001e-08,1.1834550037502568e-07,-8.400728346633956e-07,4.262045978886076e-07,-6.760906227024693e-08,-3.8614063950732525e-08,-7.144036857775421e-07,-5.088869074485332e-07,1.5132732551662753e-07,-2.022594914670869e-06,5.7947201835891536e-08,-4.1736517412471574e-08,-1.1031805449524547e-06,-1.861972938275259e-06,-7.433202944075908e-07,3.0490005846927153e-07,-1.7607320640818748e-06,7.639653106240057e-08,7.904641087102897e-07,2.140626279987326e-07,7.028578542207327e-08,-9.83865702759266e-09,-8.072023316231214e-07,1.1205974255413723e-07,7.294609065063001e-08,9.370459104142574e-08,-3.1291808732413475e-07,3.164435025322081e-07,1.3755437100319105e-07,-4.723986111200526e-07,3.0912435819594957e-07,1.1401284650601907e-06
3699.9999999999886,0.001993587015332902,0.34659434122832566,-0.2925067166666666,0.008223742487069977,0.3610550492680574,-0.2857163895666666,0.007161212125404608,0.3628147086147157,-0.2750594297666667,0.005463853386441368,0.36225303765344946,-0.2775856097,-0.01275584417044603,0.3684922453417999,-0.3085169365666666,-0.010664252616992657,0.36817209243424315,-0.3231183523666666,-0.00753150232517522,0.3579189666955363,-0.3017262151333333,0.027161029268709003,0.35433494208887906,-0.1836237351666666,-0.08044052316607128,0.3015269120655659,-0.2296328599333333,0.021613950207368834,0.3361654973262146,-0.2437164743333333,-0.007782188428569845,0.30523963792267694,-0.2851149310333334,0.10816574821295867,0.23632648143335067,-0.0263780041333333,-0.12604227755620662,0.2759331310895951,-0.1176780238666666,0.24995637165138818,0.22216738797653873,-0.0132929233570666,-0.14962384031678758,0.22783849270104564,-0.3135090031666666,0.3305948697209696,0.3743891048129298,-0.0591599422623333,-0.06849535908020933,0.38032822634755864,-0.4438720325,0.3286244298947415,0.42062972333936394,-0.0593976237166666,-0.028982709397520828,0.42398848267634015,-0.5030643495,0.31129631653203776,0.44065921641407724,-0.0630620568628333,0.0009040590246648752,0.4600935345968663,-0.4808043717333333,0.3321421561586917,0.37644771703298113,-0.0628287291573333,-0.05488424493071042,0.3979350035585809,-0.443826646,0.07023558145011946,-0.1693077913057881,0.0632049544033333,-0.06920257507277404,-0.1869720835419389,-0.0611810141466666,0.07850051910702811,-0.504254303938216,0.1108106935533333,-0.023455586619551917,-0.45251414264147577,-0.05726733211,0.06852643713867212,-0.7619677623388618,0.2940060609666666,-0.054879200113906346,-0.7569822950427774,0.1644765376999999,0.048033387749657416,-0.7883977124538226,0.3206000475,-0.05645600837126214,-0.7827379048308517,0.1474820584666666,0.0837901426702333,-0.8280602927685925,0.2880752965666667,-0.04787033218953964,-0.8155156866117721,0.0701317126066666,onweer_g_ch1_g19_compr.mp4,ch1g19,0.00010998203033538673,6.127131472191748e-05,0.00011455906286224357,4.373624242052925e-05,4.469131528907605e-05,5.69307271527774e-05,0.00011494989508195697,3.6142343438399865e-05,5.6929612971404344e-05,3.3664202599552405e-05,0.0001890126060958394,6.902103539107152e-05,0.00010916059438441132,0.00011515154630945734,9.787641386593189e-05,7.965028733205757e-05,5.435383681028765e-05,0.00020189429171873284,6.081621892812773e-05,0.00010847464870744965,5.363702958915367e-05,0.00010336026476123889,0.00010897668624708579,9.711052666921502e-05,4.379901891874187e-05,8.081895706403927e-07,8.991111363321713e-05,0.00018086430452724967,5.28090703669002e-05,0.00020825347626242234,8.404111977428425e-07,9.16756258582705e-05,6.505746784779372e-05,0.0002189947989158657,7.494642448414914e-05,-0.00024905527679646133,-0.00019502785992020727,-0.0002058841906834084,-0.00019268416097219327,-8.522772940767082e-05,-7.439943083459528e-05,-7.676949942797194e-05,-8.435880142968308e-05,0.00037749542408232453,-0.00021907330560596162,-7.98899292465272e-05,-0.00018154193433637649,0.0005434447381889312,-0.001530837261791425,0.0005071492866515377,-0.002598633679692323,0.00017606302089112256,-0.002840718138385289,8.029072004838426e-05,-0.00287996152917895,8.249325449716699e-05,-0.002701624539853267,0.0001300699407570661,8.0558048135439e-06,-1.1491731563045648e-05,0.0005010535696207541,0.0005407430671645437,0.0005681033817716567,0.000664152851655829,0.0005730884472107006,0.0007366986261313986,0.0007458211717863222,0.0008658460821193088,-2.8313362897258044e-07,-3.133077688101694e-06,-2.5316024440950625e-06,-3.262851090896355e-06,-1.9055513689028812e-06,-2.9032067512027077e-06,-2.6213194172683373e-06,9.680323251036134e-07,1.1248900562601684e-06,-2.745228282910451e-07,1.1211904562438403e-06,-2.49436442767435e-06,-3.241098910360425e-06,-2.524977259882499e-06,-7.115799090644563e-07,-7.227702125789729e-07,7.496538783446122e-09,1.4343627070099534e-06,-2.1091719445869285e-06,-3.242333857935405e-06,-2.7651838878586592e-06,-2.4854782193290457e-06,-3.2336596770046555e-06,-1.1930893129559538e-06,-1.968682668736659e-06,8.293796313542156e-08,-2.2010080787769076e-06,6.931308276767401e-07,2.551783043596328e-07,2.2661546893202105e-06,2.5073516155934393e-07,-3.1089268629588127e-06,-3.4880191999802456e-06,-3.0349129361549263e-07,-2.178792721372502e-08,2.1637787674781813e-07,-7.970281079940621e-08,-8.598155150268605e-07,2.1282563840192633e-07,1.9121037776195608e-07,-1.6960844919382253e-07,-7.479175384798621e-07,-5.884475865059581e-07,3.860284678127666e-07,-1.915703351069924e-06,3.2859166944534904e-07,2.1835843155131035e-07,-8.274723936646828e-07,-1.8518333222351967e-06,-9.209057845838934e-07,5.899381713592365e-07,-1.6798147763110716e-06,3.485882502872256e-07,6.679649890593609e-07,4.113268688132716e-07,3.43417927813507e-07,1.416497113156829e-07,-8.367827262768471e-07,7.583634478656707e-08,2.400387664553923e-07,3.6078269735417e-07,-2.3587571268668712e-07,5.718971257429038e-07,8.389903235953912e-08,-1.9752986417813016e-07,4.1951058042355e-08,9.064777817513824e-07
3716.666666666655,0.003708699804068525,0.3463505883996616,-0.2936433474333333,0.01013463210655659,0.360865847278311,-0.2868028869,0.009073992325285074,0.36261481385194977,-0.2761540929333334,0.007367175564910559,0.36206714437805304,-0.2786659588,-0.010930516644055734,0.368412937271359,-0.3096269727333333,-0.008835416406455892,0.368104136461463,-0.3242568110333332,-0.005715480443199808,0.3578488837962309,-0.3028494626666667,0.02897863475294402,0.35425093539423463,-0.1843028903333333,-0.07897858303597541,0.3019188898546652,-0.2304044942,0.023209116584154508,0.33595114961620814,-0.2447257279999999,-0.006289065853136139,0.3051652502903307,-0.2861526270333333,0.10910230080057609,0.23613104881716934,-0.0269222260799999,-0.1253659843809651,0.2764817163175684,-0.1180371919999999,0.2505269532139608,0.22060700062727928,-0.0144750104950666,-0.1500960415302247,0.22833771333327013,-0.3143053341333333,0.3321397963561649,0.3717561426238167,-0.0608174975223333,-0.06945025110315217,0.3805390302376408,-0.4449486861,0.3304251736332078,0.4177508034457727,-0.06105620552,-0.030012816486940656,0.42410862456892784,-0.5041403703666667,0.31322260484630987,0.43771431692091084,-0.0647572757828333,3.929307993343825e-05,0.46022425043768656,-0.4819101114,0.3337713845924764,0.37370187915702807,-0.0644899709606666,-0.05578153789736195,0.39810489519129505,-0.44934994,0.07025349217293157,-0.16929908857782716,0.0633412858733333,-0.06921193166864022,-0.1869849022478946,-0.0613226191366666,0.07882307887538588,-0.503746658236999,0.1110690146199999,-0.023299228558375375,-0.451967430683266,-0.0573332628733333,0.06896541172311632,-0.7614271200205102,0.2941691045,-0.054120975078582295,-0.7563296274194498,0.1643719161666666,0.04849150466139445,-0.7878560563945362,0.3207672395,-0.055582834615344905,-0.7820153287579842,0.1473445470666667,0.0842625853349513,-0.8273220779016942,0.2885257874666667,-0.046860976821253925,-0.8146462502484172,0.0702469697566666,onweer_g_ch1_g19_compr.mp4,ch1g19,0.00010995206947301254,5.820427101388363e-05,0.00011288558395857383,4.0301509531445735e-05,4.3895139849578226e-05,5.367303010478067e-05,0.00011315260294173359,3.649929267935142e-05,5.84167531188272e-05,3.280330178676507e-05,0.00019128704387144651,6.61174298094829e-05,0.00010689540982152602,0.00011347626113113792,9.856105377416202e-05,7.886464103633419e-05,5.4948126851344414e-05,0.0002048988898437914,5.8335028753303906e-05,0.00010624989584972916,4.993877413915887e-05,0.00010182220727811802,0.00010672047455354871,9.662850224885933e-05,4.281736023142125e-05,9.777573446510357e-07,8.860045395355335e-05,0.00018306852448121767,5.336070541263111e-05,0.00021150734091044033,1.2069152802199427e-06,8.912637871807386e-05,6.106074637696893e-05,0.00021963677927791208,7.236229623800012e-05,-0.0002694042972526796,-0.0002124497817328668,-0.0002246928510839376,-0.00021009890049866905,-0.00010668735181896226,-9.628727344846534e-05,-9.953484629980362e-05,-9.456447376480785e-05,0.00036191188595522034,-0.00023582185210409566,-9.952733830679951e-05,-0.0001977913420993481,0.000533920263573883,-0.0015332737830473302,0.0004918426926770664,-0.0025975601708828557,0.00020270278091228834,-0.002835403527243263,0.00011168864741540333,-0.002877023639010444,0.00011749877820516587,-0.0026997385185507008,0.00016174112112209754,7.579537046721323e-06,-1.0949468026280051e-05,0.000494730988325604,0.0005231731138223179,0.0004820549517691248,0.0005925067688982586,0.00048202406442791494,0.0006582793460127814,0.0006913002565425619,0.0007935122047196563,-6.078999950764851e-07,-3.1066112773098702e-06,-2.499162291138846e-06,-3.331665842000922e-06,-2.7472401203614273e-06,-2.619636821372259e-06,-2.621989421555664e-06,7.426970675761158e-07,4.208770947077546e-07,-8.679142687070632e-07,2.282306795462841e-06,-4.3258981023965195e-06,-3.1074390837638824e-06,-2.499342600892584e-06,-9.176544675457127e-07,-2.5364457693104353e-06,-9.968434801626474e-07,2.9112582381037614e-06,-3.725151027750082e-06,-3.086608019928444e-06,-1.995649537615511e-06,-2.2624124356833214e-06,-3.082002844164862e-06,-1.1583942771448317e-06,-2.787548822675827e-06,1.406366801256722e-07,-2.0649498445454103e-06,1.8093395337825017e-06,4.029216835529086e-08,3.7082088788469865e-06,3.045014679406382e-07,-3.255751086575723e-06,-3.4466442615156285e-06,-1.6007592547025163e-07,-2.9192774757567464e-07,3.675314732535838e-07,-2.1093791030727594e-07,-7.351733617663155e-07,-4.229850600821134e-08,3.520919037543517e-07,-2.8376366992495523e-07,-7.929030626560934e-07,-6.039043326311037e-07,2.2915076770545593e-07,-1.5972609070346285e-06,4.856587114996308e-07,3.7336091692759906e-07,-7.4970377292474e-07,-1.6744049692795987e-06,-9.821799890296005e-07,4.3081291647488465e-07,-1.4100044402751314e-06,5.021352397641008e-07,4.4428389443096147e-07,4.931590433816389e-07,5.012236791630319e-07,2.0342133431435733e-07,-7.282633229159121e-07,3.623801060298981e-08,3.0883568260142607e-07,2.3532889133069503e-07,-1.8784961206591976e-07,3.9509342810963367e-07,2.355405037185358e-08,2.289374280205611e-08,-2.2119971900353706e-07,8.643795728971916e-07
3733.3333333333217,0.005347812296290903,0.34611109328292367,-0.2944115634333333,0.011978804015018794,0.3606814004810272,-0.2874905168666666,0.010925224435560337,0.3624194954013201,-0.2768587182,0.00920964621799533,0.36188634190296687,-0.2793532291666666,-0.009189207074509825,0.36833546070907125,-0.3103218049333333,-0.007092430344080688,0.368037526464522,-0.3249661490333333,-0.00398157576739376,0.3577796926116359,-0.3035583228333334,0.030796605665274618,0.3541723531068496,-0.1845282664333333,-0.0775857344285785,0.3023153842719569,-0.2306311572333333,0.02477342933211468,0.3357428076602292,-0.2453553944666666,-0.004858592899093525,0.30509282376719227,-0.2867600669,0.11004055203668602,0.23593214309853375,-0.0270274706199999,-0.12468794487867815,0.27703276176458913,-0.1179557795,0.25109387850611337,0.21905371623903394,-0.0151286034283999,-0.15058690755366835,0.22882955076435307,-0.3144635586333333,0.33371882110312134,0.3691256847306864,-0.0619806948456666,-0.07039106350649744,0.38074460017741707,-0.4452090034000001,0.33230808266800954,0.41487751107922316,-0.0622194100233333,-0.03101717195773615,0.4242246656200322,-0.5043487690666667,0.31525303432518387,0.4347735813832834,-0.0659705017561666,-0.0008123871553158094,0.4603511495074426,-0.4821624834333333,0.33544745008702015,0.37094905760219593,-0.0656609069406666,-0.05666804747887606,0.39827223290574326,-0.458002657,0.07027355665717627,-0.1692916510208485,0.06347579369,-0.06922280556870905,-0.18699660025574347,-0.0614624383466666,0.07917133745808488,-0.5032470866185926,0.1109346910533333,-0.02315704467354287,-0.4514647147957824,-0.0576602204266666,0.06943500172112979,-0.7609981946115066,0.2939182057,-0.053413200569501405,-0.7557941900383758,0.1640871872666666,0.048986609345351914,-0.7874283917516794,0.3205102809,-0.05476947117154091,-0.7814181387897611,0.1470466308666667,0.08482386800471224,-0.8266558143159554,0.2885408724333334,-0.04586755134628861,-0.8139230829672102,0.07027977547,onweer_g_ch1_g19_compr.mp4,ch1g19,0.00010849541351816751,5.7521345841547824e-05,0.00010961915117908957,3.788819239414992e-05,4.098284874031259e-05,5.383015319207817e-05,0.00010975974399611239,3.6844399333410985e-05,5.893201530466773e-05,3.17738225691175e-05,0.00019355040253832284,6.123174342166675e-05,0.00010338230637160358,0.00011022749907820464,9.892317818275725e-05,7.575402910558369e-05,5.417072699877986e-05,0.00020762466896307667,5.41365129266179e-05,0.00010278849159895755,5.060616573968775e-05,9.891915397384873e-05,0.00010321845687323076,9.459907938440226e-05,3.978761445258121e-05,1.1648492710614628e-06,8.613907345463248e-05,0.00018509707309966907,5.31798228358754e-05,0.000214822463692126,1.610855792564269e-06,8.565569224765203e-05,6.06852393828153e-05,0.0002208867175774968,6.71849409888936e-05,-0.00027586015708485956,-0.0002164806317486493,-0.00022936837103304332,-0.0002138205588182882,-0.00011783499505698422,-0.00010688563627681047,-0.00011055246373139594,-9.041666191232714e-05,0.0003540649550177805,-0.00023784369785912696,-0.00010619244235799064,-0.00020025978158677238,0.0005307112311783274,-0.0015431308391315557,0.00046030217006483634,-0.002609973053903363,0.0002342890567430049,-0.002844601179333424,0.00014867185472802042,-0.0028909997646132863,0.00017523146680409465,-0.002714597060776227,0.00020542717462001595,7.5175948244355466e-06,-1.1048912379112535e-05,0.0004937989773368979,0.0005015017571516964,0.00043137130284132645,0.0005291701153940024,0.00042770597744966576,0.00058857343960358,0.0006677048759210866,0.0007262622143627656,-8.015948459053077e-07,-3.3738134621886805e-06,-1.9548499864118335e-06,-3.4895859189340812e-06,-3.3286635388062975e-06,-2.6783475499539847e-06,-2.0852027330250176e-06,3.7439476929154476e-07,-3.8565681160702415e-07,-1.3814141923461265e-06,2.7013119881571095e-06,-5.588752669718846e-06,-2.459620513566571e-06,-1.955054985786763e-06,-1.3193945231067911e-06,-3.8889209623989175e-06,-1.9531397090368895e-06,3.576152501442837e-06,-4.842773204787176e-06,-2.4331170283965215e-06,-1.6364872480560133e-06,-1.6211182864714544e-06,-2.4104156927776266e-06,-9.834336609231906e-07,-3.3625547182224165e-06,1.3676870836564152e-07,-1.7215357921928222e-06,2.303719051726069e-06,-1.6470594175455796e-07,4.274973195543324e-06,2.7485168990869116e-07,-3.2024487814783854e-06,-3.7404094968651886e-06,-8.915320465270007e-08,-5.217340188885586e-07,4.486907879090513e-07,-2.99174780766284e-07,-3.8400296752113767e-07,-3.313951274859477e-07,4.466283766264499e-07,-3.9089912697893884e-07,-8.148946002912379e-07,-5.703416277106135e-07,-2.3836618746119472e-07,-1.0794852392330286e-06,5.681136005500391e-07,4.567828693511507e-07,-8.679368999940023e-07,-1.3071272361942376e-06,-8.628120169061013e-07,-6.612673132359553e-08,-9.60399621285379e-07,5.794315410442407e-07,9.983718263065107e-08,5.07038938016514e-07,5.817537453582938e-07,2.2312484506468605e-07,-4.037034307866569e-07,5.89853055050511e-10,3.356960451806573e-07,-2.0424992364056115e-07,-1.3757944335458928e-07,-1.2057674570815865e-07,-3.235014465526548e-08,2.2273676858784946e-07,-4.549607202173047e-07,1.0755205388975772e-06
3749.999999999988,0.006894253723132295,0.3458568794138711,-0.2952519074666666,0.013715547608498347,0.3604822502811787,-0.2882650514,0.012671816494351442,0.3622079827358193,-0.2776489883666667,0.010947126968209398,0.36168984272213023,-0.2801271259333334,-0.007563820460180247,0.3682294605668382,-0.3110878249666667,-0.005464153363260279,0.36794313845100235,-0.3257514859333333,-0.0023639316012399004,0.35768233152019807,-0.3043384532666667,0.03258626609277873,0.354089707366199,-0.1848747681,-0.0762688096061945,0.3026653576847005,-0.2309293548,0.02628864112957313,0.33552582085084914,-0.2460605824666666,-0.0034913882985694506,0.3050037310172256,-0.2874326775,0.11098275364671183,0.23573789544303056,-0.0272282924533333,-0.1240124265085058,0.2775581552926126,-0.1179031846,0.25165130281756376,0.21750879472042178,-0.0159965355317333,-0.15108469960152973,0.22921740973246676,-0.3146628706,0.33531590307296144,0.36650923001139735,-0.063577051779,-0.07132221040383185,0.38086746303471136,-0.4454584101,0.334235846845018,0.41202709329879483,-0.0638779340866666,-0.03198991553006219,0.4242475453513209,-0.5045541925000001,0.31733572221355977,0.4318595539246361,-0.0676494918461666,-0.0016282112585364378,0.46038697436602805,-0.4824479171666667,0.3371456056153818,0.3682171002164213,-0.0672600282973333,-0.05753806205044692,0.3983575399271566,-0.473818898,0.07030226321357295,-0.16928393274638498,0.0636051849433333,-0.06924129237592624,-0.18700862397356677,-0.06159645728,0.07955253089875705,-0.502767632948439,0.1108352306533333,-0.023014874523449323,-0.4509626829583287,-0.0579326898966666,0.06995544369136994,-0.7605825294998982,0.2938720709666666,-0.052718716840075217,-0.755308640345088,0.1636873719,0.0495446302475586,-0.7870137284613675,0.3204984136,-0.053976967866413025,-0.7808824560985306,0.1466041756666666,0.08547227220497776,-0.8259924760724131,0.2888123209333333,-0.044895290555327025,-0.8132251823462855,0.0701590924533333,onweer_g_ch1_g19_compr.mp4,ch1g19,0.00010711806378858975,5.674768514398258e-05,0.0001060624096703321,3.441214761026044e-05,3.660342734420903e-05,5.468914173655096e-05,0.00010606227103101193,3.695451110587059e-05,5.8400482848257176e-05,3.018766167714825e-05,0.00019497948271710047,5.4627067999521816e-05,9.945003830434355e-05,0.00010668158872237892,9.827444718948862e-05,7.091258563223754e-05,5.122150891604084e-05,0.00020968891810032404,4.844114883674486e-05,9.890799739650586e-05,5.40398454163535e-05,9.548314745236566e-05,9.93306608812268e-05,9.223321194093421e-05,3.541416971049591e-05,1.3570296178834285e-06,8.323422770563753e-05,0.00018638297289286172,5.304014371888914e-05,0.00021751672933840018,1.978836480688365e-06,8.216248684488383e-05,6.084103527836186e-05,0.0002209094276556158,6.0005902350581095e-05,-0.00028271212774857394,-0.00021939921510500654,-0.0002327200163833248,-0.00021644793506200041,-0.00012581430823390972,-0.00011531925987760683,-0.00011943121270787367,-7.89444910381709e-05,0.0003514501350085325,-0.00023810567598813318,-0.00011107750208971707,-0.00018954594586314817,0.0005342322442431046,-0.001535519841132677,0.0004288767077006277,-0.0025950181267734842,0.0002702876179660266,-0.0028152319580015553,0.0001990089211373981,-0.0028639367482096454,0.00024281650462860206,-0.002696192082243484,0.0002549315523774844,7.269985067791053e-06,-1.0968482350246805e-05,0.0004912927327905318,0.0004782235691295977,0.0003724819371956141,0.00045709451697424055,0.0003641101451431538,0.0005087322893001511,0.0006300464882270641,0.0006541530705670848,-8.405111755942572e-07,-4.026748327237644e-06,-1.21597255409172e-06,-3.8120135091594487e-06,-3.6441548001638506e-06,-3.1646640591298507e-06,-1.3418988965628274e-06,-3.0782265414670504e-08,-1.2769733042051289e-06,-1.8985397390835348e-06,1.9826878475605475e-06,-6.305401267480766e-06,-1.5784597701529038e-06,-1.2000100422461833e-06,-2.231026656281871e-06,-4.866128400348582e-06,-2.809632392666178e-06,3.002535020584376e-06,-5.488013811440865e-06,-1.5611705315963943e-06,-1.7049384466452721e-06,-8.591345157059847e-07,-1.5208700443758364e-06,-7.195990510328729e-07,-3.688140295142764e-06,9.265440561922299e-08,-1.3271102029812878e-06,1.7293029714429758e-06,-3.7872325446576996e-07,3.542620804816453e-06,1.8781377874949756e-07,-2.9916332339508547e-06,-4.343296310955311e-06,-1.3520224721262562e-07,-5.468390615869869e-07,4.282447241234604e-07,-2.488618770783631e-07,1.363623385206929e-07,-4.732181224303685e-07,4.405008649847646e-07,-4.6581003529902553e-07,-7.984078975530641e-07,-4.80339054547823e-07,-8.597490152625991e-07,-4.043819580174545e-07,5.702684282556738e-07,4.3743558931509564e-07,-1.113478320389172e-06,-7.881164803014361e-07,-5.322656361893707e-07,-7.423075091998404e-07,-3.6772903480111795e-07,5.766715542907599e-07,-2.0629888432939421e-07,4.435091739127904e-07,5.769122098290257e-07,1.7243374350199843e-07,8.37122293423921e-08,-2.6151633896713915e-08,3.226407098428616e-07,-8.178861783280877e-07,-1.0815337277094484e-07,-8.000164777975127e-07,-7.378346653666974e-08,3.9348009262081095e-07,-4.663037211050206e-07,1.506564623179875e-06
3766.6666666666542,0.008438661133741266,0.345591185646912,-0.2960372959999999,0.015447886958537483,0.360273201264837,-0.2889946788,0.014413831097635603,0.3619863053915827,-0.2783958236333333,0.012679935488929766,0.36148408652728753,-0.2808567414,-0.0059419550270373945,0.36810793002210473,-0.3118212352666666,-0.0038397574280809705,0.36783287993940517,-0.3265043015333333,-0.0007498703782928668,0.3575670605577593,-0.3050871591333334,0.03436815008970433,0.35401893341371893,-0.1852077766,-0.07496993392878104,0.30300271648999616,-0.2312429542,0.027799124301927658,0.335301187579253,-0.2467129319666666,-0.0021291906635666122,0.3049019810692571,-0.2880649675666666,0.11192871074313918,0.23554875222253158,-0.0274283799999999,-0.1233244664656846,0.2780832542597921,-0.1178564227666666,0.25220557176924235,0.21601285957057273,-0.0169601391984,-0.15151822641965385,0.22960492963403692,-0.3148210404666666,0.33710039128330943,0.36397373601896044,-0.0654221557923333,-0.07221319564085375,0.3810804579658237,-0.4454570531,0.33642360957440604,0.4092821248132416,-0.0658061361533333,-0.03293490891316257,0.4243717269150662,-0.5044763855666667,0.3196950011051572,0.42906496138396666,-0.0696117892661666,-0.0024325715028812775,0.460547043845246,-0.4824506351333333,0.33905113283545363,0.36557945929775265,-0.0691232941173333,-0.05837907999250649,0.3985545604563906,-0.47750029,0.07033768534274122,-0.16927630176254801,0.0637319143499999,-0.06926498117052504,-0.18702020021616558,-0.0617295560666666,0.07994092782272556,-0.5022885140857736,0.1107157943866666,-0.022856577374382316,-0.45048398831473035,-0.0582765411466666,0.07048509637196639,-0.7602539279984994,0.2937385595333333,-0.05202143991064797,-0.7548924113231126,0.1630177713333333,0.050112139830658535,-0.7866946100469216,0.3203765737666667,-0.0531854057324897,-0.7804206908284977,0.1458648262333333,0.08612627557955317,-0.8253889924494523,0.289040565,-0.04391400721278766,-0.812600401788505,0.0697533419066666,onweer_g_ch1_g19_compr.mp4,ch1g19,0.00010542969642157713,5.3103031093852424e-05,0.00010392835796054639,2.9808274701948366e-05,3.259184871804332e-05,5.225841880879943e-05,0.00010378569985036441,3.6579866473210384e-05,5.668812692037815e-05,2.8470957525500214e-05,0.00019549222446113194,4.823444944853268e-05,9.701756325332646e-05,0.0001045308190080422,9.470007309237094e-05,6.580957025685762e-05,4.7530635705334714e-05,0.00021107572171306032,4.295733479741934e-05,9.651124913092541e-05,5.396963731417353e-05,9.378171693455255e-05,9.696275100659063e-05,9.090028042822831e-05,3.139013529875669e-05,1.420993043691135e-06,8.139511368288631e-05,0.00018670294167606372,5.283642640275769e-05,0.00021938544530835798,2.1180321824926606e-06,7.903796552880201e-05,5.7235100324231395e-05,0.00021802421293575978,5.3204071338308546e-05,-0.00030216558129368676,-0.0002284749177224266,-0.00024227374546693676,-0.00022517019530213543,-0.00014089772317911375,-0.00013128445404226246,-0.00013610504003377612,-6.302774991941081e-05,0.00034499609958275933,-0.0002465113876807589,-0.00012800527244885806,-0.00016240245531950787,0.0005394559194915076,-0.0014749524833378529,0.0003885419477335737,-0.002525300671054353,0.00032095961638600165,-0.00272556066476882,0.00027630560737389875,-0.0027678670749569814,0.00034316649713851736,-0.0026196860986124858,0.0003253801078366007,7.168903444578987e-06,-1.1055704012391857e-05,0.00048721643551414575,0.00045089793074046486,0.0003002494595020857,0.0003782364787762267,0.00028513163559487186,0.00041992003092763665,0.0005657198528810349,0.0005747055700544873,-8.72908027416212e-07,-4.949554001678668e-06,-6.199698257608276e-07,-4.16961316735313e-06,-3.4393226628036243e-06,-4.018783631584757e-06,-7.27671446765854e-07,-4.955305537462115e-07,-2.1683955177797764e-06,-2.2982804100796274e-06,5.322360291139543e-07,-6.396413432868063e-06,-8.236794789113232e-07,-5.86286262620371e-07,-3.458200412852265e-06,-5.40205126726781e-06,-3.318342749594242e-06,1.6320953978099131e-06,-5.569500189646708e-06,-8.037674733589403e-07,-2.284874110731683e-06,-2.975960875081954e-07,-7.615725407083342e-07,-4.802419512247362e-07,-3.53582484747517e-06,4.004546183606275e-08,-9.68497770959356e-07,4.108988688192584e-07,-5.428772983812741e-07,2.0375836682496293e-06,8.02771749026019e-08,-2.6291792763919738e-06,-5.175926250199756e-06,-2.79683263373773e-07,-2.472269895644225e-07,2.560602490000782e-07,-6.453569236526731e-08,7.21792306587008e-07,-2.9158185501639276e-07,2.7864747732390823e-07,-4.952532532630068e-07,-7.29069337196645e-07,-3.562737109290687e-07,-1.4871726412767298e-06,3.085833462979581e-07,4.393381127809138e-07,2.648596505916343e-07,-1.3257211794768795e-06,-2.02547943275781e-07,-6.06384749653524e-08,-1.4399780723241856e-06,2.6264117148268097e-07,4.4344696394589425e-07,-2.026448445965389e-07,2.3731665408027246e-07,4.348174287682109e-07,9.5167083368208e-09,6.395451453024794e-07,-3.501032640755929e-08,2.2882507042561402e-07,-1.4523138643253074e-06,-1.0972719767844712e-07,-1.4864178707224248e-06,-8.747139020671561e-08,5.268795929867829e-07,-8.090486147103594e-08,1.9829367731178994e-06
3783.333333333321,0.009975496043918114,0.34524323800098206,-0.2967112764999999,0.017171744965742995,0.36000983994526364,-0.2896239717,0.016148142810507377,0.36170821851664,-0.2790438324,0.014406006035390512,0.3612231513543185,-0.2814849783333333,-0.004328961203406145,0.36792930152324266,-0.3124675065666666,-0.002224564539816584,0.3676637038851645,-0.3271667922666666,0.0008555185732268107,0.35739222461908976,-0.3057489763000001,0.036149929453358653,0.3539435303539664,-0.1854279735666666,-0.07369644484836473,0.3033283211027845,-0.2314719333666667,0.029304595268979394,0.33501729601199814,-0.2472397799333333,-0.0007728756673062561,0.3047353494433065,-0.2885752836666667,0.11287202405237363,0.23537365307995597,-0.0275730291733333,-0.12263221037943889,0.278606284869604,-0.1177157324666666,0.2527700854070128,0.21453466987503614,-0.0178471369017333,-0.15186620599420703,0.2299724926310996,-0.3148239779666666,0.3389448448496788,0.36145848943290926,-0.0671380451056666,-0.07304540303796579,0.3814365955751719,-0.4454465319,0.33868237204337803,0.4065618500735605,-0.06759119021,-0.03383899479703146,0.4247296074499326,-0.5044087631,0.32208554815200885,0.4263082382199736,-0.0714285522628333,-0.0032053082178195285,0.4609970140472734,-0.4824492751333333,0.34100140663469636,0.3629706400929064,-0.0708541936173333,-0.05917289369749812,0.3989311363006734,-0.471937686,0.07037867257663472,-0.16926887080853437,0.0638616080966666,-0.06929280433880758,-0.1870313617010888,-0.06186526715,0.08034375064750371,-0.5018053862514503,0.1104289226966666,-0.02273365044545948,-0.45004266299468815,-0.0586454483233333,0.0709943563866624,-0.7599364690435197,0.2934429403666667,-0.05141551746967838,-0.7545295745626526,0.1622298997666666,0.050651676741198116,-0.7863909670388515,0.3200864302666666,-0.05249994020983308,-0.7800170150721393,0.1449918769666666,0.0867632505389454,-0.8248157777330329,0.2890967096,-0.043030348865906516,-0.8120641330055185,0.0692111812666666,onweer_g_ch1_g19_compr.mp4,ch1g19,0.00010439925877789233,4.732405766901046e-05,0.00010364216066952411,2.4800054562289416e-05,2.9281951689385663e-05,4.738845389582416e-05,0.00010335458514691808,3.608429214314219e-05,5.385926188109583e-05,2.5767190151147113e-05,0.0001953327051201266,4.138736479240728e-05,9.643636215727324e-05,0.00010421848800435525,9.015078387986538e-05,5.984603859614108e-05,4.389487812851461e-05,0.00021199826612510858,3.700600235716199e-05,9.596169904967344e-05,5.1172617825224944e-05,9.41164087167702e-05,9.645680355109711e-05,9.092344361629975e-05,2.8015958650049343e-05,1.4437618854865304e-06,8.088185483587018e-05,0.00018622650121219884,5.220899892674603e-05,0.00022082083873211294,2.1283399883488203e-06,7.628539313217897e-05,5.1232677759373106e-05,0.00021368688010367797,4.64148483735491e-05,-0.00032839719525271457,-0.00024123530880038643,-0.00025572086576421203,-0.00023760489520064377,-0.00016001984471360878,-0.00015120389251268386,-0.00015698326670254248,-4.799544301966375e-05,0.0003350266768082044,-0.00026245722146568234,-0.00015223571823323804,-0.000130716083378065,0.0005395644724774598,-0.0013966543302549332,0.00033154673735357745,-0.0024325323007828217,0.0003661848360289232,-0.0026096119691408496,0.0003569634262143842,-0.0026426001253036665,0.00045031644165246376,-0.0025187211542329418,0.00039344648929263954,7.089749431170328e-06,-1.1259275104067422e-05,0.0004739651142648113,0.0004170006140234149,0.00021203736240694944,0.00028587656321461504,0.00018895676498917506,0.0003155599177244978,0.00046337712978461703,0.0004695395597342062,-1.1787770615917209e-06,-5.5697719376209435e-06,-4.3267005700551754e-07,-4.2707055444260045e-06,-2.6636205881088174e-06,-4.7191001258457435e-06,-5.066509120572822e-07,-1.044543253102684e-06,-2.9655177899854257e-06,-2.5863067108541375e-06,-1.2016958473833044e-06,-5.861045587093028e-06,-4.7331204583181907e-07,-3.879721605986685e-07,-5.030285452154938e-06,-5.384029517808907e-06,-3.3784849101933057e-06,-9.117840275112244e-08,-5.0908371993995924e-06,-4.48252685409337e-07,-2.9610935635387303e-06,-1.490661302016558e-07,-4.15607641873435e-07,-4.980788650973749e-07,-2.861344854713794e-06,-1.7009081952003315e-08,-8.095441483800539e-07,-1.3457435688797021e-06,-5.785743843040856e-07,3.585757850081562e-07,-3.487157133145312e-08,-2.1602652007182592e-06,-5.618187015594741e-06,-5.391977786458552e-07,3.640937570709498e-07,-9.011845908330563e-08,2.567622370734278e-07,1.2814418467814077e-06,2.1437386637147154e-07,-6.460770079451581e-08,-4.779863915783617e-07,-6.030891539518064e-07,-1.807913650620983e-07,-1.955052409146252e-06,9.987963559706852e-07,1.5179558425959343e-07,-8.466102519360941e-08,-1.4227407459270458e-06,4.04114370849959e-07,4.7054264360519814e-07,-1.988299296272327e-06,8.822409650269479e-07,1.5637681590968315e-07,1.2610793021103613e-07,-1.3046475130117301e-07,1.3330446119309897e-07,-2.842489317354182e-07,1.1826589016477558e-06,-2.7794292775936007e-08,3.432367172655812e-08,-1.935716812537101e-06,-1.394246259718774e-07,-2.0215369757406926e-06,-7.451770219272633e-08,6.10240576986263e-07,6.432936646223956e-07,2.4432932527195406e-06
3799.999999999988,0.011472786110764228,0.3448781386530783,-0.2974335784999999,0.018846090839519422,0.3597370991566958,-0.2902985164666666,0.017835683097808128,0.36141984608010747,-0.2797411858999999,0.016086133548269724,0.36095359859733656,-0.2821629484,-0.002756548962939429,0.3677391164634772,-0.3132034709333333,-0.0006502138517468648,0.3674817411462045,-0.3279130593,0.0024210517446468472,0.35720373594965993,-0.3064945052333334,0.03786206329525503,0.35386971689373803,-0.1856479937,-0.07248924056743086,0.30364521268870154,-0.2318422759,0.030769003192952685,0.33472386853407005,-0.2477802341333333,0.00054517496347932,0.3045550921844782,-0.2891468574333333,0.11376378878514253,0.2352245199974426,-0.0276842904933333,-0.12194460726832654,0.27913498728348296,-0.1177050304333333,0.25332979105718423,0.21313187595026484,-0.0187366346484,-0.15214123463870827,0.23028449019078218,-0.3148824392,0.3408248804798923,0.35905792943259685,-0.0690428774223333,-0.07378929129535798,0.38186726053675046,-0.4455458799333334,0.34101572317782736,0.40398308410698147,-0.0695864042866666,-0.03467454368492601,0.42515425133631796,-0.5045072995000001,0.3245917460747566,0.42372322321869343,-0.0735461215228333,-0.00395384160522217,0.4615449450386044,-0.4826395122999999,0.3430113450549153,0.36049905565620566,-0.072820528994,-0.05989823785909059,0.3994052947072741,-0.469864815,0.07041799864743983,-0.16926146711533369,0.0640164440766666,-0.0693181325724538,-0.18704256821566115,-0.06202505464,0.0806940513872335,-0.5013525554505849,0.1101341948766666,-0.022607624547801526,-0.44968964495761277,-0.05910802594,0.07139466723772417,-0.7597569375677472,0.2929736630666666,-0.05087321131846811,-0.7542894643697147,0.1609194273,0.05107889009283077,-0.78623052953723,0.3195876238333333,-0.0518949950848703,-0.7797428280913014,0.1435438027333333,0.08733250104094804,-0.8243762072581469,0.2889723365666667,-0.042155456018030904,-0.811654679826236,0.0680694042533333,onweer_g_ch1_g19_compr.mp4,ch1g19,0.00010393553896246545,4.039088372460123e-05,0.00010420007975430186,2.088755591438426e-05,2.714581761493089e-05,4.099272974309465e-05,0.00010386646228894826,3.537309638436679e-05,5.0409855471891864e-05,2.307121639522336e-05,0.00019619342926296808,3.580295341103514e-05,9.672026836300934e-05,0.00010483068653905726,8.483192486220183e-05,5.407078443693789e-05,4.0427168060340036e-05,0.00021422643950286382,3.2153367093040395e-05,9.62123300586537e-05,4.633624909585116e-05,9.494950743816507e-05,9.67885181707713e-05,9.123257967504813e-05,2.567949338193173e-05,1.3916512736184178e-06,8.066385559790619e-05,0.00018631952432172225,5.105237638774131e-05,0.00022378645236192308,1.9856271708018757e-06,7.42434454542322e-05,4.388693517370401e-05,0.00020971202659702157,4.114942764817621e-05,-0.00036065579319231346,-0.0002603010721885403,-0.00027526223762513834,-0.0002565009172571956,-0.00018296575454041257,-0.00017439788704585234,-0.00018021708620109353,-4.106080326722584e-05,0.0003247594074964643,-0.0002845553440856585,-0.0001793334480756644,-9.643864624439097e-05,0.0005344937642016558,-0.001299063395443457,0.0002479042225870554,-0.002295126827211126,0.0003723297108398705,-0.00244632063388643,0.0003941446179338197,-0.0024725451845977776,0.0005115522793123672,-0.002375378101438279,0.0004198209199428782,7.934285216156622e-06,-1.253078467110405e-05,0.0004482919491106077,0.0003772619922651815,0.00011188805159785243,0.00019703516954063682,7.989102830096258e-05,0.00021530990035147608,0.0003426798645315863,0.00036392820367580226,-1.8270013645878897e-06,-5.468872632085521e-06,-7.039405236048606e-07,-4.047675712211166e-06,-1.167314569446589e-06,-4.820847449976597e-06,-7.403353004941379e-07,-1.4958614852736078e-06,-3.5518535458914003e-06,-2.7343007029080896e-06,-3.614963395686612e-06,-4.7877933704364e-06,-5.135902496617735e-07,-6.544567676561361e-07,-6.877484467422481e-06,-4.953790057370599e-06,-2.8007408914979096e-06,-2.6495778918237946e-06,-4.136190623461483e-06,-4.785399682144956e-07,-3.2019483463495028e-06,-4.30329223576959e-07,-4.774712506578608e-07,-8.263103780028993e-07,-1.4829652492181096e-06,-4.811975934096402e-08,-8.272809622051672e-07,-3.7889941961831643e-06,-6.549522012702036e-07,-2.177645224066607e-06,-1.1590227069858561e-07,-1.5402045335489347e-06,-5.205292443257457e-06,-8.762074149998913e-07,1.155857433252103e-06,-5.464296174718842e-07,6.480741202598821e-07,1.7229594010936008e-06,9.30042180785898e-07,-5.295107590329801e-07,-4.0274815234308757e-07,-4.329826084331839e-07,4.960323284130889e-09,-2.1848512176531094e-06,1.5471646342623028e-06,-2.388633812092936e-07,-5.501877240504018e-07,-1.3040813880359542e-06,9.327061068306318e-07,9.855243109680835e-07,-2.3047760112421848e-06,1.3833795072108179e-06,-2.290836441412167e-07,6.886781534873383e-07,-5.788958798100269e-07,-2.712266699220772e-07,-6.519017087316946e-07,1.6255142379310527e-06,-7.006938272585559e-09,-2.183110928815302e-07,-2.171679718647196e-06,-1.9758496201743562e-07,-2.345933720087972e-06,-3.84270852425204e-08,6.16393337410374e-07,1.5423763075013721e-06,2.858815758029906e-06
3816.6666666666542,0.01299167632858925,0.3445284889571284,-0.2973904118333333,0.02052585194214775,0.35948880754703455,-0.2901404270666666,0.019530483510983392,0.3611560004001748,-0.2796138763333333,0.017773845752769905,0.3607094368707712,-0.2820151914666667,-0.001170193029627169,0.36756586332127683,-0.3131935656333333,0.0009354025980715335,0.3673162162458005,-0.3278933073333334,0.004001337303485187,0.3570319548399044,-0.3064859728,0.03953293808805635,0.35386087357978974,-0.1849200794333333,-0.07130973274931107,0.3039797262449091,-0.2316147967666667,0.032234821346189615,0.334455113135142,-0.2475106060666666,0.0018675251249695905,0.3043874563075686,-0.2889958440999999,0.1145696563457765,0.2351821851012383,-0.0268700730399999,-0.12126131803721965,0.2796893499629644,-0.1172246202,0.253887393391433,0.211901263143444,-0.0186776654117333,-0.15235312850395819,0.23052346055759534,-0.3145187068,0.342956521522116,0.3567957432833637,-0.0700903075889999,-0.07434815123719274,0.38226471084042596,-0.4451024908666667,0.34368540151147225,0.4015904721042898,-0.0707084100766666,-0.03530708708289645,0.425563750536266,-0.5040456625333334,0.3274553832484979,0.4213102666802856,-0.0748436773695,-0.004566875373819928,0.4620814353210553,-0.4822452911666666,0.3452963112621076,0.3581708745576473,-0.0739683018506666,-0.060451573265846485,0.3998563024895128,-0.456585646,0.07044742590175172,-0.16925538545579238,0.0642021299966666,-0.06933137402138509,-0.18705345864143663,-0.0622126569066666,0.08105819195030906,-0.5009223590422673,0.1095575581866666,-0.022483550297959818,-0.44935067096987646,-0.0598273503166666,0.0717476984607207,-0.75983573112143,0.2920537907666667,-0.05045460331106626,-0.7542225035295131,0.1590227774666666,0.051448202506898064,-0.7863640460071019,0.3186201888,-0.051443629090347665,-0.7796750748667084,0.1414801834,0.08789826263911514,-0.8242178654118658,0.2885088349333333,-0.041354349069436004,-0.8114001643931948,0.06641891271,onweer_g_ch1_g19_compr.mp4,ch1g19,0.00010249119710220477,3.324964859860236e-05,0.00010479091156175302,1.7433044268640034e-05,2.6265534054979334e-05,3.4051212552847207e-05,0.00010445437822765388,3.387326726806294e-05,4.57766217119363e-05,2.017894443172816e-05,0.00019644439404300598,3.186802720818871e-05,9.754132591526501e-05,0.00010550690599087693,7.765201541899134e-05,4.9646954392698706e-05,3.765681365205717e-05,0.0002164646893044359,2.871222807701983e-05,9.701148947168073e-05,4.02650565697149e-05,9.588317235481886e-05,9.765582220020907e-05,9.109820982197346e-05,2.4438890113531234e-05,1.2485295839564866e-06,8.052981669868152e-05,0.00018607315695286382,5.020219085827581e-05,0.00022683823650680788,1.7120815863552367e-06,7.308447613749566e-05,3.637399582502222e-05,0.0002050914561883046,3.7704792681144136e-05,-0.00038889072628426865,-0.0002800002844403482,-0.00029513758902536137,-0.000275948922974153,-0.00020476747845103317,-0.00019593104876463073,-0.0002013264619748086,-3.626972123571574e-05,0.0003226877403592222,-0.00030481581801259863,-0.0002020290245715195,-5.779675435444385e-05,0.0005343869207504426,-0.0011685804283830521,0.00014765965790688751,-0.0021334101270263387,0.00031804671124657975,-0.0022582651117456142,0.00036271642667918196,-0.002276333441849158,0.000501980004349158,-0.0022050186286282697,0.0003828025497565305,9.145040031541673e-06,-1.4476155321559987e-05,0.00042356940351435317,0.00032939490463954003,-8.473400659300437e-06,9.944203010261922e-05,-5.238526621666721e-05,0.00010557144323987999,0.00019802309029468416,0.00024699478422023915,-2.804054562797341e-06,-4.175652784200222e-06,-1.4992305807367812e-06,-3.2695860725803585e-06,8.586524524525671e-07,-3.838847665006989e-06,-1.5095692813414654e-06,-1.8383079673964445e-06,-3.8029823504305735e-06,-2.6940583787560868e-06,-6.250724304880163e-06,-2.972346148849706e-06,-1.0058661334055766e-06,-1.4530718560576242e-06,-8.314678914840825e-06,-3.854842476551346e-06,-1.4999649796838427e-06,-5.573047750272019e-06,-2.5338948859740527e-06,-9.594187410315213e-07,-2.5900065996530007e-06,-1.236347848608888e-06,-1.0069098878160862e-06,-1.5830259522771283e-06,4.3628491603174053e-07,-3.1554267083791624e-08,-1.14526929798967e-06,-6.444601154412114e-06,-8.878288873185741e-07,-5.108619664166489e-06,-1.3086481496633641e-07,-8.705709651754842e-07,-3.5283806500498202e-06,-1.2021357446663032e-06,1.959507708409709e-06,-1.0284398806519987e-06,1.1189192117694167e-06,1.956523461604155e-06,1.687767359059441e-06,-1.0286774618407402e-06,-2.6012259907330936e-07,-2.0890575127332118e-07,1.9783473015340645e-07,-2.0266512748394085e-06,1.8648693671819154e-06,-6.73402544907791e-07,-1.045437281824647e-06,-8.437641748960906e-07,1.2768748848926352e-06,1.381260396366266e-06,-2.2515417018425144e-06,1.6865735008601762e-06,-6.57113504931278e-07,1.322269896611922e-06,-1.0323980108065198e-06,-7.170307191736761e-07,-1.0234894382552445e-06,1.8809063557989688e-06,2.299552124992094e-08,-4.918592050080093e-07,-2.0267072390526085e-06,-2.949699777556896e-07,-2.3260228774705113e-06,1.2557324390281316e-08,5.276964404905696e-07,2.4006180523880027e-06,3.148194860146063e-06
3833.3333333333208,0.014530194974847921,0.34416116280928,-0.2974182094666666,0.022216147037924044,0.3592332306945056,-0.2900516936333333,0.02123590284401452,0.36088555658592075,-0.2795533428666666,0.019472849007517435,0.3604586626605836,-0.2819356726,0.00043304897494856785,0.3673794827413419,-0.3132396012666666,0.0025368893658866323,0.36713782968415193,-0.3279342001,0.005597132303982982,0.356848564345525,-0.3065341065333334,0.04119555013447055,0.35386595872041554,-0.1842677389,-0.0701344344586229,0.30432586107679466,-0.2314196318,0.03370444244628303,0.33418109651651967,-0.2473116621666667,0.0031971929152991518,0.30420797425398916,-0.2889083126999999,0.11533323374457996,0.2351849042937206,-0.0260725969166666,-0.1205818635566794,0.28025241552190333,-0.1168083607333333,0.25444613640933444,0.21078534198177665,-0.0184036185284,-0.15253285206598705,0.23064561298158381,-0.3142794945,0.34528440725947096,0.3546408937050585,-0.0708842449323333,-0.07484740587897491,0.38255085816348533,-0.4449939955333334,0.3465814100501501,0.39932514082845133,-0.0715722378333333,-0.0358957942504884,0.42590878816116495,-0.5040253045666667,0.3305537254737121,0.4190382771288336,-0.0759472980895,-0.00515772685202915,0.4625949606911097,-0.4822884677666666,0.34779316155873147,0.3559520472501355,-0.0748935184406666,-0.060952213981473866,0.40022468837037734,-0.4534401,0.07047237398469114,-0.16924782653288573,0.0644028237999999,-0.06934047186105674,-0.1870661720209526,-0.0624114002733333,0.08141585758867605,-0.5005180478005441,0.1090979351066666,-0.0223616223547745,-0.4490466248093421,-0.0605247056633333,0.07208991509885523,-0.7599497038151668,0.2912000923,-0.04999399402012606,-0.7542136746792025,0.1572627496666666,0.05180059993385981,-0.7865340262224512,0.3177255153333332,-0.050938557973819694,-0.7796694473682508,0.1395795196733333,0.08844517180873988,-0.8241700444235596,0.2880902961,-0.040519873762490284,-0.8112599419691564,0.0649052934233333,onweer_g_ch1_g19_compr.mp4,ch1g19,9.932933256994424e-05,2.8187125612802416e-05,0.00010460244397047066,1.5285693046350537e-05,2.743245571540835e-05,2.8848158147991334e-05,0.00010427580238508544,3.183181590116544e-05,4.1087338018881285e-05,1.7605341439621475e-05,0.000188603090984243,2.959711097194104e-05,9.821329236537528e-05,0.000105398823716629,6.818727196218949e-05,4.636568388808123e-05,3.643514665708103e-05,0.0002093760477693837,2.6763271782755126e-05,9.774628048222703e-05,3.550038263980506e-05,9.582496816903623e-05,9.837158487629363e-05,8.961098040223679e-05,2.5253288394206414e-05,1.0397773388776688e-06,7.980511812952585e-05,0.00017853990094362783,4.9005663813824874e-05,0.00021977123207073959,1.3829231560386578e-06,7.264937841209304e-05,3.1308378224952753e-05,0.00019378897478655792,3.6796756531501214e-05,-0.00039473851436721793,-0.0002836743767212283,-0.00029839470519249257,-0.0002791255445849351,-0.00020866477964473604,-0.0001993614801211494,-0.0002040605849770676,-2.975535849674027e-05,0.00033649286156667345,-0.00030604835507978443,-0.00020286666646907522,-1.7049473223276973e-05,0.0005406064192454862,-0.0010033282681622703,3.513356299939999e-05,-0.0019505867862423952,0.0002078229571496611,-0.0020524527752718217,0.0002628723721858687,-0.002066881826264386,0.00043651745178918536,-0.002014958692295166,0.00029211046926081585,1.0330087417236438e-05,-1.6611430504192032e-05,0.000397023073786831,0.00028035469800249865,-0.0001361412524157453,5.166092629470756e-07,-0.00019038453411116162,-4.7508739471237364e-06,4.598164087596523e-05,0.00012281702455642086,-4.1528808619239465e-06,-1.773472826360673e-06,-2.715928568280821e-06,-1.815791783654171e-06,3.0959368956973482e-06,-1.8202247843705448e-06,-2.727608880570391e-06,-2.0342124130251107e-06,-3.9140926884469175e-06,-2.4411025367689286e-06,-8.548782538870033e-06,-8.689079650959314e-07,-1.8545138576748976e-06,-2.6917600066120713e-06,-9.191917134329047e-06,-2.4182312287713728e-06,2.329372787158021e-07,-8.135450437459465e-06,-6.472764449522338e-07,-1.794082966508559e-06,-1.151244715080619e-06,-2.426588476534447e-06,-1.9062289415321105e-06,-2.7067657137581962e-06,2.5913432552445426e-06,3.0605034490031555e-08,-1.692660664256858e-06,-8.776671504943388e-06,-1.2535871659081816e-06,-7.737227936761365e-06,-7.381194279462571e-08,-2.8585222518562643e-07,-7.290320431587973e-07,-1.4527045710342094e-06,2.5616213447778203e-06,-1.4477588206541486e-06,1.5985249411100158e-06,1.9013883432240145e-06,2.2735895421908286e-06,-1.4691124715206786e-06,-6.906846834691818e-08,1.3453198979494406e-08,3.6807716957388647e-07,-1.3050943619917657e-06,1.900623877654626e-06,-1.080260032624631e-06,-1.4785519144594169e-06,-4.11208750550225e-08,1.406480105076729e-06,1.5465657470540321e-06,-1.6004279319360529e-06,1.7396731365071887e-06,-1.0608098530367154e-06,1.8192073899951798e-06,-1.396494573294311e-06,-1.1302659647603065e-06,-1.324700981117175e-06,1.8621805237595428e-06,5.408404951455855e-08,-7.396505978586379e-07,-1.3293854432440378e-06,-4.168398148789607e-07,-1.7083752225211895e-06,6.523377090525295e-08,3.2598192144424225e-07,2.966586809439807e-06,3.2994154761785524e-06
3849.9999999999873,0.016026442290589447,0.3438065909601794,-0.2974796807333333,0.02386974357420811,0.35898748448499945,-0.2899864742333333,0.022906206191065228,0.360625986111484,-0.2795125549999999,0.02113353071682771,0.36021894604438137,-0.2818792876,0.002008613405192148,0.36720395514922805,-0.3132963916,0.004112514569134708,0.3669727017620112,-0.3279891104,0.007164299269058274,0.3566793934078676,-0.3065863440333334,0.042809259745812095,0.3538736922503009,-0.1836596135666666,-0.06897938599540776,0.30469360635571113,-0.2312687540666667,0.03511544047425077,0.33391557880004463,-0.2471615374333333,0.00447282558686672,0.3040426691379938,-0.2888889759666665,0.11598406174182327,0.23521890015956798,-0.0253659080733333,-0.1200322692755907,0.2808213044100947,-0.1164561760133333,0.25494180047305287,0.20989383602235284,-0.0182160078984,-0.15264006766830832,0.23068807224792212,-0.3143115797,0.34742497768286296,0.3528120525208597,-0.0720256406156666,-0.07530157518946971,0.38278466787004645,-0.4454576779333334,0.3492871193920948,0.3973899665810927,-0.0728570457666666,-0.03646545141796135,0.4261956612958644,-0.5047265171333333,0.3334941034793612,0.41710454255653273,-0.0775382844061666,-0.0057567613065190315,0.46311898629057907,-0.4831145484333333,0.35011369279354615,0.35406105647194025,-0.0762013786906666,-0.061420017803118884,0.4005677036299901,-0.453129619,0.07049130738959597,-0.16923682623891675,0.0645641775499999,-0.06934454426119706,-0.18708397446314126,-0.0625623862866666,0.08175759248191158,-0.5001365608938052,0.1089494966933333,-0.022249491908299047,-0.4487894131941514,-0.0609610230866666,0.07243066246292641,-0.7600798877314121,0.2904622096333333,-0.049567703783018065,-0.7542117409251359,0.1561513058333333,0.05215285453668639,-0.7867190761477126,0.3169570868666665,-0.05046586970166881,-0.7796708598025046,0.13837207384,0.0889875928658344,-0.8241283262900272,0.2878148302666666,-0.03978740939785557,-0.8111748301782684,0.06398897756,onweer_g_ch1_g19_compr.mp4,ch1g19,9.45007769184123e-05,2.679107341205244e-05,0.00010150614236957014,1.3961800234677162e-05,3.126424942749054e-05,2.7271159633708928e-05,0.00010116978689002983,2.9306997375263952e-05,3.779193820543422e-05,1.5343236148495793e-05,0.0001762956296392612,2.9839718154908466e-05,9.635807787750654e-05,0.00010233986672219687,5.823640697197758e-05,4.522340363491051e-05,3.741837307019525e-05,0.0001969253196019134,2.710930358239271e-05,9.598959209787358e-05,3.3947631464470935e-05,9.267871377230291e-05,9.642489052997616e-05,8.601798562312866e-05,2.849505212635948e-05,1.0472230476822846e-06,7.775660026082796e-05,0.00016648680193578005,4.7705467318792785e-05,0.00020742853532371286,1.3059400728894839e-06,7.305933921540526e-05,3.088947728286552e-05,0.00017894699717003486,3.933042507278906e-05,-0.00037437868095546793,-0.0002682458591666243,-0.00028198248074930675,-0.0002625460602409952,-0.00019402206930710646,-0.00018356518678960034,-0.00018713266967578071,-1.5879786670918106e-05,0.0003602634973669972,-0.0002852041244035498,-0.00017961342656822501,2.684086397171864e-05,0.0005587824600398249,-0.0008387283660995239,-5.7375617895413504e-05,-0.0017879479049700488,5.798385692587785e-05,-0.0018892505938210421,0.00010415876743502361,-0.0019053410760247538,0.0003283535570456417,-0.001854095484374164,0.0001600177000783619,1.139594999647301e-05,-1.868935451431884e-05,0.00035875915143475243,0.0002214834902010805,-0.0002804910072176165,-0.00011522782496222315,-0.00034529853430382684,-0.00013095838445624763,-0.00011978505071224748,-2.103477506312721e-05,-5.707185340562726e-06,1.450067294957233e-06,-4.287821317236731e-06,2.2653678415092737e-07,5.240394238795738e-06,1.0040150124777093e-06,-4.3312396006517036e-06,-2.0261678715639425e-06,-3.7929917497404495e-06,-1.95473475101039e-06,-9.470945926093931e-06,1.270041237817068e-06,-3.0355739728483867e-06,-4.3030587221603555e-06,-8.959458352457516e-06,-6.799983924334039e-07,2.1084608801238085e-06,-9.314634363918218e-06,1.3082273398704706e-06,-2.9535631950711563e-06,1.0092077838031998e-06,-3.96576640486138e-06,-3.137339324049035e-06,-4.137319119307733e-06,4.694638808389554e-06,1.1778426739758426e-07,-2.476885621800698e-06,-9.73036606721103e-06,-1.6741770059637036e-06,-9.074486568230505e-06,3.957538436460025e-08,9.231438337460517e-08,2.8640325979190536e-06,-1.5802108421102357e-06,2.769268471069663e-06,-1.6801543237564437e-06,2.0319902110392498e-06,1.528861246612892e-06,2.4877866344615785e-06,-1.720410833795293e-06,1.51133326505402e-07,1.6872898249311967e-07,5.120477092174346e-07,-2.5656452634104296e-07,1.643205113023395e-06,-1.3414909175656905e-06,-1.7217219241202125e-06,9.665199453886477e-07,1.286000512068835e-06,1.4281092154766945e-06,-6.016731317922865e-07,1.52601999718702e-06,-1.3223668800197665e-06,1.9818807328526916e-06,-1.5587779686068912e-06,-1.3867298891717672e-06,-1.4867434975002433e-06,1.5428068910690194e-06,7.242746677494901e-08,-9.159435723762251e-07,-2.772592508973432e-07,-5.487978557240119e-07,-7.751380469845136e-07,1.0137451742084259e-07,8.833692826588888e-09,3.0181589297790845e-06,3.578947551957429e-06
3866.666666666654,0.0175179133415487,0.3434511280538066,-0.2972638791333333,0.025510460469745096,0.3587390565569815,-0.2896601338333333,0.024564994813141613,0.360364981078573,-0.2792106266999999,0.022782402474306435,0.35997742516082964,-0.2815625590666666,0.0035794531852596577,0.3670264689919061,-0.3131040583666666,0.005683411697811789,0.36680570820210556,-0.3277890551333333,0.008726365246391497,0.35650923428360776,-0.3063881943666667,0.044340590648985316,0.3538771747283939,-0.1828596561666667,-0.0678491865392135,0.30506196499577176,-0.2309678867,0.03650063800821799,0.33364742481403814,-0.2467621257333333,0.00573266578110629,0.3038758442824163,-0.2886296192666666,0.11651273582869631,0.2352681940378468,-0.0244970167999999,-0.11952767966099552,0.28136873449077754,-0.1159283982566666,0.25538042535189026,0.20915877056969917,-0.0178496269617333,-0.15262654708260198,0.2305097169574587,-0.3140973168666666,0.3494882896133198,0.35120323425226185,-0.0728786262956666,-0.07555721041106649,0.3827645721031828,-0.4457589496,0.35190967696615716,0.3956914476038101,-0.0738200129433333,-0.03682111819016578,0.42625072325001256,-0.5052195599333333,0.3363313188455295,0.4153616868984298,-0.0788348823661666,-0.006175973319721182,0.46340379278296684,-0.4837202766666666,0.35235076560849077,0.35236997068967746,-0.0772322062506666,-0.061699566928971314,0.4006634972461244,-0.454634041,0.070507982463254,-0.16922182001751415,0.0647249120299999,-0.06934663263898337,-0.18710691822518313,-0.0627113765399999,0.08212282388911654,-0.49973199493770243,0.1087954074499999,-0.02213672063405979,-0.4485452173951429,-0.0613871769266666,0.07277455282693343,-0.7602054638070774,0.2897642461999999,-0.04914916573560315,-0.7542563469268946,0.1550439642666666,0.05250603899134876,-0.7868977983457932,0.3162278451999999,-0.050003566984581096,-0.7797288641350708,0.1371627484733333,0.08951102493020525,-0.8240956925501284,0.2875511561999999,-0.03909139282010359,-0.8111300827701542,0.0630611181366666,onweer_g_ch1_g19_compr.mp4,ch1g19,8.813663228848784e-05,2.977687772021279e-05,9.528849668991336e-05,1.464943915605382e-05,3.793093494558935e-05,3.0043859423938235e-05,9.49243360813413e-05,2.7003122110356378e-05,3.4995770644613634e-05,1.370728327786765e-05,0.00016241987166533696,3.205476251328501e-05,9.154769882584318e-05,9.61155640033559e-05,4.99869974599196e-05,4.507830803413721e-05,4.0511536699306436e-05,0.0001820174490170826,2.9297064109500194e-05,9.127577467609691e-05,3.7073382180441396e-05,8.658248634673145e-05,9.144488375666865e-05,8.048615159872044e-05,3.4470356025937044e-05,1.2787056144913445e-06,7.401026790095281e-05,0.00015272027869085022,4.6259156061670204e-05,0.0001925172532562516,1.4852659766885605e-06,7.306941905096555e-05,3.601726445212526e-05,0.0001640836736327548,4.5238516885404395e-05,-0.00031590818715772535,-0.00022480951320793716,-0.00023693727504165446,-0.00021760508762929063,-0.00015510290281396145,-0.00014327774203421034,-0.00014609471246133164,1.2352771808977387e-05,0.00039111237696651415,-0.00023137704969183637,-0.00012588076728966527,6.909685771965717e-05,0.000572676930182166,-0.0007087586607169172,-0.0001595207082479522,-0.0016742677295288613,-0.00014152744809730133,-0.0017924899301857385,-0.00012129697183826688,-0.0018222657128312946,0.00014616727522185315,-0.0017534708665550977,-2.448603781212003e-05,1.211266271673759e-05,-2.052815496514376e-05,0.0003015100920851469,0.00015133597443550847,-0.0004457738588600841,-0.0002463307111094575,-0.0005182874569169869,-0.0002709352132135798,-0.00029302594621503675,-0.00017725190593624363,-7.424546938240027e-06,5.199186106015069e-06,-6.219829494727423e-06,2.5909154958569937e-06,6.921836975399802e-06,4.462954127297959e-06,-6.316088161221389e-06,-1.8860422888487475e-06,-3.4346962249323277e-06,-1.3594390491314747e-06,-9.128413893766714e-06,3.075381195598355e-06,-4.5955152914361e-06,-6.281961675113609e-06,-7.499701618882713e-06,8.903595227024096e-07,3.7970103560497917e-06,-9.242852174444655e-06,2.995451929643682e-06,-4.4867950950522955e-06,3.884171292758038e-06,-5.794627868468114e-06,-4.748589420026882e-06,-5.870252402972381e-06,6.389230444029032e-06,1.9703581943971277e-07,-3.575627359363207e-06,-9.383229229744722e-06,-2.2181280540843313e-06,-9.204240076496479e-06,1.6948329180831569e-07,8.026520529407147e-09,6.907102496099649e-06,-1.5469144307443747e-06,2.490344214355216e-06,-1.6757413358150884e-06,2.3118428522532405e-06,8.767184523046138e-07,2.2367172692476923e-06,-1.7270947215122417e-06,3.534743700747537e-07,2.660584406112624e-07,6.059348058896376e-07,8.131617951014316e-07,1.1606778694505062e-06,-1.411372894282525e-06,-1.7222261607412773e-06,1.9455542760753713e-06,9.891550664634397e-07,1.0447672385616488e-06,4.344275149620763e-07,1.1042846712407756e-06,-1.3956694021066137e-06,1.693327112914973e-06,-1.4927356175479988e-06,-1.4417838153703859e-06,-1.4742643931066039e-06,9.496033138977313e-07,7.361432261340177e-08,-9.878315838603337e-07,8.326034562890565e-07,-6.642331662111152e-07,1.761875680031786e-07,1.1395799207731831e-07,-3.705131729006595e-07,2.4734880786233738e-06,4.003104000156196e-06
3883.33333333332,0.019008678241124823,0.3430722828190252,-0.2968281046333333,0.027143840876545294,0.35846805049024794,-0.2891507803666666,0.026217275890147055,0.36008120196181403,-0.2787297721666666,0.02442578047338372,0.35971279864454814,-0.2810643288333332,0.005148557134423588,0.3668280633263909,-0.3127471417666667,0.0072520164742506076,0.3666131804903719,-0.3274164387,0.010288388415930447,0.35631108416141577,-0.3060269703666667,0.04581278539077295,0.3538631309934817,-0.1819839084666666,-0.06672217160159905,0.3054043788424628,-0.2306267594,0.03788122191329178,0.33336020921126763,-0.2461723725333333,0.006993420037234057,0.3036836636122359,-0.2881823141999999,0.11700156079274483,0.23532184781679655,-0.0235764915433333,-0.11900362593461009,0.28189656982958206,-0.11539089004,0.2558122991134234,0.208510942462414,-0.0174468907950666,-0.15244926838987063,0.23031076693321345,-0.3136477907333333,0.3516898859832771,0.34969084508516307,-0.0736710717723333,-0.07552071515429586,0.38259677795520164,-0.4453322836666666,0.35471375345130735,0.39408863674712696,-0.0747391237566666,-0.03684793960575416,0.4261473751844091,-0.5048699081666667,0.3393221064304631,0.41372679263468914,-0.0800047280661666,-0.006260305601141768,0.46346918460431447,-0.4834803411333333,0.35473096743839305,0.35078883839632724,-0.078167520614,-0.06168410237032381,0.4005912324813379,-0.454436,0.07052081067519254,-0.16921179118263618,0.0649072666033333,-0.06934332458492984,-0.18712497338857056,-0.0628831459499999,0.08249327643801856,-0.4995145583263388,0.1081063852066666,-0.021991787263141705,-0.44842385635509696,-0.0621458080833333,0.07316616898792927,-0.7609095167621369,0.2882619538333333,-0.048762198376437964,-0.7546408230902452,0.1531950078333333,0.052916275488094286,-0.7876794589505766,0.3146419354666666,-0.04958076050042424,-0.7801525113167432,0.1351524057733333,0.09010644320284829,-0.8246532771335489,0.2864910751666666,-0.03834913825060481,-0.8114279400086954,0.06143292289,onweer_g_ch1_g19_compr.mp4,ch1g19,7.961303137322548e-05,3.664572594126284e-05,8.606436843448437e-05,1.7334704607147927e-05,4.5947972593031054e-05,3.634061563288957e-05,8.559985899555985e-05,2.5040500543996694e-05,3.21389510814969e-05,1.2412297944537315e-05,0.00015117516287214917,3.552133472363094e-05,8.400617198360212e-05,8.680808272981417e-05,4.369857856281771e-05,4.586719030127675e-05,4.4959809754767214e-05,0.00016992148809847756,3.267949168554116e-05,8.38684981510583e-05,4.322815848468604e-05,7.823623832872584e-05,8.36907798017793e-05,7.369859411987534e-05,4.186304376091624e-05,1.6664727732910323e-06,6.930145155982118e-05,0.00014117373875198493,4.398780121618681e-05,0.00018032339194336703,1.869929724694676e-06,7.238289700695294e-05,4.555508212525041e-05,0.00015324161150028298,5.31080371483803e-05,-0.00021705599272378232,-0.00014926102078796947,-0.00015913273095834995,-0.00014017963372792825,-8.764297003658934e-05,-7.481740378648874e-05,-7.757293317060906e-05,5.61999433863483e-05,0.00042637068065420945,-0.0001428349211320318,-4.0534503204449696e-05,0.00010410272168800393,0.0005780723660621436,-0.0006167748537012433,-0.00025879982585570613,-0.0015873061652374924,-0.00036037091472225616,-0.0017319686821429439,-0.00037971948262596137,-0.00177763929544099,-8.151554278076017e-05,-0.0016829030261872274,-0.00023502206625476672,1.164625830289919e-05,-2.1020468179288735e-05,0.00022700526154663118,7.672287967115107e-05,-0.0006088592048304638,-0.00038131853304667875,-0.0006844052483727163,-0.00041282075026705833,-0.0004519514366324692,-0.0003360034002680261,-9.100081766755968e-06,8.549457978937897e-06,-8.215284051512295e-06,5.150777898666235e-06,7.397848293133668e-06,7.755306758395516e-06,-8.374191991042159e-06,-1.4307509174820861e-06,-3.01142492096556e-06,-6.270461313880678e-07,-7.925113307459101e-06,4.086073493256308e-06,-6.29787361186171e-06,-8.32325343015968e-06,-4.972020254058155e-06,1.7855709450266888e-06,4.7563611552265175e-06,-8.444248609147399e-06,3.984763567770705e-06,-6.172381215121356e-06,6.827965544344175e-06,-7.622168509115531e-06,-6.4878349860307266e-06,-7.660532003341618e-06,6.988512389188994e-06,2.7382347542395826e-07,-4.843340688422696e-06,-8.111444706657074e-06,-2.9693035305612046e-06,-8.672997327730834e-06,3.0769412646142544e-07,-5.840421856421632e-07,1.0454923739248945e-05,-1.3063327195333166e-06,1.8178555853873074e-06,-1.4239021157005818e-06,2.413155025901882e-06,7.192274308106204e-08,1.6103201103486635e-06,-1.4726568761906988e-06,5.078033177125297e-07,3.2116007823022257e-07,6.472628996682231e-07,1.5759476842695697e-06,5.480117651600172e-07,-1.2841784717124048e-06,-1.4663196930002232e-06,2.6959291721379624e-06,5.655965069130462e-07,4.77367543962529e-07,1.1532667671888776e-06,5.560706975287304e-07,-1.2765611235796472e-06,1.0735826999891505e-06,-1.2189442576265854e-06,-1.2930119425194583e-06,-1.2802719267936562e-06,1.952425224339259e-07,5.831085503714772e-08,-9.579306355924917e-07,1.6781130969507838e-06,-7.206742872860542e-07,8.037637578539445e-07,1.016535445186639e-07,-7.571964050112292e-07,1.4845316971969212e-06,4.383151123986209e-06
3899.999999999987,0.020386345491331555,0.34285917715247277,-0.2961129114666667,0.028641194194651533,0.3583222226919728,-0.2883391131333332,0.02773429048858212,0.3599267770458594,-0.27795043,0.02592838747923047,0.35957656809877747,-0.2802759376999999,0.006629686927353977,0.36673135309865207,-0.3120311757333334,0.008739989240018784,0.3665352967452387,-0.3266881454666667,0.011770492809362503,0.35623131093924126,-0.3053005824000001,0.0470820295392878,0.3538954444181144,-0.1809179529333333,-0.0655966564145907,0.30579352098678697,-0.2298701131999999,0.0391269839651685,0.33321132092439404,-0.2453674599666666,0.008189063198074168,0.3036330978771154,-0.2874876905999999,0.1174532341024102,0.23538227403691192,-0.0227628747946666,-0.11861355082848217,0.2824020909481835,-0.1145656619833333,0.25620465001292514,0.20787303618195474,-0.0176560662183999,-0.15223743074986856,0.22985344928895907,-0.3132419655666666,0.3535755022623387,0.3481386834582366,-0.0760950220723333,-0.0753087814568735,0.3820713671908668,-0.4457698165,0.357129082455071,0.39239003396078126,-0.0775468398033333,-0.036577862453292344,0.42559698568908655,-0.50564319,0.3419412539589585,0.41197654394245786,-0.0830747156961666,-0.0060168624772650335,0.4632350017873511,-0.4844664115666666,0.3567685671656394,0.3491279533471356,-0.0807894045039999,-0.06144396674024897,0.40019141574358624,-0.474753737,0.07054413784740471,-0.16919930290048593,0.0649984682933333,-0.06935246863678166,-0.1871480302639773,-0.0629571625,0.08285473954449618,-0.4993636882924186,0.1075000348533333,-0.02180594747747906,-0.4484087738680187,-0.0626493444433333,0.07358447447091111,-0.7616078688715169,0.2876717794333333,-0.04837604359930571,-0.7550904628010084,0.1520949156999999,0.05336294518803093,-0.7884577631624573,0.3140877573333333,-0.04915779343844549,-0.7806416849230638,0.1339787923066666,0.09077861775719404,-0.8252373464670922,0.2862308651333333,-0.03774918459563356,-0.8118782645984319,0.0605730852833333,onweer_g_ch1_g19_compr.mp4,ch1g19,6.94678605931675e-05,4.767466518832565e-05,7.668965085801226e-05,2.3409989343925e-05,5.464488288024065e-05,4.627791988523168e-05,7.613690400509469e-05,2.382140479945228e-05,2.934408257377288e-05,1.2115411925960649e-05,0.00014322492532046764,4.0456689163821984e-05,7.625439790640531e-05,7.724521804242507e-05,3.923597370824338e-05,4.833480967068965e-05,5.078506784325073e-05,0.0001611537154247733,3.746554584599112e-05,7.62792706710377e-05,5.174520180383908e-05,6.980873643138468e-05,7.580051237940635e-05,6.558915173522918e-05,5.0112088768082603e-05,2.088876215968999e-06,6.432020261711272e-05,0.00013274982582457302,4.10472363048195e-05,0.00017141044477581762,2.3464159016017242e-06,7.160201088682841e-05,5.876889565688181e-05,0.00014826624427424494,6.256907036418436e-05,-0.00010297403902430867,-6.249881954772155e-05,-6.997445463880436e-05,-5.166816625030677e-05,-1.1344463624426719e-05,1.9968217127615335e-06,-1.0348386756052512e-06,0.0001011090195870535,0.0004489627593722896,-4.293659594727394e-05,5.462147998352123e-05,0.0001252519315424116,0.0005590048937406594,-0.000564535427147018,-0.0003897704425187038,-0.001523163425647105,-0.000599513809514056,-0.0016922305943721247,-0.0006576761168323159,-0.0017483421164113727,-0.0003383934386656615,-0.001630052948675008,-0.000470296117754152,1.0178804282220269e-05,-2.01914337468496e-05,0.00013435233718569613,1.4993371396191107e-06,-0.0007560816693326118,-0.0005096523611935278,-0.0008307605712087093,-0.0005462866026807687,-0.0005933884458032699,-0.0004880664659183428,-1.0336854273779882e-05,1.0300658433758813e-05,-9.78734509862256e-06,7.374971715313744e-06,6.941308025629357e-06,9.48905719633493e-06,-1.0012189758931392e-05,-8.16330427251974e-07,-2.588838104265173e-06,6.100961237974305e-08,-5.9633609656190796e-06,4.224485457103607e-06,-7.792918168978862e-06,-9.943836245424335e-06,-1.702183640704332e-06,2.0638427850454994e-06,4.826525433453133e-06,-6.929840467819345e-06,4.194115727909661e-06,-7.65803044164238e-06,8.40072769347798e-06,-8.993274875309368e-06,-7.986389130018656e-06,-9.02003599168837e-06,6.711894870873321e-06,3.3240447944619306e-07,-5.9628579597770746e-06,-5.982400611301698e-06,-3.6687294914784835e-06,-7.5852237339679285e-06,4.187944561716037e-07,-1.584821362408384e-06,1.1921721409040793e-05,-8.716164049526471e-07,8.460709519114163e-07,-1.0397140368150662e-06,2.2668880681578397e-06,-7.57451132809571e-07,7.035982094785537e-07,-1.0730365521753629e-06,5.945840758007319e-07,3.435104470859414e-07,6.238047551473113e-07,1.908290425998598e-06,-9.727265043233263e-08,-1.0600930209074754e-06,-1.0683539806847475e-06,3.091449992384241e-06,7.557826350911188e-08,-1.8801891522442622e-07,1.441458829925338e-06,-3.14690009991303e-08,-1.0635534316820257e-06,2.3483614723978823e-07,-8.410546047436474e-07,-1.0466073094382405e-06,-9.101142330436533e-07,-6.03002179127196e-07,3.309751487099067e-08,-8.465762331098261e-07,2.10922466379112e-06,-6.82685812048727e-07,1.0179311439643678e-06,7.072917087699398e-08,-1.1133963610197276e-06,2.1863290315392615e-07,4.456513133267079e-06
3916.666666666654,0.021419970154889903,0.3428077186450242,-0.2949585870666666,0.029855612174897947,0.3582754154446017,-0.2871539105333333,0.02897037085918444,0.3598733592300117,-0.2767998919666667,0.027148668718088055,0.3595397840380337,-0.2791142888666666,0.007845427980869422,0.3667538188154562,-0.3108331233666667,0.00996476136608124,0.36657441728374957,-0.3254748234333333,0.012995507613828236,0.356270788952562,-0.3040967980666667,0.04827773691181932,0.3539542791807284,-0.1797303537333333,-0.06447296530954362,0.30627962441444356,-0.2285746181666666,0.04011490255297976,0.33319212473291354,-0.2442361608333333,0.009163591567006212,0.30374918151877367,-0.2863321099999999,0.11797483186880366,0.235466131150101,-0.0219255087599999,-0.11826057155166925,0.2829342707235722,-0.1133399627533333,0.25657311681584205,0.20723701712038,-0.0185057989750666,-0.15200137977972503,0.22932404407377263,-0.3122753977666666,0.35516151326075784,0.3465935651655488,-0.0790546452723333,-0.07465727261103788,0.3812038918509668,-0.4460552055333333,0.3591805890843561,0.3906788370333208,-0.0809404423366666,-0.03568145824916839,0.4246164968861925,-0.5063023816,0.34413757381664023,0.4102013846641249,-0.0866425198295,-0.005053619488605742,0.46257642894085377,-0.4853778609666666,0.35847311942359594,0.34747992144107803,-0.0839064661373333,-0.06067690762941092,0.39943286300110536,-0.473483622,0.0705859213617252,-0.16918821749972832,0.0650051332099999,-0.06937998087115367,-0.18717029478700678,-0.0629504081766666,0.08324431148181892,-0.49927618431303256,0.1069477569733333,-0.021617035397916887,-0.44842817709532584,-0.0631285294033333,0.07399145206710406,-0.7623751327543077,0.2871759849999999,-0.04800705330131331,-0.755612239447728,0.1511985264333332,0.05379687782838961,-0.7893004369366398,0.3136348961333333,-0.04874659516981623,-0.7811954308398736,0.13301469264,0.09140865481254813,-0.8258613330683465,0.2859647025999999,-0.037190290049688435,-0.8123909789757388,0.0597256603466666,onweer_g_ch1_g19_compr.mp4,ch1g19,5.83051026611105e-05,6.111170452623308e-05,6.66332700691186e-05,3.255148399823113e-05,6.193735481817621e-05,5.854831916598975e-05,6.579303597469798e-05,2.348168097047275e-05,2.6645091138496066e-05,1.2413297327719574e-05,0.0001393698271588506,4.545865157597948e-05,6.83388235572062e-05,6.698148313329071e-05,3.7241827046299634e-05,5.1058368695077654e-05,5.631236438307367e-05,0.00015654486346382068,4.2332731940803106e-05,6.849977413880382e-05,6.240824046553478e-05,6.0629101615611445e-05,6.767586380291324e-05,5.5950124381539395e-05,5.7276822845374145e-05,2.4714921551057927e-06,5.822567677978851e-05,0.00012859580475924122,3.686857365714606e-05,0.00016603364591777787,2.8398061962647316e-06,7.033058883729919e-05,7.382418898173939e-05,0.0001507251612174029,7.122285187236092e-05,1.3696462849173158e-05,2.57822978985846e-05,2.0687231458013167e-05,3.823415640855845e-05,6.742056322398671e-05,8.027322718579007e-05,7.627357626179794e-05,0.00013955163774491793,0.0004628866797640948,5.571661738973302e-05,0.00014905804810559935,0.00012653368655948368,0.0005159565490601122,-0.0005572683725950696,-0.0005269914036397113,-0.0014715376468629978,-0.0008164049818321718,-0.0016613010351688114,-0.000907227391486862,-0.0017146111907525422,-0.0005851560074682538,-0.001578849822407962,-0.0006889638413162966,7.531743885808473e-06,-1.7622820394380497e-05,3.2502543227981154e-05,-7.243832628179478e-05,-0.0008751543795564868,-0.0006234014941033644,-0.0009452796068273557,-0.0006623669604831036,-0.0007112951267854407,-0.0006243967276887609,-1.1093554074472066e-05,1.0271675313029239e-05,-1.0579106923358947e-05,9.395141535762074e-06,5.700335767153339e-06,9.32717428157419e-06,-1.0843208215366975e-05,-1.4027296049722538e-07,-2.291734097165663e-06,6.880779216124709e-07,-3.479501863359475e-06,3.6927502599715283e-06,-8.690304566326657e-06,-1.0773238612727272e-05,1.7459229940866306e-06,1.82246314994057e-06,4.191440241144934e-06,-4.950399023968376e-06,3.7852512933331133e-06,-8.562366709775903e-06,7.796018850623458e-06,-9.466351116697436e-06,-8.856858233705396e-06,-9.630615145861205e-06,5.661120667830539e-06,3.5034576201482365e-07,-6.625837911939224e-06,-3.2984742051739435e-06,-4.323285124211775e-06,-6.069884023516045e-06,4.674972057685929e-07,-2.9357156788355917e-06,1.0992643568262747e-05,-3.0027911432162445e-07,-1.656298258613025e-07,-5.600102697572034e-07,1.919441093446145e-06,-1.4226136371278653e-06,-2.463197972527642e-07,-5.605817572164687e-07,5.837427003798681e-07,3.4306077638567725e-07,5.506808498471343e-07,1.8066321639154689e-06,-6.49083508228459e-07,-7.75619312152809e-07,-5.700171261651207e-07,3.0487303842129774e-06,-3.734503307498543e-07,-7.983435715198384e-07,1.3096220862025552e-06,-5.451873853487119e-07,-7.892088050483619e-07,-6.318053874723029e-07,-3.971241761740725e-07,-7.366910093986974e-07,-3.954194508731081e-07,-1.2662691934361237e-06,5.0906506299681475e-09,-6.411225797719724e-07,2.085244813390163e-06,-5.028869868613088e-07,8.728625334428742e-07,2.91658621224498e-08,-1.3695983762230052e-06,-1.01363249239725e-06,4.165896090617067e-06
3933.33333333332,0.022220298488133262,0.3428445231435171,-0.2935327773999999,0.030760947667332277,0.3583013806757202,-0.2857463806333333,0.029896748409128572,0.35989506846426006,-0.2754290825,0.028066791046738388,0.35957801972205766,-0.2777355509999999,0.008822098245905812,0.36683566891310904,-0.3094208171333333,0.010953732656894625,0.36666948000024463,-0.3240437705333334,0.013990883354846483,0.35636539506401843,-0.3026793668333333,0.04908382867598911,0.35407632595727584,-0.1785059615666666,-0.06340498252032217,0.30678828214153936,-0.227285778,0.04085150507299656,0.33327066102821723,-0.2429069623666667,0.009974877200626406,0.3039388403994013,-0.2849881379999999,0.11842355276697396,0.2356128542647037,-0.0211894220966666,-0.11795074370915565,0.28348149974253956,-0.1121876003233333,0.2568307075155465,0.20676778258198586,-0.0195951032884,-0.15176028780305986,0.228751118144176,-0.3111861974,0.3564765692725237,0.3451699347984564,-0.0821870561056666,-0.07382648486570646,0.3801952024703143,-0.4459800510333334,0.3608485549131725,0.38905762054015597,-0.0845222193033333,-0.03460730455661634,0.4234711496536018,-0.5065351705,0.34592742372037155,0.40854300585464637,-0.0904049604628333,-0.003926933228012382,0.4617993650573715,-0.4858464508333333,0.35987017545748107,0.34596120963479743,-0.0872059569706666,-0.059733492740276256,0.3985584687256852,-0.471795797,0.07063421919272878,-0.16917875872940927,0.0649953152066666,-0.06941461671867064,-0.18719057231920638,-0.0629301402366666,0.08356076457654565,-0.49923990627952036,0.1064433966266667,-0.021429688323977722,-0.4485708452747738,-0.0636424887066666,0.07430479836386575,-0.7632964893467331,0.2864937114666667,-0.04773558178271131,-0.7563012600810933,0.1499386357333333,0.054141417538271175,-0.7902980910762016,0.3129360167666666,-0.048428951469019196,-0.7819208436723029,0.13163800514,0.09196520987652004,-0.8265821764488628,0.2853137483333333,-0.036684924289422056,-0.8130670664014455,0.05814949325,onweer_g_ch1_g19_compr.mp4,ch1g19,4.681497804999916e-05,7.421274183249517e-05,5.5781923460409094e-05,4.422688662927265e-05,6.747899138989152e-05,7.048709693818048e-05,5.459608852429549e-05,2.396038468295626e-05,2.416711414240475e-05,1.3526910827154924e-05,0.00013923782680920114,4.987567889042318e-05,5.955231223500353e-05,5.593545401046964e-05,3.980585656556297e-05,5.3596048769893566e-05,6.118770004235072e-05,0.00015555074121899697,4.67620148011985e-05,5.98033886449777e-05,7.242911009615392e-05,5.079164911391366e-05,5.8695027489336904e-05,4.553408949511147e-05,6.297188400313133e-05,2.807278510736119e-06,5.097537828095734e-05,0.00012847299786229738,3.182997058185932e-05,0.00016408219228465637,3.3263123890640786e-06,6.70891218480363e-05,8.722716493839815e-05,0.00015985420215890213,7.843560545550302e-05,0.00011220873780561986,9.948421093515127e-05,9.630890648021833e-05,0.00011298188505680708,0.00013214016099692886,0.00014369185834950567,0.0001385193472856125,0.00016212522762081802,0.00045669414620755583,0.00013562816387102886,0.0002247597645518447,0.00010731809116810191,0.00044722418342222557,-0.0006241143030743873,-0.0006822405040335032,-0.0014746352136061113,-0.0009852251700541977,-0.0016798660564063131,-0.001086373796045109,-0.0017210787109699695,-0.0007773502798192181,-0.0015739752396685437,-0.0008622881231468019,4.335730936730712e-06,-1.4092547186800414e-05,-7.246516613030845e-05,-0.0001492937910195588,-0.0009628729359947483,-0.0007250427088753725,-0.001025845437885623,-0.0007645311168368691,-0.000808920895520654,-0.0007441369936335238,-1.097533378228146e-05,8.97129557561461e-06,-1.0550035612623707e-05,1.1144747222156632e-05,3.7614717685971552e-06,7.926969745038988e-06,-1.0807796927610383e-05,5.735806509621587e-07,-2.0644160421568697e-06,1.114179660964788e-06,-9.574085467113724e-07,2.4921629280876076e-06,-9.006554642046817e-06,-1.0753652731054784e-05,5.132911135653085e-06,1.0030896185821067e-06,2.90962160955155e-06,-2.918539173176384e-06,2.7338743273423804e-06,-8.90192353765513e-06,5.988488023936463e-06,-9.203969641295951e-06,-9.1152443358394e-06,-9.48031136420703e-06,3.896890434819659e-06,3.469332363090999e-07,-6.898407285404427e-06,-5.572217170208219e-07,-4.804372214789519e-06,-4.461631082168527e-06,4.735869269025579e-07,-4.4643006971083364e-06,8.572044827874985e-06,3.318925725121929e-07,-9.089639360706637e-07,-2.9793642621675617e-08,1.425842147790731e-06,-1.820178909426496e-06,-9.35108852027148e-07,1.2216202091999086e-08,4.81855130135911e-07,3.350462419460353e-07,4.252899473731275e-07,1.3055973464648542e-06,-9.998329597281586e-07,-4.3927940161044754e-07,-1.9267279121240348e-08,2.5030644390354014e-06,-6.831965759416562e-07,-1.247345823599218e-06,8.146901342513352e-07,-8.915979256992392e-07,-4.6231045324007933e-07,-1.2179678768266918e-06,6.786131733716145e-08,-3.788439006112701e-07,1.8720637726001972e-07,-1.689736741673493e-06,-2.1137396921547868e-08,-3.5945240809684795e-07,1.621268748263374e-06,-1.9683212557435528e-07,4.2788843280100235e-07,-1.511953588434354e-08,-1.4498172551970149e-06,-1.8339870344702368e-06,3.4282772944370553e-06
3949.9999999999864,0.022845345125396776,0.3430772015420641,-0.2915290316666666,0.031412276823335215,0.35849808769274283,-0.2837572231333333,0.030568099685209696,0.36009044825672093,-0.2734860048666667,0.028739023125772745,0.3597899872775411,-0.2757832038333333,0.009583840104745538,0.3670450757186875,-0.3074335357,0.011728931146950443,0.36689032751470324,-0.3220303942,0.014783514929002158,0.3565785092486815,-0.3006933490333333,0.04959697633929136,0.3543159573637861,-0.1769801720666666,-0.06244025706167391,0.30729224773305985,-0.2255967516333333,0.04142502023290145,0.3335221693394817,-0.2410853048333333,0.010671732350367837,0.304260756355798,-0.2831369960666666,0.1188562847996281,0.23577500402092733,-0.0204599482599999,-0.11766014190009454,0.28399757391427644,-0.1108034324533333,0.25694543669183895,0.20626311247410223,-0.0213644063217333,-0.1514159261102597,0.22816666632459137,-0.309395804,0.3569081491306509,0.343663222552008,-0.0864236233856666,-0.07282172990037501,0.37917981796893135,-0.4444639284,0.3614588237544651,0.38730244629324656,-0.0893270100666666,-0.03331991975918386,0.4223124855553567,-0.5050510158333333,0.34666723839137653,0.406762771097169,-0.0952294904628333,-0.0026723975263271667,0.46102982326597114,-0.4846536525999999,0.3603289702507637,0.34435970727998294,-0.0915796271006666,-0.0586454606307624,0.39769317590870445,-0.470597059,0.0706989084242928,-0.16917766076493965,0.0649473345866666,-0.06946566739155258,-0.18720147814818436,-0.06287713668,0.08390567420682572,-0.49929646241891823,0.1056979051933333,-0.0213181829953544,-0.4487557589102629,-0.0641308139133333,0.07464739259727378,-0.7643462323625251,0.2854458717666667,-0.04755569454718489,-0.7571201051549955,0.1483856118666666,0.054526342094401145,-0.7914131714317334,0.3118474402333333,-0.048193550359266896,-0.782781453643594,0.1299383498733333,0.09255305943042905,-0.8274753137408367,0.2841909855666666,-0.03618178331390984,-0.8139329912736792,0.0561599462,onweer_g_ch1_g19_compr.mp4,ch1g19,3.594508367754155e-05,8.468770402401756e-05,4.539641712316484e-05,5.772627777897488e-05,7.003012150813234e-05,7.992623623921559e-05,4.3902029184268765e-05,2.4828124674248034e-05,2.2141546745695783e-05,1.543552305248634e-05,0.00014286997921935732,5.270635642092941e-05,5.067872957962371e-05,4.535119269879487e-05,4.7496162154893666e-05,5.575693091086846e-05,6.397747028302018e-05,0.00015781786233462676,4.989741628200322e-05,5.0993242601856326e-05,7.952934948536514e-05,4.1586905820409055e-05,4.974510744473396e-05,3.5687027776458094e-05,6.582234376217417e-05,3.0942167667342107e-06,4.354266371113003e-05,0.00013245925170235972,2.6928226208444358e-05,0.00016489189732860326,3.7751549331286543e-06,6.158112144959587e-05,9.666625612776486e-05,0.00017408523527303517,8.259741575839614e-05,0.00018867250028224968,0.00015454038198304464,0.00015276068377409647,0.00016837588075708176,0.0001782384835276216,0.00018830397707737454,0.00018213928106524538,0.00016619978152099526,0.00043018455123200526,0.0001933217011583292,0.0002785790993786536,6.489533919136511e-05,0.0003557350809671292,-0.0007709007499585066,-0.000860721959848472,-0.001501418813413001,-0.0011022781032085168,-0.0017024994540760655,-0.0012011250140113977,-0.001726755481909979,-0.0009157283557521312,-0.0015856538619398602,-0.0009866931611678216,1.2435442432957171e-06,-1.0511103116247637e-05,-0.00017422181959410744,-0.00022838321589283423,-0.0010199919157224764,-0.0008066088290478168,-0.0010745494982568771,-0.0008434252823508937,-0.0008795659169321115,-0.0008378280831899994,-1.0146343693794491e-05,7.06584815404537e-06,-9.965032243085813e-06,1.2540761694120158e-05,1.4837424786383848e-06,5.950214258538602e-06,-1.0155823918681684e-05,1.095843305792434e-06,-1.9064287830878765e-06,1.456573581428927e-06,1.1190081917891484e-06,1.096689673118058e-06,-8.946200288914642e-06,-1.0139200980404584e-05,7.659419357344925e-06,-8.87683267740704e-08,1.1699865374052064e-06,-1.2407553645118598e-06,1.4628200093417541e-06,-8.883970687792249e-06,3.6427720856077067e-06,-8.555540422138487e-06,-8.975312668467356e-06,-8.82157670955207e-06,1.7441058791782136e-06,3.0669708277856597e-07,-6.9649468725462894e-06,1.7536001833750632e-06,-4.988157762719224e-06,-3.099473488717434e-06,4.2020726622184133e-07,-5.945371038442923e-06,5.463421093084824e-06,9.499945559652025e-07,-1.153317365142574e-06,4.87024315155101e-07,8.503277620467605e-07,-1.8616686118148843e-06,-1.1289996557258778e-06,5.715229013519822e-07,3.295747352868879e-07,3.2293910607682583e-07,2.7593316385611854e-07,4.921391648179445e-07,-1.05950859120528e-06,-7.204564964793206e-08,5.177947955731127e-07,1.5206531631263523e-06,-7.8432185397951e-07,-1.4256440604838884e-06,6.507205463906562e-08,-9.863448955996154e-07,-1.0213425614597682e-07,-1.262457328193386e-06,4.910744396763338e-07,1.068370675816632e-10,7.519914999613506e-07,-1.7758557825237367e-06,-3.90171035924976e-08,-3.62062876380949e-08,8.053052952888817e-07,1.8026458428546679e-07,-2.188144639415361e-07,-5.1436534849748154e-08,-1.3101734508873951e-06,-1.973133336971581e-06,2.2392188166397125e-06
3966.666666666653,0.02326533172042498,0.3433636249033642,-0.2896664217666667,0.031864807786987345,0.3587418751369509,-0.2819121246,0.03104391198649193,0.3603329147363212,-0.2716842652333334,0.029216252501506765,0.36004978265296966,-0.2739706568666666,0.010133405420827421,0.36729565852864104,-0.3055938174666666,0.01229891464381873,0.36714929486116243,-0.3201686608666667,0.01536770404747787,0.35682940079727415,-0.2988558441333333,0.05002910385191433,0.35454072864021047,-0.1755394647333333,-0.06156034560018928,0.307720338281455,-0.2239888105666666,0.041836589493839144,0.3338110482891783,-0.2393749401,0.011214906836361059,0.30461826206520604,-0.2814010361333333,0.11930640023830273,0.2358504062517362,-0.0200656474533333,-0.11737977071366713,0.2843582537061494,-0.1092766718866666,0.2570145614466036,0.20539478355090052,-0.0248130597917333,-0.1509577570265234,0.22738067220241293,-0.3073224087333333,0.3558521150041207,0.3421356341882796,-0.0934605581923333,-0.07175745095722319,0.37815035300185657,-0.4427515733666666,0.3602078169897353,0.38553696270263954,-0.09723483118,-0.031974001822009754,0.42115956820911987,-0.5033322172666667,0.3453330960660422,0.4049507544966229,-0.1029216749361666,-0.0014120204590047337,0.46022019550253185,-0.4832303801333332,0.35911801449951736,0.34271824503831955,-0.0986753123806666,-0.05752682427269292,0.3968013675277639,-0.452548325,0.07078725770040241,-0.16917956625488584,0.0648041371599999,-0.06953973707255122,-0.18720757411672262,-0.0627377188066666,0.08428664316955316,-0.4995507452903849,0.10444087503,-0.021216618807944444,-0.4490111585689372,-0.06463928996,0.07514499877881471,-0.7654178499153662,0.2838643896666666,-0.04741713625328149,-0.7579772188134097,0.1466449481333332,0.05509645821082231,-0.7925261476423987,0.3101957021333333,-0.048007226427627135,-0.7836690025975525,0.12803037044,0.09323586073957736,-0.8283649089279423,0.2822826763,-0.03570265968624749,-0.8148191670395791,0.05375714289,onweer_g_ch1_g19_compr.mp4,ch1g19,2.6310005473111026e-05,9.055886731199398e-05,3.5929481374055316e-05,7.040954713506964e-05,6.998781847903801e-05,8.50609921229613e-05,3.422619398174654e-05,2.6235438638677232e-05,2.040287136022135e-05,1.7274948818715725e-05,0.0001456858143958686,5.2395046384727164e-05,4.207088702538761e-05,3.5703444170196446e-05,5.734977444270588e-05,5.490336486128305e-05,6.36842509519031e-05,0.00015818595254486425,5.0215225351630503e-05,4.2457845082913665e-05,8.28725521691975e-05,3.344317548755652e-05,4.11436285539083e-05,2.704757869348137e-05,6.613739112619509e-05,3.266359667011354e-06,3.645892646913687e-05,0.0001363222047979916,2.2011588008270746e-05,0.0001630508978687776,4.080174947770996e-06,5.468444051910126e-05,0.00010064027560965749,0.00018716611051740038,8.304049230402204e-05,0.00023661541675643914,0.00018716488281025375,0.00018603579605125855,0.00020052546676631867,0.00020392867604605386,0.00021255380630462684,0.00020592628971935855,0.00015436585009470316,0.0003924862971452232,0.00022423574194406035,0.000306404215298218,1.0726675774851375e-05,0.0002555745832343535,-0.0009379727440763933,-0.001021713302158229,-0.0014767933593602938,-0.0011644365146605677,-0.001645364838752348,-0.0012484733611334818,-0.0016480336900183711,-0.001000039259173276,-0.0015379776566995119,-0.0010596689844903078,-1.1849322861632394e-06,-7.644933651345608e-06,-0.0002566792244076738,-0.00027937392433043866,-0.0010275973560782416,-0.0008404774408192797,-0.0010741818912245623,-0.0008723528029916178,-0.0008981987198651424,-0.000871322379057149,-8.834086386010135e-06,5.246624129292611e-06,-8.929516708477632e-06,1.3185505762791478e-05,-6.583341727859364e-07,4.1232582800758326e-06,-9.008582001497835e-06,1.3158409911610336e-06,-1.7868492140829544e-06,1.6253252516242166e-06,1.5237375283892738e-06,-1.2366450404672095e-07,-8.51771058241062e-06,-9.050547937259567e-06,8.62351912038987e-06,-1.0289422705559675e-06,-5.51357403006137e-07,-1.0855106860424061e-06,2.9886878567233363e-07,-8.494075376816133e-06,1.623801989132888e-06,-7.580346782273186e-06,-8.456430684299896e-06,-7.70715010412967e-06,-3.322432133152587e-07,2.2745955113810053e-07,-6.761274987736587e-06,2.5353748864316133e-06,-4.701065334662527e-06,-3.1746588628627652e-06,3.1330398555951104e-07,-7.186848944155684e-06,2.6501600837893028e-06,1.4861588102546473e-06,-7.870257549192985e-07,9.382609609768641e-07,3.1628971737890903e-07,-1.5655526374274744e-06,-7.18082222375012e-07,1.0558084932949967e-06,1.412156517333772e-07,3.155475057101058e-07,1.4905239194351873e-07,-2.7618584899183123e-07,-7.811753226028248e-07,2.9791941415982e-07,9.846917455706447e-07,3.516051391860805e-07,-5.88411765612397e-07,-1.2864351717265504e-06,-5.414267787693166e-07,-7.753156875510088e-07,2.6317346414393743e-07,-6.88807168647099e-07,8.283232471450042e-07,3.713042473421616e-07,1.2197415136916836e-06,-1.533417786642106e-06,-4.386114184483454e-08,2.8405841151698743e-07,-2.5233753556833504e-08,5.95599225018128e-07,-6.602021722795907e-07,-7.077631500173107e-08,-9.754254404708887e-07,-1.3358897780727033e-06,9.185377730102077e-07
3983.3333333333194,0.023557274985581442,0.34367947719401404,-0.2878284961666667,0.03216616305917797,0.3589963922564638,-0.2801024764333333,0.031371974148557386,0.36058703830768263,-0.2699133034666667,0.02954187081187462,0.36031899465693645,-0.2721890000333333,0.010537559660048856,0.367546464896126,-0.3037510614,0.012721908947744762,0.36740831671781377,-0.3183078297,0.01579524690336016,0.35707959892019836,-0.2970201641333332,0.050337386803551605,0.3547579284309441,-0.1740926270666666,-0.06081565888424907,0.3080839945527735,-0.2222636216666666,0.04210140492066526,0.3341025277494917,-0.2376963029333333,0.011615825175072344,0.30497381358279835,-0.2796584272999999,0.11958891515880274,0.23587529471361712,-0.0194880632983333,-0.11713590291909196,0.2845533673791093,-0.1075516424466666,0.2568673638332129,0.20429385031956498,-0.0272368577717333,-0.15042382792274148,0.22630116625014232,-0.3052268882333333,0.35365800150863463,0.34054804811114264,-0.0993728048656666,-0.07064387226744313,0.37695225379527175,-0.4411258129666667,0.35754020021040295,0.3837268328636295,-0.1039662852016666,-0.030637617987991462,0.4198758689638279,-0.5016772516,0.3424938157440337,0.4031069918119226,-0.1095436204858333,-0.00028263331929555643,0.4591205588534268,-0.4817603696666665,0.3566812599317446,0.34103107447132747,-0.104670044789,-0.056426742197855054,0.3956874082756636,-0.430008143,0.07087294485823029,-0.16918163477518366,0.06461203971,-0.06961140403175019,-0.18721375736273846,-0.0625500849999999,0.08463404134588663,-0.49988740129437315,0.10339428453,-0.02114548395054293,-0.44931937806064914,-0.0649038046933333,0.07565157495404666,-0.7664432565171745,0.2826694009666667,-0.047367612568951105,-0.7588528142282017,0.1454708513666666,0.05567613430872566,-0.7935929712139306,0.3089423346666667,-0.04793434171016501,-0.7845752707287886,0.1267451343733333,0.09388116643417294,-0.8292354161721766,0.2809431930666666,-0.03551076960369843,-0.8157049883891854,0.05198412574,onweer_g_ch1_g19_compr.mp4,ch1g19,1.8406569649057935e-05,9.275595880824145e-05,2.7577803834107628e-05,8.213298590344269e-05,6.7270078994891e-05,8.664325816989085e-05,2.5834772536695073e-05,2.7718959541052786e-05,1.921418536768754e-05,1.881423262457824e-05,0.00014693838603152204,5.097778317739939e-05,3.3854844402114004e-05,2.725974641486712e-05,6.858734793777585e-05,5.2459021120823833e-05,6.120807427156869e-05,0.00015603918571828685,4.9313947078198255e-05,3.4270124508828305e-05,8.279691199074929e-05,2.6495293335557727e-05,3.3006060935108476e-05,2.0021730072756726e-05,6.389491494612251e-05,3.40615502897097e-06,2.9844456337962095e-05,0.000139203816051901,1.733821216136521e-05,0.00015822203457383332,4.298610808269461e-06,4.665512847801016e-05,9.994935576602024e-05,0.00019857346743308967,8.071199125534921e-05,0.0002414846183516126,0.0001834389500383766,0.00018205808589327616,0.0001956483523003518,0.0001985424557609769,0.0002056438046426225,0.00019902748314556168,0.00011506698032300098,0.0003444301946674573,0.00021489433532862634,0.00029870951111326356,-5.918718236956703e-05,0.00015056172370754724,-0.0011095076893558498,-0.0011779511177281861,-0.0014216045515856699,-0.0011919045331042566,-0.0015404594459680209,-0.001242707078135752,-0.0015202922390655231,-0.0010311034407935677,-0.0014557749532066288,-0.0010949615377704505,-2.5748786321879635e-06,-5.928275935284749e-06,-0.00031413894999270445,-0.00031108668615678896,-0.0009653473594513756,-0.0008273170107744238,-0.0010014865540529812,-0.0008512977027334192,-0.0008571673741490264,-0.0008535456875767608,-7.0922661158159035e-06,4.128450354223379e-06,-7.665569997362051e-06,1.3195528997479003e-05,-2.171774491885718e-06,3.064446883090329e-06,-7.6025577381185444e-06,1.2743407984610828e-06,-1.427587898638834e-06,1.7181936893974882e-06,-2.3098415223979116e-07,-8.390866716852774e-07,-7.90325256148013e-06,-7.723242821255863e-06,8.152598682361635e-06,-1.5378928604110162e-06,-1.8140054580644338e-06,-3.15110759146376e-06,-4.377049367863655e-07,-7.905971047822961e-06,5.896474156613184e-07,-6.5599313570926576e-06,-7.759114312240903e-06,-6.29569459676913e-06,-1.8379373118393988e-06,1.521913850270506e-07,-6.3554875066729835e-06,1.1982789120779418e-06,-3.917431418028561e-06,-5.43119770756202e-06,2.0292737384353606e-07,-7.995599483377636e-06,9.832444363560497e-07,1.8800539934639927e-06,6.476536092165563e-08,1.306057882462975e-06,-1.3712605352031973e-07,-1.0142027901191971e-06,1.7939354324725845e-07,1.43911365125664e-06,-5.1324590414641626e-08,2.983493800379098e-07,5.238772107843304e-08,-7.775678250251094e-07,-2.9960946435489456e-07,6.686245648695032e-07,1.3591002406657694e-06,-8.032775371320261e-07,-1.844599897758328e-07,-8.988676065918978e-07,-7.830787870664081e-07,-3.6398257759317255e-07,6.332218190418781e-07,3.868690154101138e-07,1.083883169117564e-06,7.320413097010795e-07,1.5539019029600163e-06,-1.0352687074749258e-06,-3.822328400776541e-08,5.938123796486066e-07,-6.447328387636261e-07,9.982971342183497e-07,-6.986784459213473e-07,-7.239761245122019e-08,-4.867217726679797e-07,-8.18530064524722e-08,1.0411211944679962e-06
3999.999999999986,0.02406282278187683,0.3439801030472304,-0.2860487938666666,0.032645861539263576,0.3592314593276445,-0.2783252994,0.031876333842763935,0.36082183620084607,-0.2681718842333334,0.030047655431658483,0.3605656589930131,-0.2704372204333333,0.011157906184440406,0.36778688714347785,-0.3019840231,0.01334402352979712,0.36765312584938215,-0.3165258614333333,0.01642565487104405,0.35731494540256303,-0.2952611684666666,0.05055550172236643,0.3548853334993474,-0.1725804457999999,-0.06018891431881641,0.30840221847983557,-0.2208948144333333,0.04237331441022383,0.3343611305036592,-0.2360147208,0.012042260789462057,0.3053004864467135,-0.2779768069333333,0.11952602911981977,0.2357565438456693,-0.0186663384003333,-0.11693982115426749,0.2845543998427372,-0.1060446641833333,0.2565636499361672,0.20310843983942564,-0.0283666215650666,-0.14976392147739148,0.22480681901334573,-0.3030965159333333,0.3512233195572848,0.3391740890489553,-0.1030522784396666,-0.06969440201914878,0.37561323190734075,-0.4390210120333333,0.35470064813779345,0.3822987898007298,-0.1081726852716666,-0.02962796062695298,0.4185349065187753,-0.4994353371333332,0.33958971351373995,0.4016980648759791,-0.113676931808,0.00027829389999308254,0.4578704008984264,-0.4796306942999999,0.3540646688940989,0.33964384141988235,-0.1084240279866666,-0.05563791654703549,0.39443419429121007,-0.431194872,0.07093251963028854,-0.1691866116557668,0.06443911211,-0.06965731532822313,-0.18721774394977297,-0.0623817691833333,0.08497361577467956,-0.5002729593149603,0.1023602102466666,-0.021064510546569524,-0.4496412548280196,-0.0651349990666666,0.07605512430792986,-0.7673876751513267,0.2814947196,-0.047332068193459594,-0.759657485737463,0.1445814909333332,0.05611405980779225,-0.7945560578595267,0.3077422274333333,-0.04789017186140369,-0.7854051271473363,0.1257776424399999,0.0943439418492399,-0.8300808262036472,0.2796735426333332,-0.035517910999114305,-0.8165361856955732,0.05063031551,onweer_g_ch1_g19_compr.mp4,ch1g19,1.2525450758864938e-05,9.290039381565075e-05,2.1114006630202675e-05,9.416422212684224e-05,6.302724066055034e-05,8.593464053066919e-05,1.951796173033656e-05,2.9049067566671163e-05,1.8139731789680472e-05,2.0054080633665904e-05,0.0001455709276121572,4.8078277100415946e-05,2.6727494235432785e-05,2.077825412507385e-05,7.794614225319741e-05,4.8743139647438006e-05,5.7578431851675476e-05,0.00015116631850807196,4.6946128206643e-05,2.7113062562154458e-05,7.981270729235972e-05,2.1529084344439355e-05,2.6048696575509017e-05,1.5349188360637697e-05,6.0081185396353085e-05,3.5803746693030446e-06,2.4481231970110185e-05,0.00013951891448181405,1.3605976022757828e-05,0.00015085101505140305,4.478731876085092e-06,3.8170052644703506e-05,9.621323261026373e-05,0.0002074572546097044,7.624754286024903e-05,0.00021412471895645714,0.00015329419214089296,0.00015131662436209626,0.00016381118097390842,0.00017191428771467338,0.00017875419683052238,0.0001729598797038747,5.361001772689158e-05,0.00029641124967953367,0.00017386345342081938,0.0002656664205080334,-0.00013512090891600411,4.45721949348098e-05,-0.0012354527072809748,-0.0013543326418138488,-0.0013389803006639207,-0.0012216483489837547,-0.0014106223601312907,-0.0012299595913085539,-0.0013709168742230078,-0.0010387862264704135,-0.0013506930672678669,-0.0011254522639663933,-2.434813098012039e-06,-6.081739975845817e-06,-0.00034690211988885937,-0.00032773600314679676,-0.0008682661131552468,-0.0007823546231274341,-0.0008949930318708289,-0.0007978707953310203,-0.0007844094472102579,-0.0008010866301334909,-5.018421384895289e-06,4.4209982987278665e-06,-6.47983544720231e-06,1.255186450515378e-05,-2.8095304238244577e-06,3.54855100397479e-06,-6.263122140556218e-06,9.877990713800419e-07,-8.665517101922151e-07,1.7069586752515938e-06,-2.5373516681369128e-06,-8.634400330264629e-07,-7.3759937133903015e-06,-6.474109899402679e-06,6.543476642945379e-06,-1.4619937154151e-06,-2.4386611930668434e-06,-5.532265536867719e-06,-5.627219058832367e-07,-7.411802733552107e-06,1.4099596242087002e-06,-5.711245653443873e-06,-7.188363830253556e-06,-4.706721086224299e-06,-2.5641546555142615e-06,1.2418178849148967e-07,-5.771274592040888e-06,-9.121589567560447e-07,-2.636711576239642e-06,-7.679768029220085e-06,1.393381938652708e-07,-8.240503890569084e-06,1.4118987148119577e-06,2.096162662495713e-06,1.1792395607462214e-06,1.5612849585994974e-06,-4.884053994544919e-07,-3.48834265931279e-07,1.345342535812283e-06,1.688991780894146e-06,-2.1573767343419883e-07,2.927769065040016e-07,-1.1365316992994445e-08,-8.562009036764899e-07,2.623538426294132e-07,1.0172496430324252e-06,1.6116935534263585e-06,-1.6611793765696877e-06,3.209216323858515e-07,-3.746295077528719e-07,-5.654831777749851e-07,1.3792993749632944e-07,9.861287272552857e-07,1.7415126348390309e-06,1.2508590831404657e-06,1.060778146622971e-06,1.7225006337822124e-06,-4.1049801770298603e-07,-2.4945184459626946e-08,8.653937887867522e-07,-8.650288329266302e-07,1.3277205506433984e-06,-2.813930954571992e-07,-5.7756916342531394e-08,8.724582533633293e-08,1.4871755855541177e-06,2.2664813210746093e-06
4016.666666666653,0.024511457098310426,0.34412942524323664,-0.2844722043333333,0.03309261025182371,0.3593394433321598,-0.2766830354666666,0.032348858344230805,0.3609281011191197,-0.2665611949,0.0305236922760576,0.36068233724453813,-0.2688112534,0.011731441363048925,0.3679260600676666,-0.3004118025333333,0.013921620280826679,0.3677964286852512,-0.3149364419666666,0.017010711077457184,0.3574535151987743,-0.2936846454666666,0.05071520712952628,0.35487597135241716,-0.1712027867666666,-0.059619977309016095,0.3086487023920358,-0.2196570405333333,0.042581378452834384,0.33446544800458766,-0.2344379311,0.012412841605362362,0.30550760170898844,-0.2764877880333333,0.11940945522944399,0.2355627706889541,-0.0179888383559999,-0.11682525299313593,0.28450407261471833,-0.1045795830199999,0.2562067490697925,0.2019078770122659,-0.0298313659117333,-0.14878251431925268,0.22327245480692445,-0.3012737105333334,0.3488476403296862,0.3380022072152847,-0.1072432055029999,-0.06883253054995327,0.37430057051373566,-0.4374211319666666,0.3520270744835258,0.38112009808050745,-0.1129640503383333,-0.028882550703399276,0.41726442066410063,-0.4977563328999999,0.3368677801721206,0.4006346526077219,-0.118316335047,0.0005221914482148637,0.45676319530763004,-0.4781382883666666,0.3515457566905733,0.3385264764384389,-0.1126588643529999,-0.05501254744496912,0.3931944876865326,-0.431733638,0.07099005051596781,-0.16919184205019025,0.0642751889066666,-0.06970087608347093,-0.18722014728241837,-0.0622192096866666,0.08530680251222197,-0.5006508853941377,0.1012859224533333,-0.02096822065329632,-0.4499708743294085,-0.0656449053799999,0.0764698955638666,-0.7681879237316139,0.2802040543999999,-0.047351943878638225,-0.7604395330873429,0.1428245657666666,0.0565621850499117,-0.7953792116968512,0.3064089102666666,-0.04793387860506473,-0.7862095584344401,0.1238786859066666,0.09482814579822112,-0.8308803932779042,0.2783638754333333,-0.035430055384683516,-0.8173670439068331,0.0484723325733333,onweer_g_ch1_g19_compr.mp4,ch1g19,8.629291173267934e-06,9.33133946361581e-05,1.5960376655964047e-05,0.00010661201065615281,5.91727162053113e-05,8.51292979675663e-05,1.4666055009339094e-05,3.0274357526842755e-05,1.6869124680403274e-05,2.1617756275827946e-05,0.0001421057408883011,4.5822366075582414e-05,2.014946341898387e-05,1.5642564338280324e-05,8.389136660983059e-05,4.617322103838269e-05,5.392871788599209e-05,0.0001442534864958211,4.506066350522956e-05,2.0468015997166802e-05,7.644126165903389e-05,1.73488179408121e-05,1.977430197934753e-05,1.2386122367303295e-05,5.6381507627784305e-05,3.796037196658536e-06,1.9755250621235868e-05,0.0001375840306290263,1.1683061169199668e-05,0.00014170123309361065,4.646311926767165e-06,2.963185377490489e-05,9.268832921682334e-05,0.00021457082120005243,7.217574244795425e-05,0.0001715115804990849,0.00011416089787923588,0.00011118087911351864,0.0001224949214693812,0.00013333653650651758,0.00014169834445835463,0.00013764656510124708,-6.095094981300998e-06,0.0002507587754225533,0.00012314382031569315,0.00022090004346486154,-0.00019472475948915133,-5.202875143103626e-05,-0.0012960803434940989,-0.0015527123307377238,-0.0012376983143681704,-0.00131404379838097,-0.0012655658797939267,-0.0012848694209755664,-0.0012142342300133686,-0.0011039812098219844,-0.0012355745703834832,-0.0012161627572995306,-4.5948565550657674e-07,-8.439551851595088e-06,-0.00036092545931773527,-0.0003427446377120909,-0.0007713245203832242,-0.0007508167322663521,-0.0007922440437661181,-0.0007625350684184504,-0.0007152640330965636,-0.0007597610243003307,-2.808802579420212e-06,6.3589727971328486e-06,-5.158505193757766e-06,1.1686924361562695e-05,-2.5723405271929834e-06,5.722276515521941e-06,-4.8004556310563765e-06,6.170921016651936e-07,-4.4570609273849795e-07,1.6389428650222827e-06,-4.4749634817497465e-06,-2.6592112492156977e-07,-6.606379074991894e-06,-5.09933801442129e-06,4.269918629820312e-06,-9.532345863673392e-07,-2.4368481080233054e-06,-7.2553191976779405e-06,-1.3023948790976744e-07,-6.672080271668022e-06,4.198775379907207e-06,-4.700961480868363e-06,-6.397850473536947e-06,-2.9081355083977457e-06,-2.4424094019974476e-06,1.2952324185111357e-07,-4.87081116778398e-06,-2.8995606715570054e-06,-1.018234718394728e-06,-9.024162145540196e-06,1.1254248727559727e-07,-7.9343402023264e-06,4.0667625242255265e-06,2.10858838331318e-06,2.20581936764065e-06,1.70825089294321e-06,-7.434191481871822e-07,2.459873952844127e-07,2.4303011202034455e-06,1.810161334593174e-06,-3.303972919708985e-07,2.8727349126203845e-07,-6.236200253758494e-08,-5.574440453684214e-07,7.132181199036498e-07,1.3362310412116298e-06,1.7482813823443865e-06,-2.07969140643183e-06,7.332502210125242e-07,1.4327399918105542e-07,1.4065430458565642e-08,5.549402523899687e-07,1.3128790784029493e-06,2.997190466888232e-06,1.3714204118815302e-06,1.3514180536484326e-06,1.739483417665434e-06,1.6977946643824823e-07,-6.9404028031051945e-09,1.1007790824132702e-06,-7.03466439727215e-07,1.5195034195649678e-06,4.5968488227057967e-07,-3.130533337277196e-08,6.626907055699306e-07,2.9213311080072282e-06,3.199733190495551e-06
4033.333333333319,0.024806838367874496,0.3441616602898166,-0.2832004677333333,0.03342082718910527,0.35932735804811866,-0.2753560891,0.032701390474538225,0.360910823331956,-0.2652645137333333,0.030877527565834638,0.3606755273294021,-0.2674910264333333,0.012150028913864828,0.3679456627273861,-0.299136279,0.014345764599166729,0.3678232236318107,-0.3136484938666666,0.01743748218678657,0.35747858597109317,-0.2924036343666666,0.05085134492221753,0.3547545668928736,-0.1700280224333333,-0.05919261125738491,0.3088123728882907,-0.2185276750999999,0.04269380806793731,0.33445061168519397,-0.2331442763666666,0.012636681412367455,0.3056057754510614,-0.2752514049333333,0.11927483240562102,0.2353088072752257,-0.0175562605491333,-0.11676530936115548,0.2843497890765352,-0.1031441668399999,0.2556867008849532,0.20054782396600518,-0.0317656747784,-0.1478045675149863,0.2214998179184139,-0.2996153186,0.3469389151592886,0.3367395152604617,-0.1122347528296666,-0.06823623821338316,0.37284017995376006,-0.4363432077999999,0.3500761984138336,0.379868083548954,-0.1186036224749999,-0.0283972778572868,0.4158831558927123,-0.4966586676666666,0.33493034622432893,0.3994868514732063,-0.1238803433336666,0.0005917126895933215,0.45554279908856915,-0.4772676929666666,0.3495758309523394,0.33731402141394373,-0.117741659473,-0.05461403597334743,0.3918238901052472,-0.430680305,0.07105349323921567,-0.16919133047189455,0.06408195872,-0.06974994379733343,-0.18722871943946073,-0.0620280407033333,0.08566248923910141,-0.5010324285261246,0.1002000400666666,-0.02081816616273885,-0.4503564422687355,-0.0660508742299999,0.07696946312902427,-0.7689573615906292,0.2788226591333332,-0.047371081944017256,-0.7612213112592056,0.1411986444666666,0.05710364251716326,-0.7961742859821922,0.3049783580666667,-0.047978219890809845,-0.787006312588412,0.12210656234,0.09533537536114257,-0.8316716017415833,0.2769547938,-0.03532901739356206,-0.8181764723236127,0.0464494911366666,onweer_g_ch1_g19_compr.mp4,ch1g19,6.9681979860998e-06,9.893130407904255e-05,1.21397781254613e-05,0.00011850861586389832,5.741955670931508e-05,8.938802194411739e-05,1.1320705176077005e-05,3.0405582061256755e-05,1.5998959621887173e-05,2.2917947049727466e-05,0.00013739215898146408,4.586293743947764e-05,1.4505390189969388e-05,1.1898377415688353e-05,8.609510568731394e-05,4.579828538875213e-05,5.144646058825734e-05,0.00013697774211277733,4.5099179381382317e-05,1.474664378638618e-05,7.810307619238048e-05,1.390134591019132e-05,1.4405728018811687e-05,1.0945520863205412e-05,5.448555249538561e-05,3.921995041193284e-06,1.5858800419704976e-05,0.00013417349714180203,1.1564661738296129e-05,0.0001329617444268314,4.702053615526803e-06,2.2012463378623736e-05,9.514161532874639e-05,0.00022191572616497442,7.072914117675629e-05,0.0001267850195123856,7.566019245711756e-05,7.171374007782155e-05,8.181955175698026e-05,9.385043930433276e-05,0.00010320546895410936,0.00010073915361369041,-5.4584469875387864e-05,0.00021227183183495163,7.576944138343466e-05,0.00017527111862964022,-0.00023280870167638067,-0.00012997238796572095,-0.0012934636795697138,-0.0017472161129413407,-0.0011528751520649767,-0.0014935112435370261,-0.001151027124208342,-0.0014468306533024812,-0.0010944922394262775,-0.0012641069367199406,-0.0011429041874581583,-0.0013938829588053048,1.9789180138543143e-06,-1.1598309114579092e-05,-0.0003720300929081133,-0.0003641178316997674,-0.0007194263757342623,-0.0007589877765897346,-0.0007383553635520893,-0.0007729961944049909,-0.0006858793813981814,-0.0007593236490177066,-7.962487671488015e-07,9.472557136170687e-06,-3.6458076731098476e-06,1.0707917637726133e-05,-1.781239105895799e-06,9.073721152636474e-06,-3.1866324269944944e-06,2.1567770694489103e-07,-1.7418184016196159e-07,1.497533264097538e-06,-5.081088928199369e-06,7.656405075497533e-07,-5.422492477546341e-06,-3.559649376952566e-06,1.7601214009201785e-06,-3.0264408695770316e-08,-1.9325933699749713e-06,-7.214058878980699e-06,7.00952153229995e-07,-5.504217733626134e-06,8.17457932657425e-06,-3.4331976565238636e-06,-5.208785270344526e-06,-1.0812460174605126e-06,-1.7552110874882842e-06,1.6350459662686116e-07,-3.6123040254765765e-06,-3.827749227505526e-06,7.287663581649756e-07,-8.394905033892026e-06,1.2448218101411936e-07,-6.989978301951549e-06,8.25608362113082e-06,1.9360336492332675e-06,2.75102500800104e-06,1.7849949977628531e-06,-8.877906213608351e-07,6.096227199681271e-07,3.0209994297943576e-06,1.8442328651026925e-06,-3.578757865939431e-07,2.602502445167194e-07,-1.0114919679548825e-07,3.912912998119917e-08,9.001886948982361e-07,1.6356586438183487e-06,1.8076301719696201e-06,-2.00664087294625e-06,9.243410839099151e-07,5.095252688291275e-07,8.132079787979975e-07,7.464642093849379e-07,1.6217949916672958e-06,3.6958682953713536e-06,1.499419003972918e-06,1.6224864948947947e-06,1.657998129815865e-06,5.471420756978511e-07,1.880233163434688e-08,1.3173671017371227e-06,-2.1429772078356717e-07,1.5522126929205114e-06,1.3406126318915277e-06,6.8015510314963745e-09,1.1689148929841013e-06,3.719089497621626e-06,3.5254562666603735e-06
4049.9999999999854,0.02476957980262588,0.3442094472056794,-0.2822606545,0.03342153584446996,0.3593229649611167,-0.2743451754666667,0.03272636209090253,0.3609008631736315,-0.2642806655666667,0.030899320083195635,0.3606750724394194,-0.2664801286666666,0.012216342623472208,0.3679663752855055,-0.2981029838,0.014420387574336554,0.3678537463952039,-0.3126103935333333,0.017511324948744418,0.35750770793402825,-0.2913628796333333,0.05090053914431716,0.35461865837742507,-0.1690370848,-0.05907606973582993,0.3089895531939843,-0.2172903095,0.04255316277972605,0.33444645624776576,-0.2321808909666666,0.012555094046694483,0.3057126894893939,-0.2742631996333334,0.11912936242516688,0.23501298174902535,-0.0174553882258,-0.11683474971478278,0.2841969827159645,-0.1016811472299999,0.25493254142956406,0.19903818892135963,-0.0345821593350666,-0.14682058768730424,0.21974855788632602,-0.2980249365333333,0.34521404817900353,0.3354759032639224,-0.118521403083,-0.06778162976855223,0.37139335977327925,-0.4355394888333332,0.34843765725531145,0.3786136871478218,-0.1256134575949999,-0.028055963144161845,0.4144839744186838,-0.4958648311333333,0.33340205505929327,0.39829518735629915,-0.1308653277799999,0.0005512511203210977,0.45430251922647025,-0.4767200504666666,0.34785064620078776,0.33607204710523936,-0.1241523850199999,-0.05433550675691401,0.3904666840517146,-0.426664382,0.07113679386251288,-0.1691871031364662,0.06381290832,-0.06981841302344724,-0.18724280378660987,-0.06175486976,0.08602141374276204,-0.5013728072303633,0.09902091267,-0.020686015117439765,-0.450735572031284,-0.0661967476566666,0.07755533099305514,-0.7696134861377174,0.2776362555,-0.047343711121717785,-0.7619466934493032,0.140175942,0.057746386298474124,-0.796848434537249,0.3037823769666666,-0.04795074152021587,-0.787736855438762,0.12098104534,0.095848571469056,-0.8323119494898124,0.2757710077999999,-0.0353828578592007,-0.8188630855616509,0.0452254104133333,onweer_g_ch1_g19_compr.mp4,ch1g19,7.203698857431083e-06,0.00011230565068479525,9.388426326217229e-06,0.00013009142775884507,5.6001343878629356e-05,0.00010237553727238585,9.165446168478334e-06,3.0244515234394436e-05,1.5816536631724977e-05,2.446403512782666e-05,0.0001308404955554891,4.77569415889267e-05,9.936603745424813e-06,9.311193450731172e-06,8.487931372695675e-05,4.654295806675348e-05,5.028253438762453e-05,0.0001287926550991704,4.6706061030299375e-05,1.0060708932472524e-05,8.983518523299668e-05,1.0894893574946658e-05,1.0037619001745266e-05,1.0434227507310668e-05,5.2985090516554994e-05,4.067127116789136e-06,1.265630314521479e-05,0.0001286876635019223,1.2809915969554527e-05,0.00012431944151674107,4.798745006108266e-06,1.576609501141509e-05,0.00010811306505579399,0.0002308708543502475,7.06319754361548e-05,8.56464542918349e-05,3.8378862404426684e-05,3.337312224329764e-05,4.2410322375190184e-05,5.4116127211829105e-05,6.524641952139929e-05,6.501156380237696e-05,-9.523224810220279e-05,0.00018403239303159955,3.5402381442146136e-05,0.00013648954102106334,-0.00025129973804812914,-0.00018738009169362251,-0.0012426048741038503,-0.001958328668980644,-0.0011136631112933142,-0.0017812963951109484,-0.001104811296852445,-0.0017406984624249182,-0.0010486827785531228,-0.0015320428837869216,-0.0011027091509008605,-0.0016756057885461257,4.970094752407391e-06,-1.5638806445446282e-05,-0.00036746599407880737,-0.00038613448314788205,-0.0006778677629585342,-0.0007806649971734658,-0.0006961571992720584,-0.0007993487572251289,-0.0006674532095130066,-0.0007794020628930546,9.64314643927276e-07,1.3386759424419282e-05,-1.712138061497764e-06,9.941644761919555e-06,-6.899821067381254e-07,1.3213991086005026e-05,-1.208431816364068e-06,-1.359584970795329e-07,-3.6306291847235485e-08,1.3515308534909188e-06,-4.412771302548154e-06,2.032557417072614e-06,-3.566906321504861e-06,-1.6253437516888514e-06,-6.658890816514299e-07,1.209559089647151e-06,-1.0160216797668516e-06,-5.551852115567053e-06,1.7597934121462825e-06,-3.652571964543272e-06,1.2959795498277593e-05,-1.7862556668898734e-06,-3.365994545435603e-06,5.1479140585263e-07,-7.271201542777758e-07,2.0405297712936377e-07,-2.1043161845924544e-06,-3.616691466372162e-06,2.3748759151183626e-06,-6.052926041292239e-06,1.5770312521285006e-07,-5.399591285538779e-06,1.3391317158782113e-05,1.6220222059996548e-06,2.593350373606048e-06,1.813523146346663e-06,-9.405741206988829e-07,7.337126048569236e-07,2.8531457569286757e-06,1.820012489298193e-06,-3.22457234076914e-07,1.9954119079160094e-07,-1.5042967640541373e-07,8.179674821430915e-07,7.856148917662976e-07,1.895568995081183e-06,1.8140961099660333e-06,-1.5018436666241262e-06,8.757256642445478e-07,6.535058849128239e-07,1.689160087655677e-06,6.720374939432409e-07,1.8923494359962477e-06,3.526308475920123e-06,1.6499842006207385e-06,1.8595777244754252e-06,1.5308900593997389e-06,6.983170414813412e-07,4.4121177916364356e-08,1.5170032309340443e-06,4.990600058039456e-07,1.4458832048086275e-06,2.205278386399312e-06,4.432839106436129e-08,1.552066653901612e-06,3.5668740624586533e-06,3.1803680801415328e-06
4066.666666666652,0.024600934686803192,0.344218454593305,-0.2816148044,0.03329709401242251,0.35928544316909466,-0.2736159354666667,0.0326244945815716,0.36085641732950585,-0.2635744131,0.030792083725840063,0.3606389681696501,-0.2657481855999999,0.012150749494584539,0.36794524531137396,-0.2973090181333333,0.014363350278875399,0.3678463026811747,-0.3118149516999999,0.017447858426238104,0.35750309946459446,-0.2905540515666666,0.05090555712907229,0.35446481612311465,-0.1681995094,-0.05910083210966248,0.3091352770598743,-0.2160931552,0.04230426271398041,0.3344138020701178,-0.2314922656,0.012334925730372755,0.305786884635304,-0.2735144103333333,0.11893432084172169,0.2347192058574993,-0.0174557420957999,-0.11708312564802383,0.2840169486430722,-0.1002250819999999,0.25412067326007015,0.19759359556940786,-0.0376029156550666,-0.1459460315391951,0.21779033780451856,-0.2966296186,0.3437184018159771,0.3342909860338485,-0.1246363015933333,-0.0673751900910545,0.36970255508867195,-0.4355439512333332,0.34707511589167145,0.37748148407476023,-0.1324106712166666,-0.02771249807684858,0.41284992350507815,-0.4960180707333332,0.3321726621431217,0.3971834352095855,-0.13762227352,0.000541436107174014,0.4529228883602157,-0.4771032815,0.3463780064831837,0.33487870480617277,-0.1303707620833333,-0.054073416433796026,0.38889841001808145,-0.412521333,0.07122705709522774,-0.16917816363932686,0.06352452583,-0.06989418049541057,-0.18726412490857636,-0.06145667927,0.08637201074124115,-0.5016974403211754,0.0978813990333333,-0.020552199333160912,-0.4511257089080072,-0.0662558159833333,0.07814837975595525,-0.7702576946196094,0.2767611192333333,-0.04727705490402143,-0.7626724709026084,0.1393343507333333,0.05840225740318253,-0.7975131988211549,0.3029435667666666,-0.04787325218933725,-0.7884670439014028,0.1200598245066666,0.09636045590510593,-0.8328958058420023,0.2749609071666666,-0.03543292791459331,-0.8195610033331342,0.0442515234166666,onweer_g_ch1_g19_compr.mp4,ch1g19,9.384932904550804e-06,0.00013021279004240245,7.45388953641398e-06,0.0001391816063586361,5.617118714157799e-05,0.00012075837480328931,7.763750632113424e-06,2.968514786210357e-05,1.646032569048282e-05,2.5847234284302904e-05,0.00012374312847012082,5.104222786422116e-05,6.0773980599043765e-06,7.516749935199924e-06,8.144990128009502e-05,4.867264798948453e-05,5.01771853272247e-05,0.00012133321786939645,4.953472474644725e-05,6.120945298153694e-06,0.00010951896795171659,8.010338159978272e-06,6.339063527961066e-06,1.0619420034144313e-05,5.3082002517714096e-05,4.266577293996337e-06,1.0017794912415359e-05,0.00012256950390794827,1.6088000771583002e-05,0.00011658151596641685,4.976038882333758e-06,1.1316584123264457e-05,0.00012778178331992028,0.00024079921084998364,7.26043245750341e-05,3.822760440573739e-05,-6.6649545099454884e-06,-1.2984398995931278e-05,-5.0418920485252705e-06,9.302396635710624e-06,2.1179623860163123e-05,2.3069035570982102e-05,-0.00013051283159644578,0.00016218473996359908,-5.760531921073055e-06,9.825733524832997e-05,-0.00025103139454469664,-0.00022010234310456604,-0.001168792598574395,-0.002142074572264975,-0.0011196694928295482,-0.0021273976445666393,-0.0011199998714697065,-0.002113066452177745,-0.0010618855911715378,-0.0018774549789802204,-0.0011074005863529843,-0.0020176279282941635,7.385691367658299e-06,-1.9094037728150452e-05,-0.00035605459314848054,-0.0004047646227823075,-0.0006779460576896058,-0.0008226848402198189,-0.000696957871483058,-0.0008473712574917457,-0.0006794578159347151,-0.0008127361396615151,2.3559463012451245e-06,1.6902515367201834e-05,1.302593939090015e-07,9.19229145441665e-06,2.1572440227856686e-07,1.700575474112653e-05,5.847713919085498e-07,-3.3353533095900076e-07,3.003156705428347e-08,1.2341327343778334e-06,-2.453625374693257e-06,3.1782385551646955e-06,-1.4434247078523203e-06,2.0626358796062683e-07,-2.226665816594167e-06,2.429849093106991e-06,-9.361527506840686e-08,-2.4000261383850803e-06,2.7629784792940323e-06,-1.5315176849158042e-06,1.7552252393303574e-05,-1.3947530506852723e-07,-1.30494624193066e-06,1.7688619995062907e-06,1.7725624893343484e-07,2.4918037827320355e-07,-6.149809636079878e-07,-2.113473115671048e-06,3.628683969828607e-06,-2.3086937389862652e-06,2.1324417576715287e-07,-3.517141153487319e-06,1.8080119351482222e-05,1.197370166323399e-06,1.8230117850911363e-06,1.7837836401037962e-06,-8.73433278161865e-07,5.756226034630454e-07,2.027350054297663e-06,1.7398742587924623e-06,-2.3339825210498928e-07,9.943627236154159e-08,-2.079076814460709e-07,1.5871029237858258e-06,4.0007221220701076e-07,2.0770669016787323e-06,1.7641807468404865e-06,-7.296016470964971e-07,5.846655227279992e-07,5.611481922343416e-07,2.4277003590125308e-06,3.528835476431404e-07,2.0825623542866976e-06,2.568697141706702e-06,1.7963286940729865e-06,2.0252461867342418e-06,1.3708284085057805e-06,5.767183785497919e-07,6.265134820270743e-08,1.6670134998793149e-06,1.2430892682986975e-06,1.1867859199888822e-06,2.87763392513661e-06,7.265147345636382e-08,1.7492752794642888e-06,2.5888511215629584e-06,2.4827096391618306e-06
4083.3333333333185,0.024441238009277687,0.344234222845469,-0.2809694807999999,0.0331688423695792,0.3592546426809891,-0.2728888025000001,0.03251662602318328,0.3608181413130848,-0.2628689941,0.030678883373208787,0.360608792962327,-0.2650170322999999,0.012079666923519321,0.3679355884320942,-0.2965113689,0.014299915807904713,0.3678507209794977,-0.3110155570333333,0.01737806921595675,0.35751100658671714,-0.2897422373,0.050886558237617924,0.35431671041623014,-0.1673666238999999,-0.059132982815512,0.3093253769099479,-0.2149076839,0.042059554310501124,0.3343898114971482,-0.2308135862333333,0.012119926101336326,0.30587425658397316,-0.2727663640666666,0.11873559271712043,0.23445897857383655,-0.0174416113224666,-0.11737475480412958,0.28382914373782947,-0.0987714960733333,0.2533714598256923,0.19649747887236615,-0.0401025903517333,-0.14509898254317571,0.21571568443833153,-0.2952625324333333,0.34220973026112966,0.33342224821274546,-0.1294317333133333,-0.06697241518207879,0.3675651314783568,-0.4355447042666665,0.3457263059512715,0.3766572500380867,-0.1377413234633333,-0.02734849595022367,0.4106876290693732,-0.4961562521666666,0.3309938690345137,0.39639769411531495,-0.14292076833,0.0005784940537634566,0.45105027088969923,-0.4774450724,0.34489208514432335,0.3340094541547833,-0.1352462629633333,-0.05380274940788019,0.38688411509871906,-0.41585502,0.07131845800738923,-0.1691687158939586,0.0632345742933333,-0.06997158622589118,-0.1872867925692062,-0.06115554568,0.08671818711463813,-0.5020076387300919,0.0969522408533333,-0.020414102223495316,-0.4514685495463491,-0.0661249870166666,0.07874546237311521,-0.770821794242895,0.2764032797666666,-0.04720290514706458,-0.7633666999033629,0.1388905852,0.059063987404543425,-0.7980930922509368,0.3026521407666667,-0.047781228234541326,-0.7891718174657664,0.1195619407066666,0.09686765417683321,-0.8333961850230449,0.2747117617333333,-0.03550274896202831,-0.8202266467260897,0.0436991461866666,onweer_g_ch1_g19_compr.mp4,ch1g19,1.163664596603557e-05,0.00015057798147933866,7.1106949520049245e-06,0.00014691117942850727,5.7951275805947e-05,0.00014148212461015446,7.855553793455292e-06,2.867502786409055e-05,1.704408688470289e-05,2.727253826698069e-05,0.00011883490832702104,5.593029123273375e-05,4.350390113174643e-06,7.237080193668738e-06,7.676127371547976e-05,5.268510459920857e-05,5.1548151530871355e-05,0.00011695670406692302,5.386461458421112e-05,4.332008060445925e-06,0.0001313878127067441,7.321836461343297e-06,4.679411954096802e-06,1.2245436222150547e-05,5.4811293628114296e-05,4.458638616027348e-06,9.43598705530388e-06,0.00011820451291543236,2.0689952107351105e-05,0.00011245165362787138,5.155631071542475e-06,8.611149136108813e-06,0.00015032492785458079,0.00025322168778259204,7.684838718862596e-05,-1.4682293381445354e-05,-5.468987087013475e-05,-6.20122523296964e-05,-5.503285876588509e-05,-4.18696640511958e-05,-3.0538845564221544e-05,-2.752523092558258e-05,-0.00015311340051606128,0.00013689069810451243,-4.481365413320114e-05,5.4352458123203236e-05,-0.000233306743403283,-0.00023638627497450632,-0.00109165252738231,-0.0023122793293353138,-0.001197034645255366,-0.002504038287800104,-0.0012255584379535782,-0.0025227305701073476,-0.0011657599058298874,-0.002251812840733278,-0.0011880018800188082,-0.002385796120477158,8.22721915653895e-06,-2.0856281652387527e-05,-0.0003486212670978726,-0.00043053935391133564,-0.000723489030491232,-0.0008904416678726028,-0.0007442434659942604,-0.0009228643645007792,-0.0007232646548156577,-0.0008738401673931696,3.3232029744371916e-06,1.900045246664015e-05,1.8481271289450593e-06,8.578567651416335e-06,8.187355349859545e-07,1.9327313877423645e-05,2.213246276253076e-06,-4.3865454969604664e-07,2.581640090249023e-08,1.1658285040383104e-06,5.013045317999115e-07,3.751084777296097e-06,7.282408176898743e-07,1.8970777284958746e-06,-2.3859676291703594e-06,3.2475551162670685e-06,6.622364428234352e-07,1.6631550853311006e-06,3.322503478624723e-06,6.435350611339773e-07,2.0480263904554555e-05,1.570765414442015e-06,8.018087794518358e-07,2.823929715358488e-06,8.260541003775586e-07,3.042309552246186e-07,9.02032151010437e-07,4.143675509421531e-07,4.577064012886038e-06,2.295416695755109e-06,2.893955649738104e-07,-1.7034503422970838e-06,2.0951357191852945e-05,7.430174474683113e-07,6.383457440925349e-07,1.6490355815565358e-06,-7.438568556923467e-07,1.824879662207627e-07,7.734572859046629e-07,1.5649900393861446e-06,-1.074032600882477e-07,-1.8950552322309425e-08,-2.7814685818853315e-07,2.108298014418442e-06,-1.8840734985999477e-07,2.089442215305361e-06,1.6159006746638809e-06,1.1397606483432001e-07,7.456097224770984e-08,2.596805089585209e-07,2.8100872292716474e-06,-1.5719314623067473e-07,2.1012755465942954e-06,1.1307570500726033e-06,1.827963647698647e-06,2.0322060718727212e-06,1.1558381450506282e-06,2.227899730122935e-07,7.264218771109611e-08,1.6870973067456142e-06,1.7889939992901703e-06,8.231707488294661e-07,3.1532920482779495e-06,8.922238163242841e-08,1.7430033265034555e-06,1.0726576134338962e-06,2.043109978345001e-06
4099.999999999985,0.024354544836841574,0.3442433856457398,-0.2798348109999999,0.03310193996133088,0.3592213683677264,-0.2717355281333334,0.032472544531241404,0.3607776890622827,-0.2617420103333334,0.030631162795706664,0.36057597185257534,-0.2638681269333333,0.012088717324745878,0.3679221747515365,-0.2953577597666667,0.01431327750511917,0.3678501076183536,-0.3098422714,0.017392825436524987,0.3575133373190471,-0.2885768204666667,0.05083112316449204,0.3541821716873129,-0.1662860513,-0.05913065143717772,0.3095115308738351,-0.2136632774666666,0.04185609637054718,0.33436496734087695,-0.2297031422333333,0.011974297195802598,0.3059553058934606,-0.2716483438666666,0.1185400497656788,0.23428110995905763,-0.0172049101938,-0.1176864201289076,0.2836267138080751,-0.0971846674533333,0.25272889974115614,0.19570704221240845,-0.0419519248323333,-0.1443178368839143,0.21342830146017372,-0.2932826081666666,0.34089372185026035,0.33237682419354225,-0.13358435093,-0.0665668103394638,0.36491600383014244,-0.4344284512999999,0.3445296225804679,0.3755460355328011,-0.1423392684766666,-0.02699375276990106,0.40799794749612844,-0.4951034533333333,0.3298291566202717,0.3953389859022715,-0.14750334454,0.000591276899616097,0.4486638571560553,-0.4766284380999999,0.34356194833195086,0.33295512290721674,-0.1394812941833333,-0.05351832775687684,0.38437104763405977,-0.427647412,0.07141022834544133,-0.16915948585492283,0.0629497284133333,-0.07004940970396145,-0.18730942897665903,-0.0608586626433333,0.08705584898459637,-0.5023298690562279,0.0957158808266666,-0.020266744886952334,-0.45183398281562864,-0.0661208190366666,0.07931758391578761,-0.771479699218056,0.2756487256666666,-0.047169262482679455,-0.7642116498996834,0.1381094544,0.05969627534780196,-0.7987714439791431,0.3019387543999999,-0.04774628539202538,-0.7900564922147773,0.1186847734399999,0.0973117366178181,-0.8340499140658602,0.2740443357333333,-0.03560104124590388,-0.8210329300162643,0.04270566292,onweer_g_ch1_g19_compr.mp4,ch1g19,1.5320438464503253e-05,0.00017131480075434672,9.49993248033801e-06,0.00015398151139904643,6.007545687480203e-05,0.00016282314597453388,1.0537008054151751e-05,2.8245264870754488e-05,1.7739231670062167e-05,2.828337810397299e-05,0.00011848347539013146,6.069304302598085e-05,5.75941846490008e-06,9.607154929382327e-06,7.41080317719253e-05,5.7305835592566285e-05,5.3546842577414874e-05,0.00011791434213600896,5.813522136953549e-05,5.700161692572923e-06,0.00015457612770907017,9.684875857370311e-06,6.0880292867052885e-06,1.5994175751511126e-05,5.697255518407884e-05,4.8230796533467975e-06,1.147715216206853e-05,0.00011766125894410268,2.6380691507553054e-05,0.00011408020418347412,5.535471128411839e-06,7.82765272173442e-06,0.0001741253958020012,0.00026906363381114153,8.139764129191831e-05,-6.504211528956413e-05,-0.00010175584335128754,-0.00010983802018738475,-0.00010391816404403047,-9.584367088523536e-05,-8.599657391418643e-05,-8.297219034091289e-05,-0.00016849093209115763,0.00010278008418588492,-8.036817242850946e-05,1.0280157568466887e-05,-0.00021168634243528804,-0.0002520511767593465,-0.0010653839134666635,-0.0024718160207692127,-0.0013617716141981037,-0.0028624371394941283,-0.001435949168537239,-0.0029201807870218636,-0.0013780869872472212,-0.0026183149732155716,-0.001362037384575534,-0.0027382813308535806,7.811370427264072e-06,-2.125204741997433e-05,-0.000355420605353991,-0.00045165166030977215,-0.0007829898658050946,-0.0009552453585879297,-0.0008038996662959675,-0.0009944172129908893,-0.0007775686341457913,-0.0009362093570060611,3.884837328229112e-06,1.8996156643610815e-05,3.4973682287133645e-06,7.982074193420566e-06,7.371027173513831e-07,1.945906399930904e-05,3.746014065875218e-06,-5.077876589663755e-07,2.6164191141172377e-08,9.763246461191317e-07,3.699543834877466e-06,3.3059439218981844e-06,2.922202611836409e-06,3.5023675575670776e-06,-1.2194880716317504e-06,3.232278588701255e-06,8.255151958945451e-07,5.6335315070446865e-06,3.0001457074406682e-06,2.84979899741952e-06,2.083218848404222e-05,3.4403629921795622e-06,2.938479485295567e-06,3.800151470481233e-06,8.213274179476254e-07,3.6624042817882686e-07,2.5262011957447082e-06,3.334279076275711e-06,5.164164647051455e-06,6.5322453259548415e-06,3.7773428692443547e-07,-7.75754824192075e-08,2.1161082070561626e-05,2.644815644150549e-07,-6.888542683653375e-07,1.362774010666657e-06,-6.130162998235412e-07,-3.2349857928201405e-07,-6.412800445617702e-07,1.2548722443116664e-06,5.9209512898900975e-09,-1.2865774193827332e-07,-3.368194739477334e-07,2.2140542704160702e-06,-8.079893346720444e-07,1.874765595369376e-06,1.324689453311661e-06,7.882361714324642e-07,-5.237896480600502e-07,-1.5712639650182529e-07,2.69726804212707e-06,-7.062388888095009e-07,1.889767268629246e-06,-5.296647853032796e-07,1.6734526576621678e-06,1.822463968003144e-06,8.655571539446662e-07,-2.5181879175075584e-07,6.782713970061147e-08,1.5333491342503136e-06,1.972741791414533e-06,4.046408935180875e-07,2.9044087010729725e-06,8.627667497379178e-08,1.5413215909817638e-06,-6.581342755953421e-07,2.315887653674595e-06
4116.666666666652,0.024185663271984223,0.3442238231183275,-0.2784618499999999,0.03292781972118868,0.35916567773126834,-0.2703697065666667,0.032320274097042814,0.36071583254274847,-0.2604083549,0.030478689719082817,0.3605189948956378,-0.2625158062999999,0.01200466175100951,0.36786141100842784,-0.2939987967333334,0.014231994393500114,0.36780210260455376,-0.3084519265,0.017316416127773376,0.35746833839799075,-0.2872065971,0.05060115298778662,0.3540570070535485,-0.1650815338333333,-0.059198093722143505,0.3096421100532877,-0.2122983052666666,0.04157407956801285,0.3343295207092773,-0.2283864935,0.011778855504117275,0.30600670989071715,-0.2703204974,0.118336316879403,0.2341307075637021,-0.0168770265404666,-0.11812484608984952,0.28335287949989085,-0.0953141984566666,0.252181060762572,0.19480666235387345,-0.0436069321399999,-0.14396781362021369,0.2106676085421337,-0.2908961842333333,0.3394701681461648,0.33076071385043754,-0.13775403805,-0.06619246428789824,0.36169402096980136,-0.4329174308333333,0.3430795150380826,0.373744057440048,-0.1471194740766666,-0.02655106634151007,0.4047308815626568,-0.4936270542333333,0.3283182761020603,0.393561695209684,-0.15219622511,0.0006821414480661356,0.4457767166567144,-0.4753756617333333,0.34206178191062037,0.3312910484258102,-0.1437241318466666,-0.05327547197388843,0.381304020813889,-0.416970104,0.07151283272566424,-0.16915060189129222,0.06263777844,-0.07013739075471948,-0.18733220230988407,-0.0605329992566666,0.08733148457879131,-0.5027141935800562,0.0940165859199999,-0.02016590820337097,-0.4523626741673975,-0.0661867487266666,0.07980079585645018,-0.7723154762095233,0.2745223726999999,-0.04731643006258366,-0.7653065032579941,0.1373130459333333,0.06024014277438884,-0.7996323682630049,0.3008574724999999,-0.04791063312096319,-0.7912099308808269,0.1177869995733333,0.09768551637794762,-0.8349507206302929,0.2727697778,-0.03593662016336919,-0.8221486015515511,0.0416502432266666,onweer_g_ch1_g19_compr.mp4,ch1g19,1.9686605692292614e-05,0.00019130295316791023,1.3744505428493782e-05,0.00016194184426808128,6.111022489054141e-05,0.00018341101001640662,1.4943837974627243e-05,2.8059493293697526e-05,1.7750968881205877e-05,2.9128965593606764e-05,0.00012675416898023814,6.376814742481012e-05,9.606120345252878e-06,1.3798351055800604e-05,7.482809915854784e-05,6.036504241323674e-05,5.440406975368239e-05,0.00012819359894279328,6.0959467647548585e-05,9.454952545762602e-06,0.00017676016048583174,1.417639295031973e-05,9.897582189465625e-06,2.060518182228255e-05,5.812110654164852e-05,5.359234274171971e-06,1.5163007359852818e-05,0.00012465452830782924,3.213045879473967e-05,0.00012569190819431835,6.092932670873566e-06,8.807841450833596e-06,0.00019685751428882676,0.0002897584798880613,8.422659747074068e-05,-0.00011212786812478161,-0.00014632722279035108,-0.0001549945064450912,-0.00015045368220752272,-0.00014755114273723593,-0.00013937622730663342,-0.00013653003763798281,-0.00018144984779669925,6.907687055263217e-05,-0.00011276682434771627,-3.000420058376234e-05,-0.00019156164937982303,-0.000272531240737524,-0.001105218953404818,-0.0026460490461088734,-0.0015808621247609034,-0.0031941428022132633,-0.0017013813326391025,-0.0032849984930237914,-0.00164977803027651,-0.00296227216278863,-0.001595477709753336,-0.003067844833811124,7.1579982898191604e-06,-2.1344676564085257e-05,-0.00037377656988395424,-0.00046966327379464846,-0.0008291501120309315,-0.0009951413923072216,-0.00084880295727063,-0.001037664734556854,-0.0008124965071559614,-0.0009686657711103146,3.954960962343547e-06,1.6855818437957916e-05,4.846171685908204e-06,7.205119056934642e-06,-4.225351977431279e-08,1.7351657334762397e-05,4.968158642473818e-06,-4.610718044410781e-07,-4.1978736630162936e-08,5.355492997469146e-07,5.864311361437184e-06,1.7662920241864305e-06,4.855754670168485e-06,4.807345641700319e-06,5.302874451136458e-07,2.041667089535933e-06,2.2971264986140308e-07,8.007674806468795e-06,1.6599694182498557e-06,4.806420143326078e-06,1.8720847699749046e-05,5.214480598960628e-06,4.815683246707736e-06,4.61105296839391e-06,1.3818919611868495e-07,4.213669415794141e-07,4.093401487910399e-06,5.443759774685037e-06,5.279375243232416e-06,8.859979900411116e-06,4.553746905678436e-07,1.3260800889446667e-06,1.8711364576002004e-05,-1.7853509910430736e-07,-1.8837830420645155e-06,9.522460163648932e-07,-5.507996656030328e-07,-8.043259460454551e-07,-1.925606115833647e-06,8.376630629800865e-07,9.393957558488346e-08,-1.8327061613627236e-07,-3.860643406619182e-07,1.802720084710184e-06,-1.317227117334929e-06,1.4539669142514297e-06,9.16489140206153e-07,1.1756816946108288e-06,-1.0622889082014051e-06,-5.634094651856972e-07,2.0213040484820023e-06,-1.1680436488491533e-06,1.470964766574632e-06,-2.070080893452132e-06,1.337862374219193e-06,1.4149612789211053e-06,5.359789524785205e-07,-7.179468767005395e-07,5.1139129455570586e-08,1.226296177417507e-06,1.6875038857945615e-06,4.157535244285431e-09,2.071157942005091e-06,6.713448039274226e-08,1.1864604407550353e-06,-2.22437210092621e-06,2.842871019376888e-06
4133.333333333319,0.023940685836267496,0.3442033745930577,-0.2770020756,0.032645554489954515,0.3591152312496987,-0.2689237396,0.032061169391759736,0.36065927637476625,-0.2589929696,0.03021619805574296,0.3604644645230536,-0.2610860985,0.011821784318449116,0.3677785948769775,-0.2925450384666667,0.014052687392813958,0.36773043244963405,-0.3069620418333333,0.017142444860241603,0.3573998832296182,-0.2857428743,0.05024985469439087,0.3539674048748228,-0.1638358921333333,-0.05933467587437449,0.309729308238214,-0.2108551799666666,0.041230389179519066,0.3343154425874951,-0.2270023678666667,0.011531563543348411,0.3060438653753918,-0.2689137314,0.11813899735876415,0.2340210777344148,-0.0165121973761333,-0.11863813592556573,0.28305997677188754,-0.0934316366699999,0.2517706023604656,0.19388583479901242,-0.0450889900199999,-0.14386337686573442,0.20779281773127897,-0.2885430117333334,0.33804794849827025,0.32908288836557004,-0.1415779996033333,-0.06584418398401677,0.35808321227860523,-0.4314854431666666,0.34154641245533646,0.3718693815309036,-0.1515705182433333,-0.026046874679901424,0.4009764803340726,-0.4922379044,0.32667703107222174,0.39174223998310775,-0.1565493043066666,0.0008876419772450366,0.4423734542784994,-0.4742046847666666,0.3405356468280594,0.3295787522904646,-0.1476046880266666,-0.053040279469238914,0.37781961548413673,-0.398211509,0.07161546649622773,-0.16914155191597116,0.0623226263333333,-0.07022634414496373,-0.18735568151693888,-0.0602035729533333,0.08757080782978151,-0.5031319431991415,0.0923900218366666,-0.02007702810032202,-0.45290381994039697,-0.0661451235733333,0.08024078779488016,-0.7732723305422132,0.2734994536999999,-0.047497815645228765,-0.7664523091251061,0.1368387032333333,0.06074692169209083,-0.800613950871358,0.2998843978666666,-0.04810436986132562,-0.792415475516497,0.1172548287066666,0.09802535329604005,-0.8358922820385506,0.2716217992999999,-0.03625359290572952,-0.8233044782838436,0.0409630281833333,onweer_g_ch1_g19_compr.mp4,ch1g19,2.3657237314260742e-05,0.00020900880437208782,1.9909311468630224e-05,0.0001695365015909889,6.034131792631372e-05,0.0002016550125947036,2.1132369850822298e-05,2.801338772789956e-05,1.6533772030486648e-05,2.932132105149381e-05,0.0001399560083399961,6.4628363759272e-05,1.613211375942997e-05,1.9893027922366392e-05,7.69191936749521e-05,6.128776834311892e-05,5.3676503332841205e-05,0.0001446124227375495,6.177391785573e-05,1.5890356424153736e-05,0.00019651470047307528,2.116614681012571e-05,1.6378499134354424e-05,2.590342571742893e-05,5.760090455292927e-05,5.834420145994414e-06,2.0452599273498057e-05,0.00013655910436298233,3.71609348853272e-05,0.00014376320668791972,6.602604468364436e-06,1.0969397809289407e-05,0.00021640929103598503,0.000311435799189473,8.446230598652955e-05,-0.0001627083643397778,-0.000195102971642211,-0.00020397134137220977,-0.0002011342422304679,-0.00020152670358518807,-0.00019586145708599313,-0.00019382259989647593,-0.00019650496662608762,3.640750697968587e-05,-0.0001503359205519602,-7.509989482250564e-05,-0.00017513863910621056,-0.0002975387599316093,-0.0011739233617145497,-0.002808489261436119,-0.0018162807561680158,-0.003477862379128821,-0.0019756843808525406,-0.0035890271428558646,-0.0019286294962965321,-0.003269091982442661,-0.0018392555990012248,-0.003355580331045527,5.653843212283207e-06,-2.052355259206125e-05,-0.00039257561923245106,-0.00047705242304911153,-0.0008517737098125305,-0.0010020444921052514,-0.000870149594903414,-0.0010452374825247843,-0.0008278050160207013,-0.0009692056235656334,3.562758490323984e-06,1.335316727680725e-05,5.680661349023971e-06,6.586941581629566e-06,-1.36690974993307e-06,1.3739859925554004e-05,5.68802194361022e-06,-3.247618922931601e-07,-1.5200723699603383e-07,3.745288612589999e-08,7.1969358734017745e-06,-3.057364711888364e-07,6.2156364161354255e-06,5.609705530136509e-06,2.5343042388709078e-06,2.0010948188404787e-07,-8.46261677478957e-07,9.133700540484058e-06,-2.1445720627435795e-07,6.1883127708479825e-06,1.474945023556144e-05,6.59932628836484e-06,6.139243646394061e-06,5.138973575165283e-06,-1.0863430415806979e-06,4.846312352970601e-07,5.343072917650226e-06,6.8596004792300585e-06,5.0673110890278145e-06,9.751437045664865e-06,5.31492773520791e-07,2.325463527746417e-06,1.4421138937918704e-05,-5.22152475084767e-07,-2.6426694150340484e-06,4.3799292037852894e-07,-5.064799214669377e-07,-1.1298217304411814e-06,-2.763500792394237e-06,3.3356358016625324e-07,1.52131481472521e-07,-1.4611731298401427e-07,-4.0638541168027726e-07,1.0880367899905273e-06,-1.624177349919023e-06,8.511360406906144e-07,4.1064257669391835e-07,1.3081208487475854e-06,-1.450560873971561e-06,-8.746643883232531e-07,1.01750599354502e-06,-1.4556316101375308e-06,8.675938486061883e-07,-3.1401561755624082e-06,8.167240887853592e-07,8.30127922866916e-07,1.782743891339871e-07,-1.0549533912775728e-06,3.244316095020285e-08,7.798392720473233e-07,1.0933826368736597e-06,-3.24376935746934e-07,9.188242964102458e-07,4.214719452658266e-08,7.452748704281848e-07,-3.231666605619299e-06,3.185418228985082e-06
4149.999999999986,0.023662094752052318,0.34404772975786957,-0.2756566050333333,0.032319509039207765,0.3589332736273219,-0.2676773826333333,0.03176098587717551,0.3604672873906626,-0.2577794339333333,0.029915212392382387,0.36027600535258447,-0.2598553311333333,0.011610611511275994,0.3675694487313056,-0.2913048148333333,0.013843850271623808,0.36751953314527747,-0.3056818175333333,0.016942181086056784,0.3571885222036397,-0.2845006886666666,0.04982783023568832,0.35382784860706484,-0.1628099551333333,-0.05950548305535852,0.3097219207780169,-0.2096700831666666,0.040857891277865384,0.33419665507452045,-0.2257158299333333,0.011258176764698726,0.3059636202270131,-0.2675904963666666,0.11794688706304253,0.23389382599200542,-0.0162338075494666,-0.11916762889444357,0.2827587937827748,-0.0915263856066666,0.25141718651618344,0.1926953743940609,-0.0468173504999999,-0.14386512405030777,0.20494527164038318,-0.2859347333333333,0.3366237624244947,0.327204336716024,-0.1457224521199999,-0.06549103307013016,0.3543047966949437,-0.4294417647999999,0.33999146689256904,0.369852492875395,-0.1563377980666666,-0.025533839998762374,0.39703030450336735,-0.4901147502,0.3250186215918275,0.38978671608344967,-0.1611818788733333,0.0011379382428115688,0.4386830495589836,-0.4723086272333333,0.33900867608453067,0.3277090499289782,-0.1517752826333333,-0.05281638517805352,0.37413016659383597,-0.415505409,0.07171573843478173,-0.169138282279169,0.0620104294966666,-0.07031218953956216,-0.1873735502508959,-0.0598782891733333,0.08779781081978562,-0.5035578069475918,0.0906558954933333,-0.019987097099653062,-0.45343040628977127,-0.0661869084133333,0.08059012591949043,-0.7742404228355959,0.2720373674666666,-0.047721659545214665,-0.7676054802996103,0.1361449757,0.0611609360538585,-0.8015988915876703,0.2984158288333332,-0.04835313937701917,-0.7936296547724014,0.1164744069733333,0.09828769109886021,-0.8368229683633504,0.269904737,-0.036514766077000285,-0.8244213816294178,0.0398333437733333,onweer_g_ch1_g19_compr.mp4,ch1g19,2.6835212443014708e-05,0.0002204591701224292,2.7415317196314148e-05,0.00017698820883170894,5.7754250504678886e-05,0.00021319080445119886,2.8528438012211007e-05,2.8179112543525137e-05,1.5442777964544147e-05,2.923256991532076e-05,0.00015147332982872464,6.330440689407142e-05,2.4708944501063367e-05,2.7296282462462028e-05,8.125731362107408e-05,6.057947715255937e-05,5.1916815431782504e-05,0.00015868784500114194,6.063310208484624e-05,2.4487729472255436e-05,0.00020856960593978807,2.967741673728972e-05,2.4966216856935906e-05,3.120508432879212e-05,5.549354558263129e-05,6.2682932123264034e-06,2.66005952950176e-05,0.0001476338500679428,4.154840805551753e-05,0.00015826220273590166,7.0736613711668895e-06,1.3943541403817023e-05,0.0002280051221036156,0.0003291285105537413,8.219432261271433e-05,-0.00021357235052846797,-0.00024322448912264237,-0.00025196240263529294,-0.0002510356605795241,-0.00025029585136425615,-0.0002472125491553503,-0.00024650826564754654,-0.00022002787851770926,1.0663434855349577e-05,-0.00019102179088741408,-0.00011945951976524896,-0.0001762988551627526,-0.0003266433007262549,-0.0012811488020845782,-0.0029528734990393784,-0.002043370237387215,-0.003653149072690702,-0.00222199068814461,-0.0037619063852639243,-0.0021681822947748047,-0.003443859400877456,-0.0020647981870971,-0.0035312038153226385,3.559337580017529e-06,-1.8888048654678166e-05,-0.0004159835340114577,-0.00048112957683330644,-0.0008566098521343295,-0.0009763782551095053,-0.0008723657661897717,-0.0010159086751183196,-0.0008297530343103794,-0.0009384591651189959,2.8490942750564785e-06,9.320696295792261e-06,5.963283518703967e-06,6.101588522590906e-06,-2.8876101765551803e-06,9.491438832138045e-06,5.878521828553144e-06,-1.3337737442040302e-07,-3.2551427333276525e-07,-4.77529104460935e-07,7.64994230950269e-06,-2.5812122963903396e-06,6.849759301239741e-06,5.8684154417064975e-06,4.0495382168172924e-06,-1.8788163228419218e-06,-2.1412010788432783e-06,9.192042253726955e-06,-2.28945284595288e-06,6.8384135016098665e-06,9.904073617821266e-06,7.408643489098978e-06,6.767001561083619e-06,5.351890567406503e-06,-2.541832842969548e-06,5.359659893636117e-07,6.127652007627225e-06,7.397824852669323e-06,4.617966464494075e-06,9.555480800950056e-06,5.83185671030378e-07,2.856991593908905e-06,9.4419701856216e-06,-7.383869341202839e-07,-2.714193950606653e-06,-1.2144159235978094e-07,-4.976140267187637e-07,-1.2167411222017379e-06,-2.8787977945182767e-06,-2.0300332487427516e-07,1.7254762194884347e-07,-5.809853603454285e-08,-3.993895350960506e-07,4.3507695143784695e-07,-1.6550468060746825e-06,1.4553355622080062e-07,-1.3597277661090415e-07,1.199661654342963e-06,-1.6256262575831816e-06,-1.0194991751103369e-06,1.5197116148051433e-07,-1.501420613562654e-06,1.566308313797374e-07,-3.3903092813239986e-06,1.771138787904629e-07,1.4205499973752774e-07,-1.774541588882136e-07,-1.1810524027481187e-06,1.4728459607782448e-08,2.4921774419798593e-07,5.138632534190342e-07,-5.568346005556226e-07,-3.1108088401390376e-08,1.5854775011115272e-08,2.8678659264649463e-07,-3.3539660797535843e-06,3.0524927598951487e-06
4166.666666666653,0.023127156012035993,0.3436924338121848,-0.2745869828,0.03183677373257773,0.35855070609246986,-0.2667402784333333,0.0313048322241829,0.3600743844718479,-0.2568696107666666,0.02946109957296915,0.35988431380630825,-0.2589249274666667,0.011188950002699124,0.36720892040744935,-0.2902966509333333,0.013421737376065732,0.36715028013216994,-0.3046410469,0.016528743872028833,0.3568174341665144,-0.2834946288,0.04938608875162468,0.3535092004323515,-0.1621153995666666,-0.059743417754247824,0.30965833305251295,-0.2085552960333333,0.04033772936195514,0.3338735635044999,-0.224723202,0.010787468917857998,0.30572548720763937,-0.2664626612666667,0.11776482596562894,0.23364657793666666,-0.0162596430561333,-0.11975290193994258,0.2824015998419379,-0.0896464277999999,0.2510919797391862,0.19119026875477382,-0.0489486178899999,-0.14389594371845477,0.20196881946419515,-0.2833570768333334,0.3351721018990279,0.32490584014730717,-0.1499775161999999,-0.06527281124044987,0.35054403200884815,-0.4274451075666666,0.3383911264880999,0.36737372878609903,-0.1611506422333333,-0.02517204689552827,0.3931697679289797,-0.4880628046999999,0.3232977959120032,0.38738685119527744,-0.16585021349,0.0012091097695365346,0.4350912956814965,-0.4705037042333332,0.337446866953963,0.32543150951348143,-0.1560384198999999,-0.05272602674830466,0.3704759496387255,-0.415865302,0.07182548003425943,-0.16914200929564335,0.061692245,-0.07040585495717144,-0.18738435728808295,-0.05954853132,0.08796793500835762,-0.5039839552523936,0.0888278906933333,-0.01991936080837802,-0.45388304966361553,-0.0662274024833333,0.08078334770003863,-0.7751829571092902,0.2704335534999999,-0.04808474686390208,-0.7685713866685464,0.1354200533333333,0.06140035189213933,-0.8025506721276873,0.2967981935333332,-0.04875922148252058,-0.7946293568315818,0.1156594507733333,0.0983737686377031,-0.8377447415714286,0.2679900614666666,-0.03686908118795545,-0.8253248675398686,0.0386875452466666,onweer_g_ch1_g19_compr.mp4,ch1g19,2.917802849677486e-05,0.00022623020491130405,3.376186911167265e-05,0.00018285033983910168,5.35715815814117e-05,0.00021909573571639922,3.469380992341297e-05,2.8091080908415973e-05,1.5364402618400673e-05,2.8708637670792235e-05,0.00016039092184368998,5.967060322147402e-05,3.2312618688478505e-05,3.354216678576593e-05,8.666748488757976e-05,5.8218085633536724e-05,4.921864849804432e-05,0.00016959971988079602,5.748225572123213e-05,3.2092921988144865e-05,0.00021457578917208735,3.716862930793453e-05,3.248111175032697e-05,3.5669975880987585e-05,5.168990200595247e-05,6.750095873196698e-06,3.237960549635496e-05,0.00015665633492975724,4.5224301835056785e-05,0.00016919313550271117,7.6074472525369275e-06,1.7128832370838968e-05,0.00023313939979775078,0.00034156523916207973,7.730495257217414e-05,-0.00027540894471917517,-0.00029912716045611855,-0.00030747005109703693,-0.0003081674728495134,-0.00030177233815360745,-0.00030082996017699544,-0.00030113031026249965,-0.0002487034695123387,-8.160341716538893e-06,-0.00024396156312696886,-0.00017067496056088636,-0.0001781578627816196,-0.0003462968111337958,-0.0014017640978130769,-0.0030526545541549903,-0.0022561956725298004,-0.0037266058244267864,-0.002450878765473935,-0.0038215197777926994,-0.00238697514194375,-0.0034967016003331444,-0.002272119127221138,-0.0036029011856020437,1.268870664823584e-06,-1.686758901299082e-05,-0.0004336541277733614,-0.00047736359766867103,-0.0008278788608893317,-0.000925872839382119,-0.0008423820587091151,-0.0009602786085108122,-0.0008064330143720782,-0.0008823953363968122,1.9565923019166925e-06,6.102828850623845e-06,5.5741397309061775e-06,5.775939588466181e-06,-4.2091873663823545e-06,6.019701515708809e-06,5.429640065083957e-06,7.089371692222519e-08,-4.848856250530703e-07,-8.983256225447103e-07,7.423603254852701e-06,-4.402698651731326e-06,6.613252564559389e-06,5.467802059121703e-06,4.932772892084646e-06,-3.6702577152373114e-06,-3.3898006601613297e-06,8.467641401311619e-06,-3.965448993048584e-06,6.612361340098881e-06,5.819425601940337e-06,7.326040237127722e-06,6.552836319807e-06,5.082219850973146e-06,-3.867862890979678e-06,5.55277856784582e-07,6.183576034890809e-06,7.252045228530535e-06,4.002480609468968e-06,8.635769826063835e-06,5.929501959296903e-07,2.8925353501743943e-06,5.419180684555531e-06,-8.286721910503967e-07,-2.102827416457972e-06,-6.061768467231579e-07,-4.6976371451317414e-07,-1.0457330579013862e-06,-2.2789898437636656e-06,-6.589006745385715e-07,1.729287300663974e-07,4.0563709363278477e-08,-3.5336606231893247e-07,4.24417183376051e-08,-1.4076285419916655e-06,-5.035108218533518e-07,-6.067510764272687e-07,9.497483436217359e-07,-1.5852344205861313e-06,-9.718134935499242e-07,-3.440685995099134e-07,-1.30019907616573e-06,-4.979742847896034e-07,-2.8122188388485414e-06,-4.512521976124177e-07,-4.891934074354184e-07,-4.993644440484188e-07,-1.0571383942229943e-06,-3.3953433994339816e-09,-2.8963164721393175e-07,1.4738505741535398e-07,-6.945072603452182e-07,-5.630023283129707e-07,-1.1506296739816096e-08,-1.246919236517482e-07,-2.612145034064974e-06,2.3593018802692634e-06
4183.33333333332,0.02251410852013296,0.34324041251768544,-0.2742654216999999,0.03132565593507264,0.35808015796420795,-0.2664972961333333,0.03082153493376544,0.359592062485105,-0.2566463397333333,0.028975201340312572,0.3594010420216298,-0.2586798788666666,0.010699526035382339,0.3667532290077459,-0.2899447957666666,0.01293516038346907,0.36669837446101977,-0.3042799242333333,0.016046398154629545,0.3563682187319868,-0.2831396175666666,0.048980885889519106,0.3531258862479307,-0.1619207700333333,-0.060026392492657635,0.3095702710797026,-0.2078382228333332,0.03977238620883363,0.33346284781543023,-0.2244218071333333,0.010231433430630682,0.3054157241370688,-0.2660204544,0.11760882334120408,0.233386923996178,-0.0166788631961333,-0.12043962165436552,0.28201713039588944,-0.0881320031833333,0.2507603728024822,0.1895052841122286,-0.0516255192899999,-0.14408297810626786,0.19887310190330115,-0.2813536326,0.33381443335209826,0.3224330790393648,-0.1553488630166666,-0.06529859288341389,0.34689314263370213,-0.4268579471999999,0.33697004835280164,0.36471871469457656,-0.1671639802666666,-0.02510163975633724,0.3894563693412075,-0.4876321134666666,0.32181937091080265,0.38483095475540485,-0.1718369914333333,0.0010149357896888699,0.43169040322463786,-0.4703914721666666,0.33600956822051764,0.32296153002605466,-0.1615008810999999,-0.052847889096320114,0.3669531262573428,-0.416604549,0.07195898423290636,-0.16914431703193258,0.06135107509,-0.07052261860704458,-0.18739755574513728,-0.05919301718,0.0881331696355571,-0.5044254501057077,0.0870729570866666,-0.01984843929535025,-0.4543335019964296,-0.0660106557799999,0.08099260585886721,-0.7760341087761858,0.2690442377666666,-0.04832988258784104,-0.7693962323513083,0.1350825425333333,0.06166499614209842,-0.8034173429062987,0.2954263648333332,-0.04902137740080834,-0.7954687338396369,0.1152452573399999,0.09850476334660627,-0.838590318535003,0.2662926564333333,-0.037189955316519294,-0.8260885688800422,0.0380209399133333,onweer_g_ch1_g19_compr.mp4,ch1g19,3.108670915287116e-05,0.00022894779370837253,3.8883424414091335e-05,0.00018818451680888116,4.85379872930072e-05,0.00022165988541933388,3.962521478910925e-05,2.804214769694768e-05,1.5393679633650644e-05,2.7888290916816026e-05,0.00016541431864968255,5.419956860427535e-05,3.8641763538042096e-05,3.8606177580974545e-05,9.28092547437744e-05,5.3754498254484947e-05,4.549947740034652e-05,0.00017520059115092685,5.2692215045418365e-05,3.840495852495315e-05,0.00021701335135967985,4.396213904392292e-05,3.8664957216940465e-05,4.023948205416149e-05,4.698632811095213e-05,7.24233223433256e-06,3.805075794536478e-05,0.00016229694979159347,4.824343074770268e-05,0.00017438320107884378,8.150978559519855e-06,1.9763962374125137e-05,0.000234433256349323,0.0003504059963646076,7.059875746599698e-05,-0.0003442538355483029,-0.00036119287594304594,-0.0003694260870741448,-0.00037124433271493,-0.0003584716842185382,-0.00035947885234584266,-0.0003603830654242464,-0.0002817771064727454,-2.4761779710213402e-05,-0.0003039224905371443,-0.00022878619318370257,-0.00018643175192789143,-0.00036873796099517466,-0.0015220423778656551,-0.0031447237488993474,-0.002450312004626077,-0.0037550187178380426,-0.0026530495955505635,-0.0038195923081048425,-0.0025904878916964275,-0.0034866290921607744,-0.0024656980330953378,-0.003620150623032471,-1.0035003318543158e-06,-1.4900978726427592e-05,-0.0004458447037512936,-0.00046507362283573745,-0.0007717330947178538,-0.000851190640988857,-0.0007848831975705116,-0.000877893666926278,-0.0007594331129215742,-0.0007974599126334714,1.0488372454275843e-06,4.540712532427547e-06,4.607588016235242e-06,5.415430671752613e-06,-5.127004048094811e-06,4.2771924831858435e-06,4.4380368265801905e-06,2.0404194044076295e-07,-5.347584253312584e-07,-1.232289178494788e-06,6.8147082522869155e-06,-5.4921506783618784e-06,5.600468643118797e-06,4.5135536854086315e-06,5.1395073140489515e-06,-5.034413082386586e-06,-4.312494978145998e-06,7.465733149757474e-06,-5.0016040782765904e-06,5.600145441863908e-06,3.6052228450756883e-06,6.374632310483159e-06,5.563506404589471e-06,4.350007219354369e-06,-4.817589719206791e-06,5.137181148097217e-07,5.514856995692859e-06,6.698064270521805e-06,3.2187534926830227e-06,7.56391826041919e-06,5.363181182586405e-07,2.531434214978386e-06,3.482262920592211e-06,-8.070849564704409e-07,-1.0128733721567706e-06,-9.546735084376744e-07,-4.229506653096891e-07,-6.658809182015443e-07,-1.1576276325075811e-06,-9.79702256058945e-07,1.4832456180229052e-07,1.6066478770593095e-07,-2.7564933020541075e-07,5.961914072351501e-08,-9.41878212452383e-07,-1.001990427890471e-06,-9.434036802984179e-07,6.65554903045731e-07,-1.3195766977146763e-06,-7.341509538783302e-07,-2.8659376542922476e-07,-8.994901376954154e-07,-1.001265568281761e-06,-1.601538095866939e-06,-9.970439199983229e-07,-9.73630403945509e-07,-7.854665890483074e-07,-7.236763812650959e-07,-2.049393234513519e-08,-7.806655824212349e-07,1.4603151016217813e-07,-7.449411424878238e-07,-4.977909582560831e-07,-3.6151184023829515e-08,-4.1983325103175453e-07,-1.245978392709308e-06,1.291931989014358e-06
4199.999999999987,0.021795938231397395,0.3428353856689043,-0.2740052116666666,0.0307519888755286,0.3576607450267807,-0.2662452221333333,0.030276276602592734,0.3591653757956843,-0.2564091479999999,0.0284215006380921,0.3589706139092656,-0.2584301940333333,0.010109148667815496,0.3663403989406431,-0.2895911018,0.012348485121733215,0.3662862361331139,-0.3039158829333334,0.015460557726347178,0.35595547727610344,-0.2827778521333333,0.04857981942486329,0.35280139759340634,-0.1616002848,-0.060402189715872044,0.30952084005412356,-0.2070602699666666,0.03913091598512816,0.33310224977455316,-0.2241598695333333,0.009560410160126187,0.3051379337095314,-0.2656364922333333,0.11745687010658686,0.23316885527239278,-0.0169276157294666,-0.12122753463820911,0.2816379430932166,-0.0866342136966666,0.2504281226912462,0.18774649192639764,-0.0538374777066666,-0.14434635134547943,0.19572141003570978,-0.2796414891666666,0.33272838840634905,0.319831913785812,-0.1600966347333333,-0.06579469118498402,0.34325971489970797,-0.4270933000999999,0.33594994127360184,0.3619342901770019,-0.1725048117333333,-0.025595356308382486,0.38576991050787796,-0.4881038027666665,0.32084250599235714,0.38209734471321893,-0.1772394513666667,0.00030664796638984955,0.4283571072362668,-0.4711683567999999,0.33489727523093854,0.32032228244305616,-0.1663805551666666,-0.05340918689573222,0.3634576566734717,-0.401186943,0.07210489572019065,-0.16914544827134437,0.0609919785866666,-0.07065237189563071,-0.1874134866920737,-0.0588154741599999,0.08829499376269982,-0.5048625173422285,0.0857008526533333,-0.019895914425491407,-0.45476124161581144,-0.0654481555766666,0.0811749792993957,-0.7766484827751855,0.2685352558333332,-0.04854358147792338,-0.7700935230126162,0.1353875936666666,0.061901674533985804,-0.8040419002781434,0.2950037629333332,-0.049229725330898574,-0.7961740457600348,0.11550263864,0.09863611495863407,-0.8391419569054188,0.2656940290999999,-0.03763524023747801,-0.8267080047520766,0.0381883430366666,onweer_g_ch1_g19_compr.mp4,ch1g19,3.172581045031846e-05,0.00022891547244543434,4.201752867857482e-05,0.00019257054950006436,4.2749944922334883e-05,0.00022121569795988078,4.262486481005937e-05,2.802513423065231e-05,1.5574667369223618e-05,2.6540573673997717e-05,0.0001693961022332716,4.69731363895665e-05,4.2795632435640397e-05,4.16737321411447e-05,0.0001000721421407024,4.693613205458421e-05,4.044875009539885e-05,0.00017851275744355392,4.623630481284157e-05,4.2546062400810595e-05,0.00021505525730432628,4.9463312650516795e-05,4.2753940508111355e-05,4.482841899088455e-05,4.1443641064091916e-05,7.815966855150264e-06,4.344048777273969e-05,0.0001667338753229197,5.12684104689215e-05,0.00017721792971692302,8.750408635802534e-06,2.1481670055085676e-05,0.00023233062165187564,0.0003567917163731538,6.209163605023853e-05,-0.00040226757950576525,-0.0004123078011890446,-0.00042015851404326554,-0.00042282883963039086,-0.00040442650324477224,-0.00040559695188678986,-0.00040611350938221685,-0.00030942191537191216,-3.0601600669624026e-05,-0.00035460021200274386,-0.00027650913978327554,-0.00019942726677763594,-0.0003840864765365197,-0.001647426530551461,-0.003211773723630908,-0.002605214891147283,-0.0037355474178040757,-0.0028013686497691337,-0.003763289773422777,-0.0027511023948290983,-0.003411043747483939,-0.0026279667474390254,-0.0035880560643027494,-2.4878987644703863e-06,-1.4067951649575675e-05,-0.0004517488796289775,-0.0004437765417155031,-0.0006863616724924671,-0.0007489904650776173,-0.0006981655253154903,-0.0007654816829912838,-0.0006800467682242664,-0.0006831303517604309,2.5425722945843203e-07,4.666269915846611e-06,3.2937051952574703e-06,4.969666542061853e-06,-5.591618372182413e-06,4.354130571851462e-06,3.1255802677631647e-06,3.2301362381581e-07,-3.485677950812717e-07,-1.4306255648912166e-06,6.280708543409215e-06,-5.878265320348833e-06,4.102916535885531e-06,3.228463665837919e-06,4.962958453774964e-06,-5.991124123712143e-06,-4.742890711217061e-06,6.712659833889643e-06,-5.407172120120082e-06,4.094755615513212e-06,3.3678771369099773e-06,4.821305217492477e-06,4.096678147359869e-06,3.272811579447488e-06,-5.328725907684582e-06,4.572124758453507e-07,4.266126385086927e-06,6.229274962986983e-06,2.3705694354472177e-06,6.762310470276139e-06,4.638480143590135e-07,1.8593072549945285e-06,3.715940440955255e-06,-6.782238611729911e-07,2.850072572841712e-07,-1.1293078465516796e-06,-3.4407898308149506e-07,-1.581879105970965e-07,2.1445358542468408e-07,-1.134169582962739e-06,9.940337601647299e-08,2.814307057433587e-07,-1.7708685015760246e-07,3.853962329836322e-07,-3.799193021449557e-07,-1.288439639265402e-06,-1.10842168928193e-06,4.168993827466971e-07,-9.052876022644696e-07,-3.5845658876226565e-07,1.9533969164966547e-07,-4.044476518262468e-07,-1.2922163927665937e-06,-6.341080616099908e-09,-1.3997683550648044e-06,-1.2543550825850286e-06,-1.0244279228405931e-06,-2.5002771884425526e-07,-3.845286009263545e-08,-1.1804118978320608e-06,4.372113239349292e-07,-7.392542773826971e-07,1.0920085452333004e-08,-5.82025733415871e-08,-5.681071508747358e-07,4.127881091939036e-07,7.513842694750484e-07
4216.666666666654,0.020961741235427305,0.34244748668282055,-0.2737192444666666,0.03010179809013971,0.3572595857147175,-0.2659736295666666,0.029655853290005064,0.35875756844117396,-0.2561455563666666,0.02779354598069616,0.3585591519708068,-0.2581613224333333,0.009423309444205634,0.3659373637862326,-0.2892889052666665,0.011664442136238566,0.36588250923950655,-0.3036070583333334,0.014779516251452636,0.3555508916826109,-0.2824655843999999,0.04817958268708211,0.35249532312205867,-0.1613010401999999,-0.06081332025980379,0.3095022810344794,-0.2061409334,0.03840965870732275,0.332758099805399,-0.2238716949666666,0.008788645744942165,0.3048653959549931,-0.2653288223,0.1172817539277897,0.23297887041681462,-0.0171685298794666,-0.12206448038307667,0.28124849878463415,-0.0850104724199999,0.2500652305630663,0.18603412450189674,-0.0558353502733333,-0.14467525612592275,0.19243709870104583,-0.2779285381,0.331915808031325,0.31710704381121163,-0.1643056832666666,-0.0667608914544677,0.33953525554509717,-0.4276799399333333,0.33531059446055705,0.3589970729335505,-0.1772270173,-0.02667667791311489,0.38203336646949565,-0.4889208184333332,0.32027226944185505,0.3791681517587897,-0.1820337077666666,-0.0010130847439622044,0.42501021045474374,-0.4722147570666666,0.33408923026396853,0.3175360280752156,-0.1707134467666666,-0.05446122381302953,0.3598896582347958,-0.400804043,0.07226224984007605,-0.16914619385186164,0.06061140057,-0.07079400354962676,-0.187430376360667,-0.0584130106866666,0.088442217159097,-0.505308154026861,0.0845941272766666,-0.019959649608639843,-0.45517584610829165,-0.0648476030633333,0.08133733910708582,-0.7771885270821431,0.2683163856,-0.04872938180872587,-0.7707244558187789,0.1357943079333333,0.0621114631996099,-0.8045914838973016,0.2948721181333332,-0.0493973747081562,-0.7968119997476313,0.11586484464,0.09873593438255773,-0.8396542368304918,0.2653882165333333,-0.038041441873797516,-0.8272782072301356,0.0384020023433333,onweer_g_ch1_g19_compr.mp4,ch1g19,3.145056142599319e-05,0.00023133369115060177,4.4981114138007485e-05,0.00019758229482081497,3.70833993145825e-05,0.00022285161138615775,4.555969134097015e-05,2.7764701603787424e-05,1.5517128742688626e-05,2.42908152184242e-05,0.00017208780437745182,3.884991823571884e-05,4.613553560213294e-05,4.454573410852026e-05,0.00010513414260781465,3.859609329123546e-05,3.5032669804214005e-05,0.00018012090374526233,3.8602183851033993e-05,4.591694065318601e-05,0.000214163974379802,5.436797551196429e-05,4.6198611502680544e-05,4.8599272754970445e-05,3.592051672223636e-05,8.347987058267537e-06,4.824575960967252e-05,0.00016958551241718194,5.422799946922309e-05,0.0001784953075056187,9.267088192443743e-06,2.3083754710255813e-05,0.0002329081203743189,0.00036382203596222693,5.272961330847678e-05,-0.0004552849023534091,-0.00045745623962123374,-0.00046525227783333597,-0.00046808511390511226,-0.00044458810776425113,-0.0004443988307907234,-0.0004432726217173858,-0.0003338489549731696,-3.353251485737227e-05,-0.00040118874941387267,-0.0003185079900331321,-0.00020740006383689017,-0.00039444236264973273,-0.0017295051190115752,-0.0032890725035810415,-0.0027181301099233933,-0.0037594736566811224,-0.0029053922557514787,-0.003756848229059981,-0.0028704057913604957,-0.0033665587793104837,-0.0027531605038606777,-0.003595508990903662,-3.124356382920205e-06,-1.4327630510051491e-05,-0.0004389673080958421,-0.00040370829474914937,-0.0005556794870524007,-0.0006240116291430048,-0.0005656730118330734,-0.0006302530936453145,-0.0005551371606541092,-0.0005481572271723612,-3.133092245650571e-07,5.92926094353503e-06,1.8820379503641803e-06,4.4523045486041764e-06,-5.355307834763214e-06,5.582616985749985e-06,1.7189647637731132e-06,3.671465413153412e-07,8.260427848357405e-08,-1.5018665259974787e-06,6.348345852099805e-06,-5.642024473000592e-06,2.4284201670534625e-06,1.8465696749480466e-06,4.8658964202068315e-06,-6.4180050153692245e-06,-4.685531361815148e-06,6.756512798072023e-06,-5.256716006125166e-06,2.411662700211467e-06,4.415594042559393e-06,2.951552683780561e-06,2.4619500195225414e-06,2.0372782566483714e-06,-5.201795569183761e-06,3.9403223315412113e-07,2.7090580321393795e-06,6.367818955576626e-06,1.6889316554776275e-06,6.630097863303903e-06,3.8142688786299484e-07,1.1617036687108425e-06,5.340948883367761e-06,-4.6976273386997346e-07,1.3276517320499856e-06,-1.16082634223396e-06,-2.908841827153144e-07,3.4827321061453985e-07,1.3663389980323096e-06,-1.1566193926739038e-06,3.590396032011614e-08,3.994625473491877e-07,-5.807170399814887e-08,9.257673844802306e-07,1.6268002640527293e-07,-1.374329895042243e-06,-1.1328566554209114e-06,3.597514969445598e-07,-3.974853743418591e-07,6.329298095580794e-08,9.364444119205358e-07,8.951037483080478e-08,-1.3827945960877204e-06,1.4445900110212902e-06,-1.61956172927728e-06,-1.3462637331703756e-06,-1.1498118058429298e-06,2.411262219336183e-07,-5.43483554145194e-08,-1.4218557377316126e-06,9.426610422326326e-07,-6.851538055962434e-07,7.853421005740337e-07,-7.403981813756226e-08,-5.879627107944315e-07,1.7891015695948679e-06,1.6927208008015521e-06
4233.333333333321,0.020158981470349262,0.3420560370737577,-0.2735802444666666,0.02949173152825212,0.3568595287262241,-0.2658389538666667,0.029071730818314184,0.3583497849259401,-0.2560103521666665,0.02719995435973987,0.3581475009474393,-0.2580257784999999,0.008772898772076525,0.36554288830411535,-0.2891409655333333,0.011015726272420494,0.36549245082658904,-0.3034616111000001,0.01413173629035893,0.3551624031746594,-0.2823083126,0.04781542349278312,0.35218930316090324,-0.1611004293333332,-0.061223974727096155,0.309508835377708,-0.2053259541333333,0.037697386604311045,0.33240795431538417,-0.2237098107333333,0.008026133913203106,0.3046013616475002,-0.2651849337333333,0.11713242790149209,0.23278968463434607,-0.0173894310261333,-0.12291240554396661,0.28085784653362506,-0.0835368158766666,0.2497372492258666,0.184339017828338,-0.0577267793733333,-0.14493142147128593,0.18916318795105147,-0.2766664326,0.33145186449742836,0.3144162406200185,-0.1682703676666666,-0.06782744819760872,0.33584803854274026,-0.4288541604,0.3351048882024242,0.3561004646684227,-0.1816714515666667,-0.027961820569427902,0.378335500999729,-0.4904010948333333,0.320158654537355,0.37629804370787184,-0.1865572475333333,-0.002538703798086189,0.4217087468464209,-0.4739534613333332,0.3336594657638853,0.3147951915879937,-0.1748009919999999,-0.055627825061166834,0.35635915603380974,-0.410625488,0.07243402517866852,-0.1691444536532824,0.0602236364666666,-0.07095007718593942,-0.18745029952488035,-0.05800108311,0.08862997650102226,-0.5057285947400968,0.0838761312333333,-0.019992280455811133,-0.455548377222002,-0.0639931235399999,0.08153495891685535,-0.7776219469951186,0.2685029342333334,-0.04881028631604697,-0.7712401142895596,0.1363697962666666,0.06234200253761151,-0.805034896354573,0.2951479614666666,-0.04944624234074363,-0.7973283107685823,0.1163726310066666,0.09876412344085751,-0.8401075160041276,0.2655139962333333,-0.0383631220385978,-0.8277122745766984,0.0387746426366666,onweer_g_ch1_g19_compr.mp4,ch1g19,3.0432112667032285e-05,0.0002378897210851538,4.606101582294455e-05,0.00020157896837553094,3.129597853415684e-05,0.0002290653350460305,4.6467713926579124e-05,2.820297481105365e-05,1.5662568455585253e-05,2.2037197063758123e-05,0.0001751798221073132,3.254286183638894e-05,4.764412817866791e-05,4.5596581180776114e-05,0.0001081621864423318,3.113335034863963e-05,2.9416329720523668e-05,0.00018281558935972182,3.240287339579035e-05,4.743068409491337e-05,0.00021933643992976207,5.6650576969262706e-05,4.77167091714974e-05,5.031502991352554e-05,3.021494150048622e-05,8.759271334691401e-06,5.078388297250537e-05,0.00017283576415321424,5.575611038033362e-05,0.00018059601950659,9.652413238801491e-06,2.436557270823318e-05,0.00023918597077188366,0.00037255450585884313,4.430450196290917e-05,-0.0004997409258539568,-0.0004936194097473773,-0.0005018371123671049,-0.0005042235027995582,-0.0004759268529988424,-0.0004745690214088369,-0.00047198370972946155,-0.000353654371446722,-3.9022724057464207e-05,-0.0004402729140998518,-0.00035492611480748837,-0.0002163686690030726,-0.0004041605656326541,-0.0017735600353589258,-0.003346890780492498,-0.002808745196817642,-0.003859553182762039,-0.0029983217339788534,-0.0038521693832118276,-0.0029698434175095445,-0.003435669405029471,-0.002852162069648112,-0.003688051834419581,-4.227108709555785e-06,-1.3976006220992173e-05,-0.0004311442970243255,-0.0003565917676992308,-0.0004734053528084376,-0.0005215602917827344,-0.00048456082959579515,-0.000521776431499563,-0.000477547806687297,-0.00043199370996289087,-6.365285454336227e-07,8.071329507372579e-06,7.087534499416701e-07,4.066970769121689e-06,-4.595168929631023e-06,7.73946040692472e-06,5.575726453267603e-07,3.14834995796299e-07,6.95215595711494e-07,-1.4696655523889313e-06,7.514759633118993e-06,-4.95236140021657e-06,1.0162649273319694e-06,7.019600718705852e-07,5.191028928238805e-06,-6.247478287080127e-06,-4.269441916198906e-06,8.021433456319969e-06,-4.683729448254174e-06,9.865737092040827e-07,6.554133307946136e-06,1.2534653099005612e-06,1.0773070704592368e-06,8.934753062886183e-07,-4.592031729536588e-06,3.3141616293031575e-07,1.2181146926483734e-06,7.539449357216657e-06,1.1342681255144516e-06,7.71043379138344e-06,2.970691532470307e-07,5.608344875031856e-07,8.07689331679835e-06,-2.1061169961432557e-07,1.8043021275894384e-06,-1.0012317792382945e-06,-2.3821349058521924e-07,8.095494835723019e-07,1.9403767459845326e-06,-9.909230456431036e-07,-6.541033393840466e-08,4.811032886983922e-07,4.051483604553135e-08,1.4607989949974152e-06,5.414354956169562e-07,-1.2358271623962333e-06,-9.71246189545667e-07,4.807988926044086e-07,9.510773057470731e-08,4.813966658798116e-07,1.6369249300781212e-06,4.4593141081569765e-07,-1.2475282132658704e-06,2.2679320196600264e-06,-1.5615348156840413e-06,-1.216737460771151e-06,-1.0935745106312372e-06,7.008421516812108e-07,-6.476597152516683e-08,-1.4190219989260085e-06,1.444896076356581e-06,-5.646184368673253e-07,1.5329612412541572e-06,-8.14772677966863e-08,-4.995466609168926e-07,2.4611069820858546e-06,2.3730031776887356e-06
4249.999999999988,0.019425870500785074,0.34163487397899356,-0.2731636576666666,0.028963142805426053,0.3564467799813534,-0.2654349575666667,0.028567545599598697,0.3579300921771492,-0.2556146965333333,0.026687165763390933,0.3577256461420625,-0.2576240054333333,0.00820624054756491,0.3651493567029908,-0.2887351344,0.010448087879507005,0.36510188032657587,-0.3030464657333334,0.013567584261540491,0.35477353303819475,-0.2818948252333333,0.047478884084009076,0.35189016300341014,-0.1606003801333332,-0.06161484357822677,0.3095355519462147,-0.2043786515666666,0.037018228365369533,0.3320388375062962,-0.2232534457999999,0.007296482151853933,0.3043136928412185,-0.2647183783666666,0.11696880522671138,0.23259659552766068,-0.0172700476394666,-0.12370687115598275,0.2804778699908295,-0.0819664825966666,0.24940614234228292,0.1826566271506129,-0.0589638732766666,-0.14517773630756253,0.18584135994094875,-0.2749630639666667,0.3312333656090492,0.31162621244326283,-0.1709778833333333,-0.06880975279588596,0.3319477397416918,-0.4292395322333333,0.33520954476989623,0.3531201390099899,-0.1846908406,-0.029127035918084097,0.37446144852745455,-0.4910346494999999,0.3203907238623976,0.3733450513806174,-0.1896953635333333,-0.003946845515541617,0.4182588663343277,-0.4748537497333332,0.33352352143235336,0.31196692944227,-0.1776314417333332,-0.05670912972686414,0.35263998679758435,-0.410529226,0.0725973185884499,-0.169149986223398,0.0598632830533333,-0.07109822536332391,-0.1874627253955762,-0.0576176221866666,0.0888183579222923,-0.5061551042356628,0.0831059391333333,-0.01993019626546983,-0.45590764460820554,-0.0634458730566666,0.08166431587032423,-0.7780908425241376,0.2682197008999999,-0.048890137901982135,-0.7717609351356484,0.1364057103666666,0.06248426462899133,-0.8055182294810828,0.2948686630333333,-0.04949747904287626,-0.7978516668102439,0.1163056068066666,0.09869355986856305,-0.8406009387470951,0.2651623447333333,-0.03861342008925158,-0.8281463197704564,0.0386188337366666,onweer_g_ch1_g19_compr.mp4,ch1g19,2.9081559289562842e-05,0.00024956131742297,4.533149006421889e-05,0.00020568658240447218,2.7383292198795194e-05,0.00024069810009119845,4.5578141715181815e-05,2.9075517640744097e-05,1.5803964431248835e-05,2.083975169373327e-05,0.0001827054589445782,2.9188820709231053e-05,4.700588018924545e-05,4.489243269373525e-05,0.0001106788489585696,2.5881023896251167e-05,2.542887793384015e-05,0.000191144854520565,2.898906651123445e-05,4.675913957824031e-05,0.00023123044203898538,5.608894878375576e-05,4.714574388677735e-05,5.00183343157852e-05,2.629094275378802e-05,9.047557950288024e-06,5.063841822984715e-05,0.00017982601123076971,5.677223676908766e-05,0.00018931693574816494,9.884762535192313e-06,2.479360756341226e-05,0.0002522225191238968,0.000386231825795186,3.913540146818138e-05,-0.0005303681051142843,-0.0005166295040103774,-0.0005254028837425448,-0.000526969433584003,-0.0004995446328012257,-0.0004963140373830032,-0.0004920942510685544,-0.00036668907176845464,-5.779368542695072e-05,-0.00046701647727552976,-0.00038338899446714255,-0.00022184130880877767,-0.000417983027521436,-0.0018106248613257523,-0.003406207191144532,-0.0029674275657143633,-0.004040383888803682,-0.0031815790518448382,-0.0040488018686812045,-0.0031598819461953393,-0.0036075528269188767,-0.003024259923556074,-0.003865599447495459,-5.331766334245505e-06,-1.3725741179056352e-05,-0.0004284799484168761,-0.0003227279325772384,-0.0004271451364932132,-0.00045998578105444003,-0.0004406270331625658,-0.0004585410589826926,-0.0004413579690573377,-0.00036140783935385975,-5.785448061937869e-07,1.0528114827812689e-05,-2.7430061096715255e-08,3.871406912403682e-06,-3.452278600210206e-06,1.0366322834630245e-05,-1.688560239924062e-07,2.4243007216854656e-07,1.3221134338137786e-06,-1.4004344988749486e-06,9.680331911957075e-06,-4.1835079186696515e-06,5.57546243890294e-08,-8.143239837027381e-09,6.024380987322786e-06,-5.807935693267446e-06,-3.6098233225914724e-06,1.0399748175610168e-05,-4.029118584544797e-06,1.4268022341307087e-08,9.629752763915431e-06,-7.984229566209163e-08,1.3003830472199268e-07,-2.6608947687164018e-08,-3.597827240998111e-06,2.8944857762290524e-07,-4.413413631659176e-08,9.618481576025824e-06,7.521234330741215e-07,9.982019248128313e-06,2.389653444886162e-07,1.8354550471189696e-07,1.1396720547562945e-05,7.096479599562051e-08,1.5562484484639704e-06,-6.651878774293946e-07,-2.2726551771646752e-07,1.1043189887465575e-06,1.759033371575611e-06,-6.546334303716378e-07,-1.8637882135389528e-07,5.131980757281702e-07,7.515802439629001e-08,1.71354512166739e-06,6.842132881446014e-07,-8.865338390761324e-07,-6.375747204355776e-07,6.678961206514913e-07,4.877382977072674e-07,7.715731255832903e-07,1.965893751919974e-06,5.864936874050971e-07,-8.996681111490409e-07,2.244253346287839e-06,-1.213987299215798e-06,-8.806240917032373e-07,-8.419453528601588e-07,1.012525786201247e-06,-6.957875020985381e-08,-1.1482614766291575e-06,1.6875757326062863e-06,-4.2060106853642957e-07,1.892486932665822e-06,-8.088211658579558e-08,-3.137676774456717e-07,2.219802269191938e-06,2.401573636212807e-06
4266.666666666655,0.01870629846059289,0.34107196697696884,-0.2728502658666666,0.028439783742407885,0.35590571513040625,-0.2651543558,0.028068712141234686,0.3573808867849768,-0.2553424900666666,0.026180289622030613,0.35717631637975594,-0.2573481869333333,0.007648336673338201,0.3646389798896534,-0.2884259919333333,0.009889536177001562,0.3645910707474763,-0.3027271318666667,0.013012658406593706,0.35426611563949695,-0.2815786096666666,0.04715652726392806,0.3515132719604444,-0.1602289686999999,-0.061999388303793763,0.3094668838250727,-0.2036155755333333,0.03634733759607907,0.3315421707923376,-0.2229028403333333,0.00657976201259393,0.30390089004350385,-0.2643185851666667,0.11680802614313131,0.23235983409562702,-0.0173195510661333,-0.12449159936684652,0.2800391173117463,-0.0804738124299999,0.24906655324976226,0.18088735177158854,-0.0603887423399999,-0.14555340277205975,0.18247771326645576,-0.2732151528,0.3310274881311729,0.3086382854571672,-0.1737087967666666,-0.06977159442526461,0.3279142584207318,-0.4293661732333333,0.3352990464463485,0.3499060029875579,-0.1877021318333333,-0.030238065577507516,0.37042809649312214,-0.4913669652666666,0.3206037571250084,0.3701666539780453,-0.1928052070666666,-0.005302454808620223,0.41465849484424366,-0.4754764364666665,0.33340044302112176,0.3089447067413941,-0.1804592874666666,-0.057753818998986274,0.3487879264008538,-0.431021452,0.07275610939919581,-0.1691593977382112,0.05950413241,-0.07124249145174164,-0.1874715468662872,-0.0572368798866666,0.08900339421285958,-0.5066175416360871,0.08224387417,-0.019822476682550334,-0.45625658724379287,-0.0629957454833333,0.08174183608078361,-0.7785644812973967,0.2675552402333332,-0.04894782044147594,-0.7722799806702475,0.1362436681666666,0.06257265543232013,-0.8060051609377088,0.2941731254999999,-0.04953690499567628,-0.798374934240686,0.11602697744,0.09861252225003986,-0.8410964230729594,0.2643475611666667,-0.03879991454032034,-0.8285752792519033,0.03822215098,onweer_g_ch1_g19_compr.mp4,ch1g19,2.8558753827965758e-05,0.0002645706473711077,4.437330667387189e-05,0.00020991421775196453,2.510420592212156e-05,0.0002558958360754236,4.4472138946664454e-05,2.9536669681786682e-05,1.6866634000979555e-05,2.0283794758386183e-05,0.00019676343103615883,2.783521769604853e-05,4.571604122248285e-05,4.395477581248282e-05,0.00011547769224836458,2.2751499839253683e-05,2.321992675144668e-05,0.00020754902515340945,2.7650908920995012e-05,4.537884317855451e-05,0.00024644078773792486,5.435090020789167e-05,4.599772952806494e-05,4.8784999083415356e-05,2.389736733930371e-05,9.241270752889855e-06,4.8912998749739624e-05,0.00019293892135307318,5.7280735688684716e-05,0.0002064716283719975,1.001664978893635e-05,2.4271348984939524e-05,0.00026947144610059133,0.00040573652909823334,3.654664047360279e-05,-0.0005461308159219093,-0.0005297921858789484,-0.0005394877406488743,-0.0005402435999480213,-0.0005168682371004533,-0.0005116922725715454,-0.000505247581967911,-0.0003789012386038339,-8.898450444595613e-05,-0.0004819111967033647,-0.0004007854165216666,-0.00023864039999228412,-0.00044009364217207275,-0.0018930764456701972,-0.0034704882082099175,-0.0032017991647685356,-0.004308043331957336,-0.003458129691523769,-0.0043631183721022145,-0.0034442944799796217,-0.00390337999005073,-0.0032726651172749767,-0.004142412759370125,-6.671455237623968e-06,-1.3215036692631643e-05,-0.00042820059966714233,-0.0003040741835543511,-0.00040203455245895056,-0.00043244841411740285,-0.0004177082551376376,-0.0004297325475807722,-0.00042112562299642594,-0.00032856934136839836,-3.4549942589837034e-07,1.272030234828351e-05,-4.2015993988327867e-07,3.840095354664779e-06,-2.1009469939944393e-06,1.2824924986549716e-05,-5.561643883467346e-07,6.959612600115861e-08,1.788026322229907e-06,-1.303891207395814e-06,1.2470355987099054e-05,-3.458015064780377e-06,-5.017784536575237e-07,-3.778078112433665e-07,7.091257491787302e-06,-5.283032570585005e-06,-2.781672994554027e-06,1.3507600617174144e-05,-3.404091458191082e-06,-5.573789392822211e-07,1.2817439861421722e-05,-1.02421037625589e-06,-4.304051151477427e-07,-7.600800288668807e-07,-2.3429674133406946e-06,2.440931325654461e-07,-1.0273156174602848e-06,1.2267840437975018e-05,4.136815860952364e-07,1.3096315501893802e-05,1.8404071293420178e-07,2.894963293631139e-08,1.4440351357170008e-05,3.0907080202432737e-07,7.00218793237061e-07,-2.5308120436447575e-07,-2.4785895332942817e-07,1.2055667292497335e-06,9.280400994658763e-07,-2.457518580426693e-07,-2.860979538719387e-07,4.575757900216237e-07,5.0999240864871934e-08,1.5213227004742446e-06,6.295672872210961e-07,-4.348287565074763e-07,-2.2960864942752296e-07,7.484712952136006e-07,7.578027138638974e-07,8.909270244280838e-07,1.730336584031322e-06,5.381079065336712e-07,-4.4749741712744585e-07,1.4918821932143944e-06,-6.797313895063219e-07,-4.4378504176164545e-07,-4.5529465422308655e-07,1.1513950175542411e-06,-7.026281968985347e-08,-6.834643939385254e-07,1.4957918768493904e-06,-2.710972267400769e-07,1.6975237082688113e-06,-7.576862174646258e-08,-6.919188779182103e-08,1.2026420301263791e-06,1.830121044563794e-06
4283.333333333322,0.017998479707358433,0.34049285384043476,-0.2727890330333333,0.027929295587643996,0.3553515296447795,-0.2650836349,0.027581972041966357,0.35681655885917185,-0.2552791432666666,0.025685246377090944,0.35661203616108816,-0.2572837175666667,0.007103786816305887,0.3640995983374488,-0.2883191237999999,0.009344484256446052,0.36405785847987554,-0.3026173828333334,0.012471140157476643,0.35374151246638247,-0.2814603193,0.046845000306998355,0.3511329393148839,-0.1599566777999999,-0.062391557118673224,0.30937101011582985,-0.2030191694666666,0.03568332871710217,0.331036663279846,-0.2227631702333333,0.005871927419675177,0.3034766533685481,-0.2641453671333332,0.11664557479433464,0.23211735229486108,-0.0174009729961333,-0.1253451852696932,0.2795842335032632,-0.0791369741099999,0.24871865159591355,0.17898256657043457,-0.0619641987766666,-0.14598175146494607,0.17888861975503503,-0.2716491798333333,0.33068177071529953,0.3053470304901788,-0.1773245833999999,-0.07059260965653325,0.32353731543970293,-0.4298494973333333,0.33515346144281477,0.34636158496624253,-0.1917971095,-0.031041010983090367,0.3660140968432205,-0.4921665089333332,0.320573207092227,0.36664999136315557,-0.1970043194999999,-0.006305065064869729,0.4107576337907156,-0.4765677239999998,0.33311074590402695,0.30558647444108367,-0.1842020886333333,-0.058605711581447256,0.34460384848304637,-0.442367643,0.07291625490683996,-0.16916735174424416,0.0591416578133333,-0.07138974635085647,-0.1874836271409359,-0.0568514721566666,0.08918465692318597,-0.5070380837377084,0.0815683178566666,-0.01968778942407878,-0.45657624744438513,-0.06248320775,0.08182805864475005,-0.7789647239978554,0.2672802899666666,-0.04891491422493563,-0.7727520792375914,0.1362034618333333,0.06267512606962866,-0.806421197273158,0.2939191958333333,-0.049479367807166635,-0.7988501199943312,0.11589468864,0.09856491444317733,-0.8415362371715303,0.2640017002333333,-0.03890757715765953,-0.8289422782814304,0.0379977658366666,onweer_g_ch1_g19_compr.mp4,ch1g19,2.877292503284327e-05,0.00028019280103637706,4.395875152630835e-05,0.00021310470756888688,2.3891576965372924e-05,0.00027191116822865936,4.3901742843157075e-05,2.9542159079065512e-05,1.867780114494227e-05,1.9114312666478148e-05,0.00021207448247842047,2.6460812987938683e-05,4.490290006187148e-05,4.3588476337445714e-05,0.00012209153080320454,1.9465831556787225e-05,2.159042698686385e-05,0.00022513597042273325,2.634080802130574e-05,4.4469120704256896e-05,0.0002630723075517102,5.250154437330898e-05,4.526697955502067e-05,4.738088439960791e-05,2.2481082782249094e-05,9.273550274820486e-06,4.675392361348998e-05,0.0002076052851300877,5.6833048407974355e-05,0.00022435447312908112,9.987342555792998e-06,2.3723613058994076e-05,0.00028785018892955297,0.00042653009090619435,3.463000505742992e-05,-0.0005675279302779855,-0.0005512322026239977,-0.000562845194524355,-0.0005624728775154507,-0.0005431873751886911,-0.0005373517599420877,-0.0005282302410358869,-0.00039926554530238267,-0.00013746937244947028,-0.0005015698289268894,-0.00042491602163416994,-0.00026675441435875934,-0.0004652501974525895,-0.0020091229209686164,-0.003511182139641194,-0.0034417188678482623,-0.0046157854143686295,-0.0037355465985568284,-0.004741155045859037,-0.0037187474339306996,-0.004281368779118382,-0.0035183806150506235,-0.0044697933193164514,-8.824366328380262e-06,-1.1721618509267918e-05,-0.00042336480341692573,-0.00027987419310668076,-0.0003860945228090429,-0.00040989567740380196,-0.000402678697960894,-0.00040501700363549666,-0.00039205977702461213,-0.00029869211670792157,1.3943814937512956e-08,1.3533909554816847e-05,-3.7911229802766937e-07,3.6191431357672967e-06,-8.132645014613291e-07,1.3956413757021923e-05,-5.171897432199322e-07,-1.8974394409175253e-07,2.0827532355703662e-06,-1.2295072432658988e-06,1.4790179438021693e-05,-2.7791033363731456e-06,-5.657770420038685e-07,-3.1840681726501453e-07,8.034478050506315e-06,-4.557179002147832e-06,-1.810977964125089e-06,1.6238008737076532e-05,-2.8176584909595622e-06,-6.301429837810118e-07,1.4840448127490894e-05,-1.384204462493606e-06,-5.130414641575497e-07,-1.1297670074193533e-06,-1.0542253083989497e-06,1.7303576275542938e-07,-1.5336474918271173e-06,1.4528807107879576e-05,1.1415195382517941e-07,1.5869655285291767e-05,1.1215570692773729e-07,9.785524280425347e-08,1.5843609266386434e-05,4.670103104348424e-07,-4.972208831051948e-07,1.4007538519865364e-07,-2.5993544585167445e-07,1.1095586634252518e-06,-2.945358425187313e-07,1.4422604951676864e-07,-3.5042977952712283e-07,3.222271299547832e-07,1.1841585897915567e-08,9.97935574996345e-07,4.861899862613273e-07,5.7806180870206425e-09,1.5796757304237474e-07,6.465754323125587e-07,9.701162799370132e-07,8.564775164262859e-07,1.0996803357888701e-06,4.05420147840811e-07,-6.295554021896794e-09,2.3064223372962762e-07,-8.135519240217517e-08,-1.4313605622560777e-08,-1.599044611751116e-08,1.1107312512129445e-06,-6.645295523048124e-08,-1.344280551481385e-07,9.580909273001917e-07,-1.201640230841378e-07,1.1540323954735803e-06,-6.66806254528664e-08,1.5779541555950032e-07,-2.808550705087188e-07,1.2848319178986533e-06
4299.999999999989,0.017336277128643735,0.3398082067424348,-0.2728730169666666,0.02746902710117068,0.3546996253070626,-0.2651633511333333,0.027142646908679603,0.3561509733779359,-0.2553640063666665,0.025236948686104647,0.3559483946670856,-0.2573659719666666,0.0066001981051664795,0.363456296262579,-0.2883436064,0.008840553712206451,0.3634180082121829,-0.3026433218,0.011970194176769922,0.3531155444039243,-0.2814754667999999,0.04660424270048209,0.35068983353818445,-0.1597979556,-0.06275328515840488,0.3091752929718813,-0.2025327752,0.03506981210596966,0.33044148375727084,-0.2227590167666666,0.0052075849654778334,0.3029532257804732,-0.2640916136666666,0.11650746969250865,0.23185612067448663,-0.0175229480661333,-0.1261830876727197,0.2790997316233532,-0.0778632971199999,0.24837347170713103,0.17702353206576762,-0.0635408812033333,-0.14647961122892972,0.17524046729461515,-0.2700235058666667,0.3303238441883518,0.3018699222371797,-0.1808518422333333,-0.07114696593313945,0.3186407382597351,-0.4301304845666666,0.33493733247579177,0.3426010741369987,-0.1957509329333333,-0.03137594534826226,0.36099500010297303,-0.4927387184999999,0.32046267428602926,0.3628684936811917,-0.2011158270333333,-0.006741793568025199,0.4062109388682724,-0.4773831870666666,0.33280273939366845,0.3020231468141219,-0.1878702617999999,-0.05911718860597759,0.3398642323007181,-0.449190468,0.07307611088447058,-0.16917779496234395,0.0587799625466666,-0.07153731559398475,-0.18749438323867704,-0.0564668412966666,0.08948641299821436,-0.5074109249335184,0.0807791188333333,-0.019516110185782965,-0.4567951075521128,-0.0620250679466666,0.08206693126767135,-0.7792302882780971,0.2667998586666666,-0.04880192726812986,-0.7731115357372877,0.1362550439666666,0.06293336676121195,-0.8066993267386547,0.2934593152,-0.049332544170281545,-0.7992079562235876,0.1158773228066666,0.09866917509000407,-0.8418468998460682,0.2633989065666666,-0.03890403462402726,-0.8291980323278141,0.0378536167866666,onweer_g_ch1_g19_compr.mp4,ch1g19,2.937047483689184e-05,0.00029495200653254855,4.397050398786964e-05,0.00021686013560926457,2.376180269501008e-05,0.0002869894918458161,4.3773343396161966e-05,2.9190518366111198e-05,2.127252053552749e-05,1.8120864641997295e-05,0.0002291327753175356,2.457373911618472e-05,4.4777109653238124e-05,4.3701075798826146e-05,0.0001318535219533838,1.5575997645385773e-05,2.0571263312369948e-05,0.00024396600458733946,2.4394895896211225e-05,4.426036211921798e-05,0.00027850756178287965,5.101763297141235e-05,4.5174020656401995e-05,4.5980984337404734e-05,2.2098626839767932e-05,9.335253097162233e-06,4.4680996032587604e-05,0.0002246862908027186,5.635600963638608e-05,0.00024257237355240158,9.993137228934893e-06,2.35858183544151e-05,0.0003046736692963136,0.00044932647941139687,3.291595743693771e-05,-0.0006036482023621531,-0.0005876788288823576,-0.0006018310448216011,-0.0006001976951082975,-0.0005838263833365383,-0.0005786445543463945,-0.0005672994611694204,-0.00043377813075638104,-0.00020516943277088578,-0.0005339528358091575,-0.00046200030708501167,-0.0003112799380424362,-0.0004989491000827621,-0.0021782832768628196,-0.0035572198230751665,-0.003733743830500891,-0.004916890697049638,-0.004062502727960594,-0.005108503307091512,-0.004039845946789245,-0.0046576187068416396,-0.0038110893497987114,-0.004792203596403816,-1.1018389818638247e-05,-9.846935008502067e-06,-0.00040619538246699285,-0.00025658865487599607,-0.00035166715800466714,-0.00038958058930815316,-0.00036614930303414576,-0.0003809789758590098,-0.00034933896419973295,-0.00027466244455885447,4.830652981291432e-07,1.2308812871951379e-05,-6.204237306265606e-09,3.4674594009736516e-06,1.6615709247971175e-07,1.2970768939122791e-05,-1.4876262656946378e-07,-5.185888999373201e-07,2.3260426749358603e-06,-1.204222205631098e-06,1.5983362699117254e-05,-2.4491850934620393e-06,-2.5134911099830423e-07,6.607355766165023e-08,8.876044023513223e-06,-3.6579586396349375e-06,-9.72987189716629e-07,1.761739072192641e-05,-2.5280644955865716e-06,-3.1728333187716943e-07,1.4502078569942257e-05,-1.2117357459458365e-06,-2.241351071621185e-07,-1.0918206287331548e-06,-8.273900269699283e-10,9.605505658724085e-08,-1.518823555955669e-06,1.5731482770191674e-05,-3.916734620833114e-08,1.7264982195164528e-05,4.0903059911815855e-08,3.861064256256727e-07,1.4713021959373418e-05,5.378835466857261e-07,-1.6995140555127985e-06,4.502707157063556e-07,-3.0648376070332635e-07,8.688773427100339e-07,-1.5574227792732057e-06,4.5407259911700785e-07,-3.699659347517306e-07,1.2346513352759465e-07,-4.2261181238067694e-08,2.0271477228362458e-07,3.4406805923604557e-07,3.5356987672060463e-07,4.6177264417799603e-07,2.8302029406193776e-07,1.1541156507581884e-06,7.135954971448714e-07,1.701195689743969e-07,2.794724944402869e-07,3.414654172198901e-07,-1.1469765042122829e-06,4.6096520187741913e-07,3.271818188431513e-07,3.9315826376202393e-07,9.299702468972372e-07,-6.56494162283054e-08,3.850393874101529e-07,1.2369541353391966e-07,-1.4614694544175808e-08,3.708424239607393e-07,-6.09532364698575e-08,3.104115305492044e-07,-1.792420203673831e-06,1.7543321699839647e-06
4316.666666666656,0.01677600275451523,0.33913350616806515,-0.2739933825999999,0.0270821986500965,0.35404598484688243,-0.2662941694666667,0.0267775367016139,0.3554805020169808,-0.2564862982666666,0.024859445845554044,0.35528009510995057,-0.2584965677666667,0.0061600637677064985,0.3627998088096708,-0.2893233597333333,0.008407398474369093,0.36276901901208025,-0.3036589919,0.011528094732821535,0.35248136082371556,-0.2824515882333333,0.04645799471066275,0.3501984995903336,-0.1607250914333333,-0.06304593317774557,0.3089010497657955,-0.2028467476333333,0.03456039822217867,0.3298456419372909,-0.2238031158,0.004658313037999192,0.3024269478267267,-0.2650346167666666,0.11653287567249543,0.23149707390163535,-0.0186193222361333,-0.12702208731131703,0.27857111439058196,-0.0771725580266666,0.24812313134890762,0.1747020194759896,-0.0661118814966666,-0.14720321299095465,0.17159992722396833,-0.2690952111999999,0.32970200260746213,0.29801221813471396,-0.1856701364333333,-0.07162301379963086,0.31354617371637633,-0.4314993499999999,0.33426891449404966,0.33843081876906594,-0.2011256692666666,-0.03154500703400286,0.3557257785298554,-0.4945447382333333,0.31975433223352145,0.3587129945109598,-0.2065334767333332,-0.006875627976381456,0.4014103401874605,-0.4793785021,0.3321577582791113,0.29806007402440665,-0.1927637994333333,-0.0594797097447075,0.3348892304469988,-0.460869282,0.07324576398435717,-0.16918661048381195,0.0583971196133333,-0.07169783585276808,-0.18750691653904272,-0.0560600765999999,0.08983213064276191,-0.5077917951061699,0.0803107065433333,-0.019341206965472063,-0.4570132904414497,-0.0610496539533333,0.08233441418376237,-0.7795219575093414,0.2668228986333333,-0.048571986907670575,-0.7734125006284633,0.1370123430666666,0.06322842665789212,-0.807005702745407,0.2935457359666667,-0.04904265761955011,-0.7994860584482805,0.1166034698066666,0.09882110614323222,-0.8421350150242216,0.2632542113333332,-0.038880068862199184,-0.829374888916714,0.0382880179866666,onweer_g_ch1_g19_compr.mp4,ch1g19,3.0477663821358257e-05,0.0003051041204507996,4.4900550371340435e-05,0.00021986855301317582,2.431059948186054e-05,0.0002975244077249072,4.455769962745312e-05,2.8361425526964964e-05,2.4418326097521106e-05,1.6846077746949714e-05,0.00024678121074680137,2.143953978378946e-05,4.566920939006981e-05,4.473315209456546e-05,0.00014311778993902842,1.1511599771017153e-05,2.0079200275672815e-05,0.0002631486737065163,2.1207454426890562e-05,4.5074681976910764e-05,0.00028947628265124355,5.084424427524042e-05,4.605929854040338e-05,4.541212291243904e-05,2.2437292499260204e-05,9.462486786219434e-06,4.3757350030710046e-05,0.0002425462158538712,5.62750167543674e-05,0.0002604980700255233,1.0071484606787737e-05,2.4274253050309668e-05,0.0003165155012077357,0.00046983196309130385,3.0873746419344675e-05,-0.0006474123749974267,-0.0006316441664618381,-0.0006483329560589774,-0.0006457936875204316,-0.0006280607470311779,-0.0006238151701125326,-0.0006102518499396606,-0.00048136133550666284,-0.0002742174977400494,-0.0005766618033198084,-0.0005055210012718444,-0.0003687666679217741,-0.0005380471619335678,-0.0023727180978386467,-0.0035879366365775666,-0.004041093388107375,-0.00511576543768251,-0.004403423802161837,-0.0053539985043854765,-0.004368663747905568,-0.004913888791334202,-0.004118654723903832,-0.005008252121756232,-1.24359875137091e-05,-8.32679101148364e-06,-0.00037454380523816,-0.0002317412512219099,-0.00029195329246602683,-0.0003545862535972723,-0.0003028238420127256,-0.0003393287662867757,-0.0002859975791529984,-0.00023910696896980128,1.0309000792082108e-06,9.48720660469195e-06,5.28913876724644e-07,3.148506748281031e-06,7.559511686276302e-07,1.030644476158026e-05,3.864274844881923e-07,-9.525224660995365e-07,2.4440500949506052e-06,-1.2858884055368262e-06,1.563663682228933e-05,-2.409898012748716e-06,2.2926502285102081e-07,6.117389249274359e-07,9.142414945630819e-06,-2.5095451181199863e-06,-3.1248444398698537e-07,1.7213345473970513e-05,-2.4949078486267884e-06,1.4891189067425114e-07,1.2231694832351908e-05,-5.9368842804252e-07,2.1482995191067255e-07,-5.886181640303045e-07,6.787042550086531e-07,1.7306245772120296e-08,-9.537610759328575e-07,1.5402202067543964e-05,-6.025711757738366e-08,1.7010835122863365e-05,-2.5840934242250316e-08,8.291599728943808e-07,1.1579047891367837e-05,5.142150078709239e-07,-2.4774412349435833e-06,6.248288196899561e-07,-3.3986067227906763e-07,5.417153388078972e-07,-2.4224599376669914e-06,6.331107046162075e-07,-3.284918589370407e-07,-9.010499573461915e-08,-9.147313102580213e-08,-6.976001397089243e-07,2.9604890026139393e-07,5.591614024860214e-07,6.313391897019765e-07,-2.703954666905704e-07,1.3022261091430829e-06,5.030840153492158e-07,-8.647420470610936e-07,2.4300569100292924e-07,5.470657725830803e-07,-2.1806955552070367e-06,8.446425789010455e-07,5.303941355540612e-07,6.91052165935963e-07,6.563595865822222e-07,-6.870692638888022e-08,7.724664493700483e-07,-8.177875203476816e-07,2.7720179206568933e-08,-4.880808242537746e-07,-5.9253202344428934e-08,3.6363089528166376e-07,-2.8361521033411875e-06,2.6448271183583982e-06
4333.333333333323,0.01631942625164186,0.33850236266729006,-0.2750202722666666,0.0267545305878587,0.35342672445364676,-0.2673282325666666,0.026473776526644174,0.35484432674240146,-0.2575184093,0.02454110264493222,0.35464664946110996,-0.2595336769666667,0.005778383013920654,0.3621788787523865,-0.2902242938666666,0.008036038055502246,0.36215810190825676,-0.3045873392000001,0.011150239107281421,0.35188460873783783,-0.2833484543666666,0.046362752990929144,0.3497118106426063,-0.1615525693,-0.06327977737407986,0.3086034838580766,-0.2031381269333333,0.03417438049230173,0.3292765929200508,-0.2247529719333333,0.004237770949812375,0.301932898087921,-0.2658914215999999,0.1167192362148611,0.2311091357265251,-0.0196642573494666,-0.12784587154600702,0.2780372392538912,-0.0764521946533333,0.2480104347710679,0.17209469348452816,-0.0687955503266666,-0.147998529642273,0.16803352861798318,-0.2681676765,0.3289759610641389,0.29377487401199687,-0.1906640323666666,-0.07192040045828664,0.3083560089294317,-0.4329862454666666,0.33338305649941646,0.33381783244989216,-0.2066665841,-0.031450415946435696,0.35022490759170666,-0.4964336282999999,0.3188476679815503,0.35415087380442367,-0.2121013452999999,-0.006645127545279555,0.39632790806359475,-0.4814764097666666,0.3313754366060466,0.2937359883218018,-0.1978115064333333,-0.05960164152104267,0.3297614222327087,-0.457129955,0.07341827407003075,-0.16919589754559666,0.0580143757133333,-0.07186185676351954,-0.18751965124184822,-0.0556535429966666,0.0901756500144606,-0.508146585882151,0.0797926989666666,-0.019178896196945863,-0.45721499798967574,-0.0600099852833333,0.08259126376209472,-0.7798085334820288,0.2668093167333333,-0.048394993180045615,-0.7736902177945311,0.1378359236,0.06351784201703489,-0.8073063609845949,0.2935995796,-0.048814386297144,-0.7997431618720308,0.1173915433,0.09897676075423871,-0.8423671243672342,0.2630703915999999,-0.03890805186511262,-0.8295155168371264,0.0387275865333333,onweer_g_ch1_g19_compr.mp4,ch1g19,3.2042839242989945e-05,0.00031220386670856016,4.6489072743330824e-05,0.00022328421473465337,2.54619155106645e-05,0.00030513859705890415,4.60209972359912e-05,2.7069862055022158e-05,2.782232719301711e-05,1.5355094596342466e-05,0.00026298822359960663,1.768076559601218e-05,4.738268734615223e-05,4.638753314149662e-05,0.00015502219206259645,8.307675831873948e-06,1.952285140618978e-05,0.0002801272985725261,1.744962381281617e-05,4.6738886342514505e-05,0.00029838316954414,5.1761786580657265e-05,4.7768624368742906e-05,4.566485952531959e-05,2.3264980184415573e-05,9.685066786500756e-06,4.4001524133893664e-05,0.00025903149481122195,5.6796959899224156e-05,0.0002762754130869873,1.0251001330317972e-05,2.5839932173849664e-05,0.00032472451265999104,0.0004883198647131568,2.9081758443912056e-05,-0.0006976306209322771,-0.0006778882984524839,-0.0006967080941410891,-0.0006935890862695881,-0.000675128358477136,-0.000671543339032324,-0.0006558699490929535,-0.00052889083177428,-0.00033915174304616235,-0.000624680466366339,-0.0005544521739464765,-0.0004247025968074393,-0.0005791737651419546,-0.0025765949121745735,-0.003627925778762056,-0.004321940662282178,-0.00522941165882669,-0.004700829525618408,-0.0054821239811401285,-0.00465575798853001,-0.005058557068153322,-0.004398600780608644,-0.005132290910593897,-1.3284619844524288e-05,-7.381561161157578e-06,-0.0003331617966811662,-0.00020820914037315838,-0.00019675734869050712,-0.0003009012160634556,-0.00020280386918680366,-0.00027817439799361057,-0.00019322215276035284,-0.00018618258488180774,1.5786298932742942e-06,5.727243497751765e-06,1.2390712528192717e-06,2.7263471852305137e-06,9.971295231110206e-07,6.527689665453253e-06,1.1066736825552203e-06,-1.3535215908048359e-06,2.3331267123274757e-06,-1.4225955907597683e-06,1.375139694429171e-05,-2.4414080879834584e-06,8.915092337563682e-07,1.3306818529143802e-06,8.724118159827314e-06,-1.2445740117971082e-06,7.433718428058615e-08,1.4922655085791827e-05,-2.538446041711746e-06,7.961182790192026e-07,8.445853387402509e-06,5.125599509602317e-07,8.36020848695026e-07,3.953606975296095e-07,1.0426657294197473e-06,-5.552439012232368e-08,1.487513207784411e-07,1.3501844628008178e-05,1.7532945667066264e-08,1.5037494269253949e-05,-8.481308288992349e-08,1.2921974450555173e-06,7.0801930981849545e-06,4.0530208467558326e-07,-2.675737131403949e-06,6.56129203996727e-07,-3.7069910806599334e-07,1.6741002027281683e-07,-2.7166688908180388e-06,6.723547527069063e-07,-2.2699255407691972e-07,-2.622110798835943e-07,-1.2152838375831777e-07,-1.492391605110971e-06,3.4405249371151107e-07,6.177313408598294e-07,6.601044555870628e-07,-8.994913737520064e-07,1.3729006055378962e-06,2.7162228632888254e-07,-1.7535351813487235e-06,2.959665542285274e-07,6.061540865556922e-07,-2.6955311598608768e-06,1.0276859718378532e-06,5.885458893375731e-07,8.352112925719455e-07,3.2434498974194554e-07,-7.374000491690665e-08,9.750345229345501e-07,-1.6416066014514722e-06,6.16803065293727e-09,-1.2393966494303486e-06,-6.015467836678359e-08,3.235079554324996e-07,-3.19568942931066e-06,3.2864789654702007e-06
4349.99999999999,0.015923190996441187,0.3378052248174594,-0.2761030949333333,0.02646903423711858,0.35274986350916265,-0.2684754779333334,0.02621017454471571,0.35414646702555913,-0.2586687445666666,0.024267804117340225,0.35395302187327715,-0.2606861099333333,0.005439744218416726,0.3615050248725109,-0.2912787149333333,0.007706918433155535,0.36148305886581605,-0.3056601458,0.010817095682331437,0.35122185318452415,-0.2844050629333333,0.04629296814832335,0.3491772948182146,-0.1626185169333333,-0.06348003055207793,0.3082309885032808,-0.2037984073333333,0.03385202633341579,0.3286464847127458,-0.2257756446,0.003885020758155886,0.3013667624646551,-0.2668244314333333,0.11693111858923674,0.230667779706983,-0.0208225796494666,-0.12848090913828145,0.2774560543584621,-0.0760489034166666,0.24803462043164157,0.1694788998335204,-0.0714032774899999,-0.14881634136643496,0.16449698576158295,-0.2669440467666667,0.3284780063146449,0.28928697140453513,-0.1950772387333333,-0.07213377084371102,0.3029433107281177,-0.4332727322333333,0.3327453137781179,0.3288757037007012,-0.2115172006333333,-0.03123503885418508,0.34445482296311986,-0.4968405620999999,0.3181466509040376,0.34928780864446074,-0.2170178229999999,-0.006281703842110022,0.3909223264579888,-0.4820724264,0.33081456388894637,0.2891915321475259,-0.2022926795,-0.0596299812727257,0.3244178624208536,-0.422723919,0.0735840110885435,-0.16921369451732882,0.05769205776,-0.07201854535311988,-0.18752226524109347,-0.0553162234233333,0.09049847452169936,-0.5084698507585662,0.0790589729899999,-0.019013679034731817,-0.45738504549238335,-0.0592926406499999,0.0828251275529423,-0.7800766159216218,0.2663897030333333,-0.048258162910683314,-0.7740082151341299,0.1377843452,0.06378896437027269,-0.8075856507139652,0.2931837065000001,-0.0486338070165689,-0.8000436957125003,0.1172331077,0.09911574347873266,-0.842604772626069,0.2623447845333332,-0.03883382905820989,-0.8296895101116833,0.0382752719666666,onweer_g_ch1_g19_compr.mp4,ch1g19,3.3733568448967893e-05,0.00031651996056229986,4.8069377396875723e-05,0.0002265433535321041,2.6537166394744625e-05,0.00031047199548753614,4.747693741819125e-05,2.5523984809674682e-05,3.0242903447507604e-05,1.3820419224318703e-05,0.0002755432571705541,1.4112676945727667e-05,4.880560825002355e-05,4.804737614321535e-05,0.00016477834110763777,6.725670655152567e-06,1.8805177162542822e-05,0.0002929514077760226,1.3814459225802415e-05,4.809805668578745e-05,0.00030700534866474986,5.283753306109109e-05,4.908626234229501e-05,4.65167452799273e-05,2.4307217849245594e-05,9.679281935412348e-06,4.504207986444157e-05,0.0002714046362342067,5.738016272575512e-05,0.0002890833400952399,1.0215754191718212e-05,2.802579300638633e-05,0.00033062021475982294,0.0005023138010562112,2.79585429390024e-05,-0.0007469849998916772,-0.0007197324106413632,-0.0007403601264728456,-0.0007366044320232916,-0.0007164612124920532,-0.0007148721568742589,-0.0006976704344578811,-0.0005649589372021674,-0.00038696974892013145,-0.0006708524840781124,-0.0006041487223148161,-0.00047114620411806564,-0.0006164248471784424,-0.002743383419712471,-0.0036702858425271025,-0.004521107392982076,-0.005248876686143161,-0.004893535644429147,-0.005488682246801058,-0.004841698394678667,-0.005087209013524979,-0.004595911327482898,-0.00515583314879709,-1.3413096627775116e-05,-6.97587380251956e-06,-0.0002800014529177724,-0.0001832987629633283,-6.50457610596983e-05,-0.0002294682163919727,-6.645377924425664e-05,-0.00019965779453180756,-6.585998690839612e-05,-0.00011609694804438107,2.0463107189834416e-06,1.8276310478852722e-06,2.073882864776358e-06,2.268351382576369e-06,9.77815051846045e-07,2.4448266529654367e-06,1.9697488027948114e-06,-1.621858005760944e-06,2.076413822769658e-06,-1.5840370771853638e-06,1.1167387055506976e-05,-2.2763894465893587e-06,1.6724372258478007e-06,2.16620183369896e-06,7.73301196733387e-06,2.140742951780341e-07,2.3877037355904586e-07,1.1746417331861218e-05,-2.4177270005828204e-06,1.5654628359150241e-06,3.897697777250397e-06,1.9656207688791213e-06,1.5896661904915806e-06,1.6926999460891273e-06,1.1543396621609214e-06,-1.0599287754764589e-07,1.6068943040635754e-06,1.0801662366549616e-05,2.1094081482414365e-07,1.2378197293291493e-05,-1.2196245522056185e-07,1.6716022985300968e-06,2.207364750699868e-06,2.526324450259758e-07,-2.2336069355198935e-06,5.984490922752798e-07,-3.588359582092553e-07,-1.8881625625990633e-07,-2.3742592260280016e-06,6.250304374754071e-07,-7.074189584731498e-08,-3.308927022886493e-07,-1.2528364477273297e-07,-1.9533376693469826e-06,4.5446453469080883e-07,6.009204010973731e-07,6.004374748858876e-07,-1.4057766198590616e-06,1.3253103747734855e-06,5.4374692982607416e-08,-2.2467475230157257e-06,4.0951035748514727e-07,5.920502059016685e-07,-2.596954050371263e-06,1.0551933978489675e-06,5.742051807621612e-07,8.386205009978175e-07,-1.8940118115397847e-08,-6.707570174226353e-08,1.008998754625331e-06,-2.0919840259277175e-06,-4.4366319076438147e-08,-1.6947729769730122e-06,-4.998329487638553e-08,2.3055226710985978e-07,-2.8056562861672154e-06,3.3867932114296015e-06
4366.666666666657,0.015480131340452273,0.3370734944624318,-0.2774167912333333,0.02613510269083405,0.3520392034729069,-0.2698421687333333,0.02589961856951972,0.35341522903448463,-0.2600418219999999,0.02394909769932982,0.3532245184244349,-0.2620591079,0.005053664675925714,0.3607965030535647,-0.2925272295666666,0.007328853353274182,0.36077377579074194,-0.3069284491999999,0.010436824877969141,0.3505279121130644,-0.2856608205333332,0.046242801086512804,0.3486041141742384,-0.1638156588333333,-0.06371662695000305,0.3078185349766921,-0.2045088505,0.03350062666878501,0.3279826932942767,-0.2269990676666667,0.003493642749245097,0.3007644262140647,-0.2679271590999999,0.11715216885188234,0.23014766849384077,-0.0220438676128,-0.12911749545458195,0.2768038654929779,-0.07567230637,0.24806170162102423,0.1666109205956891,-0.0738778636766666,-0.1497346124590306,0.16094337212526139,-0.2658290559666667,0.3280621512605999,0.28455266666445345,-0.1991409083333333,-0.07245855870973915,0.2976751650381254,-0.4337380835666666,0.3322518543901236,0.32373837544000467,-0.2159751328333333,-0.0311595261995046,0.33889698698767184,-0.4974976595999998,0.317631942288361,0.344206451603361,-0.2214354768999999,-0.006033910072289546,0.3857096235217142,-0.4829213406,0.3303591595610097,0.2843950855026148,-0.2063590057333333,-0.059754558339786136,0.319210665185486,-0.411933959,0.07374941715558528,-0.1692321442650473,0.0573725763666666,-0.07217472004909921,-0.1875241728076865,-0.0549818177733333,0.09076882380779132,-0.5088316456511753,0.0783268469633333,-0.018866347947118695,-0.45763573429278925,-0.0588258813966666,0.0830440010638315,-0.7803759349880253,0.2662028822,-0.048248254938650204,-0.7743498282212397,0.1377674612,0.06404793171101511,-0.8078978092602247,0.2930460781,-0.048598368168464474,-0.8003584712339125,0.1171232558666666,0.09923902718215083,-0.8428932189529249,0.2618830919333333,-0.03885965298015926,-0.8299255190343741,0.0378808603333333,onweer_g_ch1_g19_compr.mp4,ch1g19,3.5471727199597996e-05,0.0003179778259975995,5.000261966726017e-05,0.00022845758012353227,2.7595942409616408e-05,0.0003132901594197977,4.933818235439183e-05,2.383586584059055e-05,3.166343003322255e-05,1.1913942705299188e-05,0.0002845680115027406,1.1486413735517546e-05,5.0220439421795666e-05,5.005941304780774e-05,0.00017079189589663154,6.8864088526314006e-06,1.884641927084879e-05,0.0003022494993015979,1.1079814355357826e-05,4.9437575648507e-05,0.000313544006589996,5.4920636222658164e-05,5.032862125604943e-05,4.835927542045398e-05,2.5836901859093113e-05,9.539490110585396e-06,4.6972321168530596e-05,0.0002798783202392321,5.7479803177687956e-05,0.0002998526710926615,1.008640572778209e-05,2.971693912693718e-05,0.00033343980572043887,0.0005106902285984722,2.8112413340472968e-05,-0.0008068023280749766,-0.0007648010414979093,-0.0007861130489712804,-0.000782035384764443,-0.0007539119433639362,-0.0007545037886243312,-0.0007364589924441546,-0.0005925113678316448,-0.00040545102056984566,-0.0007242894916590606,-0.0006579547803531221,-0.0005038670012098181,-0.0006406795259217022,-0.002845671520363168,-0.0036983838366137353,-0.004636774034276633,-0.005167455891014011,-0.004985029115195453,-0.0053616351481935685,-0.004933518271705578,-0.00497902262263211,-0.004706522466681505,-0.005071207779517601,-1.4319952816241467e-05,-6.1000603560662736e-06,-0.0002186310685149118,-0.00015824949336368423,7.169791394038308e-05,-0.00015435411491433648,7.23385982027276e-05,-0.00011955505884538491,4.67376673573823e-05,-3.9917865532279675e-05,2.317737453640788e-06,-7.020300192106876e-07,2.8485288918128312e-06,1.9523988500554226e-06,7.594495266508281e-07,-3.8114357259547467e-07,2.7808244479571493e-06,-1.7048085168154417e-06,1.628774604668663e-06,-1.8416034633763054e-06,8.22106579284916e-06,-1.9595716314034396e-06,2.4073173892017163e-06,2.937733794982941e-06,5.768413792690859e-06,1.4279533463347952e-06,1.1930119180389872e-07,8.308196518393849e-06,-2.185655203396022e-06,2.2961369090567265e-06,5.583991228557138e-07,3.344522575396304e-06,2.3127435003791406e-06,2.817441704455042e-06,1.088220165590599e-06,-1.49062171213547e-07,2.9487602687707385e-06,7.679406009716614e-06,2.82386455118846e-07,9.544676787879195e-06,-1.5130952512888752e-07,1.9230737575241315e-06,-1.0910722301306244e-06,1.0341090200526434e-07,-1.2257968560056972e-06,4.998397496494242e-07,-2.530781091691592e-07,-4.4705149258284637e-07,-1.4605690057254587e-06,5.348603061279144e-07,1.1506418151904596e-07,-2.7477512045462864e-07,-8.710544032078106e-08,-1.976680173755688e-06,5.825299503230876e-07,5.603454278904668e-07,4.998101748853588e-07,-1.6446820699932382e-06,1.1544016272344028e-06,-1.2935791405109807e-07,-2.2464828858162175e-06,5.416330298934607e-07,5.572068115667115e-07,-1.8788214834350724e-06,9.566469663887714e-07,5.363868684840557e-07,7.296380040033478e-07,-3.044219470205784e-07,-4.9332001897617985e-08,9.12065586041854e-07,-2.0664446178012544e-06,-8.656431099314661e-08,-1.7808236680791718e-06,-3.006453492850868e-08,1.555002700305723e-07,-1.738862810553032e-06,2.922635613847731e-06
4383.333333333324,0.01493608411026749,0.3362921848152459,-0.2791120208333333,0.02573004572567203,0.3512855985808302,-0.2715604335333333,0.02551964326156449,0.3526406628726045,-0.2617616722999999,0.02356132771117256,0.3524537567423854,-0.2637791787333334,0.004578058320837871,0.3600527322632068,-0.2941169977,0.006860278570343215,0.3600335096026974,-0.3085420840333333,0.009962060432369451,0.34981074203918966,-0.2872491839666666,0.04620134936975753,0.3479982279295228,-0.1651428824,-0.0640486076431139,0.3074254190765239,-0.2053362156,0.03306064292832206,0.3272721252707678,-0.2285350560333333,0.0029838260488549507,0.30013501654901165,-0.2693415793333333,0.1173239405859991,0.22962566780365717,-0.0232956342561333,-0.12982870536633084,0.2761449534656,-0.0753133605533333,0.24806589796253461,0.16369399760823286,-0.0763509127866666,-0.1507496734437098,0.15719426538845502,-0.2649199619333334,0.32771142476682796,0.2797314252854642,-0.2032501526333333,-0.0731927598314077,0.29250473722835824,-0.4350455283333332,0.33187184037335765,0.31854707677246225,-0.2204650658,-0.03164344908798982,0.3335360352231012,-0.4991750485666666,0.31726942581458295,0.3390392116822585,-0.225956068,-0.006451983942694259,0.3808013645531807,-0.4848384316333334,0.32999204213545946,0.279485511257742,-0.2105058108666666,-0.06035006189358175,0.31415571037173795,-0.414179653,0.0739190123266018,-0.16924552574257276,0.05704317014,-0.07233624538492675,-0.1875314646192181,-0.0546352640766666,0.09103791144162388,-0.5089855049417074,0.07814393993,-0.018854039328503592,-0.4578070008572022,-0.0581809118266666,0.08328188379081142,-0.7799878059843663,0.2668302995666667,-0.048234388609116205,-0.7744288756317742,0.1381932604,0.06432384183134313,-0.8074924825625105,0.2937667608333334,-0.048548369991062885,-0.8003882085874746,0.1175008877999999,0.09936432321777848,-0.8425480466103881,0.2621726756333333,-0.03890845853058294,-0.8299222222682465,0.0378316268966666,onweer_g_ch1_g19_compr.mp4,ch1g19,3.7194129874204974e-05,0.00031591192429577874,5.2311200717589875e-05,0.00022996036327422402,2.846222219953645e-05,0.0003118097971890717,5.1575800170814936e-05,2.2372851714794285e-05,3.2178048180368674e-05,1.0091814925453269e-05,0.0002899362174766052,1.0135413566278312e-05,5.183752398828455e-05,5.2443057291711596e-05,0.00017347120659304502,8.427008629594156e-06,1.9847786731859263e-05,0.000308029217619827,9.434611344989683e-06,5.0952850592985704e-05,0.0003136589158666605,5.793327581181225e-05,5.181950407115234e-05,5.121464574229913e-05,2.742727477920862e-05,9.27847734839036e-06,4.99244662501299e-05,0.0002844976878123466,5.754762602997489e-05,0.0003076827229361954,9.858801132367354e-06,3.1556500032498196e-05,0.0003310525401488303,0.0005135302391066111,2.9004608134660626e-05,-0.0008814858397888246,-0.0008179573998237988,-0.0008396563970669219,-0.0008351808116858763,-0.0007953364372234358,-0.0007966991662777978,-0.0007773827156566968,-0.0006162242153360105,-0.0004061981165892753,-0.0007901562990332966,-0.000720689330740581,-0.0005265387929653546,-0.0006586594308429061,-0.0028922683742176295,-0.0037254913713798904,-0.004670779374763868,-0.0049977669579184154,-0.0049820833764783745,-0.005116568494609713,-0.0049298691677468025,-0.00473287770691806,-0.004732983136710277,-0.004884768062881201,-1.485978268277123e-05,-5.553025934857454e-06,-0.0001525538079769346,-0.00013619011249979408,0.00020200947345917013,-7.598958594594764e-05,0.0002003939304229559,-3.7503324359266303e-05,0.00014507786688401154,3.5032275687346784e-05,2.328803618305147e-06,-1.3791587007161987e-06,3.225163574125506e-06,1.608518534107285e-06,9.757872920935966e-08,-1.2958002930063939e-06,3.183342558181978e-06,-1.4097162008814622e-06,1.2253965082791676e-06,-1.9166807234698046e-06,5.824859464088504e-06,-1.1694557259923738e-06,2.8491408932771314e-06,3.314101856997342e-06,3.4835582251217097e-06,2.5883760088219505e-06,-3.3665737439934867e-07,5.626354259784191e-06,-1.480844197787022e-06,2.7380176896911e-06,-6.582175100919697e-07,4.199528572954759e-06,2.730795351949358e-06,3.483371458895908e-06,6.148040753026386e-07,-1.9241440089478542e-07,3.810040818034905e-06,5.110458670942352e-06,1.484417291508541e-07,7.446730814165624e-06,-1.7696469868152566e-07,2.0156525881323603e-06,-2.1398958974086132e-06,-8.698028062838731e-09,1.383320741369201e-07,4.0403929752039624e-07,-8.245192882290587e-08,-5.856985153846949e-07,-1.3628104646623598e-07,4.4561060027395596e-07,3.0469175696425016e-07,-1.1518620508072407e-07,-1.2638455586776874e-08,-1.5663224581580503e-06,6.747710936431687e-07,5.320868090934568e-07,4.021283883774723e-07,-1.5652285178317407e-06,8.656657666742009e-07,-2.6150672801075965e-07,-1.772373754522973e-06,6.466114179334786e-07,5.37838269309353e-07,-6.132510779834687e-07,7.793171513629195e-07,5.062658124303536e-07,5.40699644903344e-07,-4.976899008873589e-07,-2.0095092434919087e-08,7.17699350154405e-07,-1.5792614161214631e-06,-1.2576303673055235e-07,-1.4844621747192607e-06,7.473360260168343e-10,1.0608854384032601e-07,-1.8506766881520832e-07,2.229336452127708e-06
4399.999999999991,0.014374050076535012,0.33535678585995304,-0.2810165263333334,0.025357301259012675,0.3504124446338081,-0.2735457370666667,0.0251698704160285,0.3517434547812091,-0.2637431665999999,0.023207382211905936,0.35156132991230166,-0.2657569279,0.004092952108695339,0.3592145597960508,-0.2960101535,0.006373812181413085,0.35918974373811147,-0.3104570054333334,0.009472229675240883,0.34898914029883477,-0.2891431453999999,0.04624324811296439,0.3473407352823748,-0.1665944457333333,-0.06442014718298651,0.3070026006384276,-0.2063545649333333,0.03263159473846932,0.3264357196255749,-0.2302484814666666,0.002423007084177943,0.29937564443859355,-0.2709859862666666,0.11748646688273687,0.2290517059803208,-0.0245088239581333,-0.1304847442749631,0.2754625911078485,-0.0751269490166666,0.24808089695497676,0.1607050006845388,-0.0782147517533333,-0.151670653924385,0.15337563863367673,-0.2639652261666667,0.32782819840404304,0.27503265578820163,-0.2057800231,-0.07427875367706756,0.28750992922354157,-0.4359566955999999,0.3321743855170031,0.31356351355997797,-0.2231424890333333,-0.03279303647605142,0.32846055099061544,-0.5003149009666665,0.3176524989193185,0.3341217541545396,-0.2286954199999999,-0.007651489780927294,0.37611951076620553,-0.4862161522666667,0.3301600451486602,0.27474361630927646,-0.2130567753999999,-0.06141070448954575,0.3092843743263044,-0.415418923,0.07409081157878983,-0.16926058073158867,0.0567895988166666,-0.07249779223327164,-0.18753498254036963,-0.0543676708866666,0.09133333338659616,-0.5090744383915687,0.0778956413866666,-0.01887779776580399,-0.4579143399721296,-0.0577670273566666,0.08351873169596156,-0.7796449713201355,0.2668166560666666,-0.04822981083346553,-0.7744544830736559,0.1380443029666667,0.06459512114363486,-0.8071435649381545,0.2937679092,-0.04850592519693755,-0.8003680173777522,0.1172483997999999,0.09949833376665923,-0.8422514245836616,0.2619697505999999,-0.03887264336492165,-0.8298372338470432,0.0373618585999999,onweer_g_ch1_g19_compr.mp4,ch1g19,3.9532281731537175e-05,0.0003120001952852269,5.535695019355125e-05,0.00023103715863926258,2.783672051064737e-05,0.0003076948987260119,5.45943616191334e-05,2.1015904227815997e-05,3.3095136918380416e-05,8.251393347400983e-06,0.00029406651471247425,1.0001792191239692e-05,5.4305589341274095e-05,5.557661890806172e-05,0.00017487713960902287,1.239747278168379e-05,2.0079747956104125e-05,0.0003124224694303052,8.92968151580949e-06,5.327157502147868e-05,0.00030895545277160946,6.220525794834417e-05,5.4180566739805327e-05,5.508944116730375e-05,2.754623039630474e-05,8.942349716179531e-06,5.4020982691659065e-05,0.00028776132469052705,5.742049162522577e-05,0.0003141994376013834,9.545720516597648e-06,3.352152977490583e-05,0.0003254044964286966,0.0005139171961275514,2.895745190827558e-05,-0.0009687598299320944,-0.0008810404331154644,-0.000902972063140159,-0.0008979241115650735,-0.0008462035575059993,-0.0008476506388140928,-0.0008267065057262758,-0.0006411346834352468,-0.00040134025210359465,-0.0008670621534761566,-0.0007937170287372571,-0.000548024688666835,-0.0006733597575369754,-0.0029162049938663117,-0.003747450496917359,-0.004669921174597662,-0.004798711104513219,-0.00493959474968836,-0.004833665943604697,-0.004885066127233832,-0.004430942956533141,-0.0047250518509585745,-0.004661008654684889,-1.4939623053586265e-05,-5.0358058743285175e-06,-8.272366443348062e-05,-0.00011103676223669763,0.0003277729604858895,5.877183368242668e-06,0.0003226648671111091,4.723119525993722e-05,0.00024299749852657932,0.00011950195215404893,2.0796047737121046e-06,2.965769762120371e-10,3.2646204499755046e-06,1.5011973922879874e-06,-5.31955842177062e-07,-1.4359925474663245e-07,3.268674600259358e-06,-9.058075165496641e-07,9.450177189640882e-07,-1.790138912787099e-06,4.685512559644454e-06,-8.053712868268826e-08,3.008576131626752e-06,3.351518604941031e-06,1.3784036067495684e-06,3.5099809682712677e-06,-6.459078240449266e-07,4.45556239287323e-06,-4.297676644928623e-07,2.9036121495178966e-06,2.2046904393064445e-07,4.506514884851482e-06,2.8756769520769865e-06,3.6413324164108216e-06,1.0933537700378668e-07,-2.210979330480686e-07,4.092417984178498e-06,3.802971457850724e-06,-6.181709561461195e-08,6.800917727175787e-06,-1.8675992978526883e-07,1.9010170404172578e-06,-7.288615201261378e-07,-7.022944017902253e-08,1.5208918599088644e-06,3.257597797059367e-07,1.0847115348784426e-07,-5.671901973317631e-07,1.2693658464360723e-06,3.691987828063552e-07,4.7629646297430343e-07,8.197496614421314e-08,9.027393510069016e-08,-8.927498088933971e-07,6.799360385618813e-07,5.125928657248694e-07,3.2170004645954453e-07,-1.2433961036741435e-06,4.2975418619455514e-07,-2.9098109721467456e-07,-9.953763891317151e-07,6.731555715976233e-07,5.305413517399511e-07,8.865282218970268e-07,5.471494908410179e-07,4.813095619011297e-07,3.0586475526341566e-07,-5.43987879400365e-07,1.6672695838792946e-08,4.580499289267536e-07,-8.099437377300045e-07,-1.4857214647603105e-07,-9.419497160202525e-07,3.973887348830194e-08,9.498490628200506e-08,1.461396331697812e-06,2.127656168086404e-06
4416.666666666658,0.014018802142409786,0.3342949103674996,-0.2830307619666667,0.025158080556076177,0.34946769207828,-0.2755901684333334,0.024989426319014796,0.3507757816188941,-0.2657777150333333,0.02302994082325871,0.35059984138434025,-0.2677898009333334,0.0037689237717337936,0.35829860580109096,-0.2980059395333334,0.006040279793513557,0.3582683377520773,-0.3124704185666666,0.009129201182828802,0.3480873288831732,-0.2911309884999999,0.04631476545926548,0.34668108786762825,-0.1679029087333333,-0.06486500225663648,0.30654971021078675,-0.2074763963666667,0.032322317963412665,0.3255049497775545,-0.2319894710666667,0.001959281132843985,0.29849341550216074,-0.2727173715666666,0.11752690890037228,0.22850345810383527,-0.0254138187894666,-0.13122916209872856,0.274768709663164,-0.0750595736666666,0.24802937370416947,0.15779995543078024,-0.0787912021799999,-0.15258356924054006,0.14951221250459149,-0.2632281402333333,0.3283527300021597,0.270420281972644,-0.2072158870666667,-0.07656646994774752,0.282853775748723,-0.4368693341,0.33310827236471247,0.3087485948201706,-0.2247263488666666,-0.035618262480681305,0.32387632064145605,-0.5015208092333333,0.3187369994000969,0.3293710601405669,-0.2305610260999999,-0.010714196152428638,0.3719535744234459,-0.4876772240333334,0.3308182144710978,0.2700783485702679,-0.2146297891666666,-0.06386181820529556,0.30481541082344976,-0.416073143,0.07425672727753889,-0.1692742001759732,0.0566243343833333,-0.07265475555481193,-0.18754043531465278,-0.0541793626766666,0.09169868341849809,-0.5091085415913289,0.0777862524566666,-0.018982247314599975,-0.4580042062122892,-0.0571063989033333,0.08381053251486668,-0.7792428323395807,0.2668633503666666,-0.04821102054711394,-0.7744044267672946,0.1381262777333333,0.0648990697432166,-0.8067379724353664,0.2938123087,-0.048456461571004986,-0.8002796436077866,0.1172349504999999,0.09963221056976719,-0.8419567737849728,0.2618536327999999,-0.03879099421178872,-0.8296966092995742,0.03728162938,onweer_g_ch1_g19_compr.mp4,ch1g19,4.2285275811650346e-05,0.0003086910349635519,5.955928810259375e-05,0.00023244103003700718,2.6122467426770224e-05,0.0003036133422151887,5.8813908883575654e-05,2.0067018604187756e-05,3.416632838429893e-05,6.4762692271088476e-06,0.00029755708951840153,1.025261903104203e-05,5.817328016838349e-05,5.988056433171461e-05,0.00017524487347473725,1.7712458383556355e-05,1.9024665462797168e-05,0.0003156752491229667,8.83920683390239e-06,5.699624249474736e-05,0.0003031684690444964,6.79033020517639e-05,5.79505093983552e-05,5.9805462598627963e-05,2.6368496282453022e-05,8.667702724290803e-06,5.912061660887335e-05,0.00029028057062638205,5.7552012712334576e-05,0.00031981286226176155,9.300126164010826e-06,3.5737857236587643e-05,0.0003198532212097314,0.0005140939241752312,2.78105946295696e-05,-0.0010668693978582093,-0.0009556981544864997,-0.000978007385020045,-0.0009720802924722415,-0.0009103119108320223,-0.0009118581478444605,-0.0008892723686966288,-0.000669158419769976,-0.00040587968621983757,-0.0009524113811664165,-0.0008762714242906803,-0.000566642018358606,-0.0006888454401757826,-0.0029224833649671204,-0.003774564886192144,-0.0046544302701986,-0.00463225707569541,-0.004885005266168369,-0.004595340324695352,-0.0048366425453505455,-0.004165871882509347,-0.004706348850173081,-0.004468326424513269,-1.5349462204722156e-05,-4.434734325539655e-06,-2.395188396135423e-05,-8.415008892939617e-05,0.0004245431964408178,8.345963252230628e-05,0.0004140660526013133,0.00012632500075546857,0.0003239192625530933,0.0002003095063211773,1.8323533629026341e-06,2.7494477215754294e-06,3.2852583293754796e-06,1.5113111613131743e-06,-1.1254009688616245e-06,2.387548045661959e-06,3.3402032996890202e-06,-3.261090161585268e-07,1.0279207199577567e-06,-1.5914937671208395e-06,4.678406436854503e-06,9.778341829085742e-07,3.2087585260339006e-06,3.366307463073144e-06,3.726603973208795e-08,3.958308973898369e-06,-8.096668834167172e-07,4.671085891113598e-06,6.470305140281595e-07,3.1168465220369234e-06,2.3765060595129035e-06,4.5690722249262424e-06,3.053338722695935e-06,3.5067332995218972e-06,-4.6570377834981136e-07,-2.1977715623504027e-07,4.029983598071865e-06,3.8147977507866115e-06,-4.2799285990499865e-07,7.166602399644073e-06,-1.5919033258942744e-07,1.6960699776081887e-06,2.2532977977867213e-06,-8.857903621310293e-08,2.501727469867531e-06,2.624849344132689e-07,2.3402047590492561e-07,-4.159301254479183e-07,2.3203066902601814e-06,3.0228552773632634e-07,5.852608756878204e-07,2.704763292647075e-07,2.0526219687351255e-07,-1.5891959300527887e-07,6.067847035611685e-07,4.88886345992269e-07,2.5560700021656115e-07,-7.730937541463758e-07,-7.241122684805178e-08,-2.0507639851453476e-07,-1.232212469855502e-07,6.249905425317799e-07,5.188190142489751e-07,2.117048182803316e-06,2.9669371791511203e-07,4.506625805395141e-07,6.798071868346211e-08,-4.5230797744792095e-07,5.2694478174993846e-08,1.7968015394098172e-07,3.065067742563836e-08,-1.6451951172724488e-07,-3.374655575067156e-07,7.777464547150883e-08,1.0846146172378503e-07,2.6886177241635035e-06,2.629071952868417e-06
4433.333333333325,0.013743926596085922,0.33321078045312397,-0.2841666477,0.025086906987005497,0.3485162420581117,-0.2766505638666667,0.024939442731021784,0.34980441811371593,-0.2668423523333333,0.022983650333651948,0.3496341190123136,-0.2688405344333334,0.0035433398615389933,0.35739323401521617,-0.2990415891,0.005796992156029405,0.35735954294337946,-0.3135025723333333,0.008881994123613618,0.3471981391924414,-0.2921581960999999,0.04657440088572604,0.3460269414088008,-0.1681951344333333,-0.06534700708953287,0.3061481266510722,-0.2076254959,0.032100036247782966,0.3245431682037152,-0.2328410535666667,0.001532360827089301,0.297597027464725,-0.2735111996333333,0.11751313788792611,0.22794726220114486,-0.0253577137161333,-0.13195527347340966,0.27407667338991115,-0.0742687680499999,0.24795022150372198,0.15492228695628182,-0.0781410642699999,-0.15344681499543014,0.14572355649389346,-0.2617964759,0.3295739184912752,0.2657869375116443,-0.2067978250666667,-0.07924402963765924,0.2783911091877966,-0.4369714736,0.33505496655653205,0.3039176028340987,-0.2242671248666667,-0.03892278034994901,0.31953807132153444,-0.5018603252666667,0.3209640660646358,0.3245631983411079,-0.2304364955999999,-0.014253077744752788,0.36802480589520603,-0.4883645589666668,0.33228371461124523,0.26538856210683776,-0.2143562003666666,-0.06673860552982784,0.3005346371129571,-0.459390461,0.07441347784068283,-0.1692880280110784,0.0564842366466666,-0.07280187394119718,-0.18754664098902585,-0.0540134012433333,0.09205124973844407,-0.5090926268162258,0.0776882922233333,-0.01908107265784588,-0.4580722149802057,-0.0565061226366666,0.08403244277226447,-0.7787552142889255,0.2668127192,-0.04812652963789006,-0.7742928035571651,0.1378820333,0.06510141299976469,-0.806254901683819,0.2937669316666667,-0.048351033216962075,-0.8001296876414713,0.1168544247666666,0.09962256772536113,-0.8416180230117567,0.2617078835666666,-0.03865532431206191,-0.8294530098254883,0.0369777526066666,onweer_g_ch1_g19_compr.mp4,ch1g19,4.4687663961443633e-05,0.0003112738590603271,6.39243332481501e-05,0.00023454805171108981,2.465048282101995e-05,0.00030512151406190854,6.324233093180478e-05,1.9734357460369103e-05,3.539505023757833e-05,4.790841422515435e-06,0.00030073078270571,1.1107048977965976e-05,6.258857750800097e-05,6.433779746545118e-05,0.00017471776415456822,2.289647693437308e-05,1.7513030461876934e-05,0.00031807231926060626,9.368177837111215e-06,6.130383304737023e-05,0.0003028163527867498,7.38363752491225e-05,6.224506296748069e-05,6.429149091365697e-05,2.5225920814659043e-05,8.49537014360515e-06,6.421161121087919e-05,0.0002925379825668859,5.7428133378231514e-05,0.00032473012269159117,9.178669115011242e-06,3.7693037235851094e-05,0.00032101080222658745,0.0005176958298569261,2.6909289045517165e-05,-0.0011559212857172932,-0.0010253484622193489,-0.0010478884611022955,-0.0010410012145092929,-0.0009727580089830059,-0.0009749399569028395,-0.0009511760723518544,-0.0006910165823403048,-0.00041145082672374095,-0.001026741725877774,-0.0009512110341256924,-0.0005795169679255399,-0.000695064957326908,-0.0029132140098470497,-0.0038123822401106584,-0.004642379439701333,-0.004606300971747631,-0.004839672623866463,-0.004535538920887607,-0.00480876537035308,-0.004074771741784647,-0.004695023939492371,-0.0044206776373107715,-1.8085460276282834e-05,-2.131344853544461e-06,1.7259014738260215e-05,-5.6200445058264084e-05,0.0004610104286860853,0.00013921056093715297,0.0004461736218287893,0.00018067031891907392,0.0003720315816431399,0.00027396924694013814,1.645997796491046e-06,6.285130534144221e-06,3.4115882920388906e-06,1.7198675388280323e-06,-1.5300610925606438e-06,5.756988006585914e-06,3.5111236586648254e-06,3.224590628980759e-07,1.424515068843185e-06,-1.3917142507155042e-06,5.2470618443802596e-06,1.7122528390127e-06,3.592564981748147e-06,3.488700123437996e-06,-4.4106479623711156e-07,3.71738077367578e-06,-8.815694153726912e-07,5.431919962636373e-06,1.4217343267656001e-06,3.529754398189875e-06,5.498201873174122e-06,4.543025188483179e-06,3.3999175521904935e-06,3.2478290090501445e-06,-9.656282617905422e-07,-1.7769729121860767e-07,3.819374660245977e-06,4.656918912911017e-06,-8.121278921269801e-07,7.525361886700527e-06,-8.909155579600914e-08,1.650437053702829e-06,6.165807438091008e-06,-5.6276515488226915e-08,2.6585629593410128e-06,2.3151681246233462e-07,2.1923778871124736e-07,-2.230822254115987e-07,2.569738600284391e-06,2.622493723976764e-07,6.086719340366629e-07,4.170380787234872e-07,3.0616271198003096e-07,3.7362912046614317e-07,4.324755050940757e-07,4.660887786561082e-07,2.2165563387786635e-07,-2.733998113672114e-07,-5.424164504166775e-07,-6.555696968076122e-08,5.376050861368459e-07,4.786314155170179e-07,5.05774779694234e-07,2.543188525117757e-06,8.534603281219383e-08,4.2335545410023415e-07,-1.0740610951141601e-07,-3.052659084347035e-07,8.193926607991155e-08,-5.073550274140282e-08,6.59334066690664e-07,-1.5289391486834093e-07,6.296420536260514e-08,1.0762995510410212e-07,1.4460020834228297e-07,2.9750262394692286e-06,2.761429174382989e-06
4449.999999999992,0.013489117921936059,0.3319806199922863,-0.2853301715999999,0.025053200468232294,0.34743240518961416,-0.2777562464333333,0.024931403083674343,0.34869886689438667,-0.2679511467333333,0.022980338180614995,0.34853649875438353,-0.2699321309333333,0.003353193804430406,0.3563853896997547,-0.300138851,0.005586121847893539,0.3563446843067075,-0.3145801104666667,0.008669283875481089,0.34620696273311113,-0.2932385968333332,0.046922425946419107,0.3453173206678121,-0.1683922907,-0.06583330197459203,0.30576479371537385,-0.20781146,0.03190702509324489,0.3234426379247541,-0.2336657216,0.001119216492007185,0.2965827259353651,-0.2742756515333333,0.11744389559466646,0.22737636969894473,-0.0248972855416333,-0.13258707138233242,0.2734015639176402,-0.0733429394099999,0.24786530974551596,0.1520655542258388,-0.0764937658599999,-0.15421327854740383,0.14199603973778477,-0.2599789420333334,0.331520150103945,0.26130332157196834,-0.2046109306333333,-0.08194914288907224,0.2739322626851249,-0.4364090799333333,0.3378911119565176,0.29929274475533846,-0.2218669471333333,-0.0422797266956586,0.31520727623465117,-0.5014728414333334,0.32424525185291553,0.31996385909301,-0.2284695862333333,-0.01783318275417136,0.3640883619203059,-0.4883051341333334,0.3345916846911863,0.2608639981222947,-0.2123186632666666,-0.06965065508029518,0.29625465481499114,-0.483289182,0.07454785980777758,-0.16931376394780365,0.05639082636,-0.07292488504792002,-0.1875427809053692,-0.0538895417999999,0.09238334266481045,-0.5090816265051062,0.0772470464866666,-0.019068438833196942,-0.4580946542851496,-0.0565006532899999,0.08419957729832812,-0.7783364006777685,0.2658305061666667,-0.04796742693280225,-0.7741035114698175,0.1367832835,0.06522544190067106,-0.8058577904752716,0.2926976144,-0.048188939571649395,-0.7999059403105642,0.1155879750833333,0.09955343891163086,-0.8412986899294853,0.2606592560666666,-0.038362548615387786,-0.8290864657431123,0.0358981451,onweer_g_ch1_g19_compr.mp4,ch1g19,4.663148209293333e-05,0.00031971854439819035,6.801516332298657e-05,0.00023530528603827745,2.3734441061638736e-05,0.0003127873737019664,6.743446223261512e-05,2.027207805342932e-05,3.693786028451638e-05,3.696731442767069e-06,0.0003046399488717612,1.423746166969348e-05,6.701868510963428e-05,6.851071157115407e-05,0.00017366375001474043,2.7394090934581048e-05,1.6935316438345602e-05,0.00032180769120671525,1.2013533966519895e-05,6.567744645656138e-05,0.00031010077831495285,7.920485372729317e-05,6.646751020763046e-05,6.79845332220261e-05,2.4744036289944274e-05,8.41751632411225e-06,6.85641304857468e-05,0.00029588709725019417,5.651933819061994e-05,0.00033071834783079225,9.186677773780706e-06,3.919309329873666e-05,0.00032950845418529024,0.0005246873332356912,2.7506223482746707e-05,-0.0012333654054689333,-0.0010891653827031615,-0.001111759444300646,-0.0011038362215750855,-0.0010313406939263853,-0.0010363101722379653,-0.0010123582859521542,-0.0007122612567182384,-0.0004307522887063608,-0.0010902704050406403,-0.001019881044039356,-0.0005906315387112367,-0.0006963730439251844,-0.002894560541610893,-0.0038238138294254395,-0.004663154671539039,-0.0047300069993487515,-0.00484844784628297,-0.004669919823856685,-0.004841644037115305,-0.004199012134312808,-0.0047169076737306696,-0.004536930867537373,-2.452187832542831e-05,3.341580579879026e-06,3.387018218296117e-05,-2.6592815792482787e-05,0.000428860353167929,0.00016422713155777826,0.00041163112719021,0.00020072439573372416,0.00036371905558608866,0.0003233459173776285,1.5324945553563508e-06,9.554566387107057e-06,3.6320378852071815e-06,2.202871342414287e-06,-1.769273633396626e-06,8.901239400473636e-06,3.7596778630195796e-06,9.63462974296391e-07,2.1055830913047074e-06,-1.0623146164689944e-06,6.319509753922537e-06,1.922408608337124e-06,4.138361300003036e-06,3.7013700913891056e-06,8.826636475883587e-09,2.7755554721421245e-06,-9.796658124304947e-07,6.706262904588423e-06,1.6910224525593502e-06,4.121989570278602e-06,8.428546147333007e-06,4.527220160014797e-06,3.901960021091657e-06,2.982724759726721e-06,-1.3672636916088644e-06,-6.65918539541672e-08,3.616392260056268e-06,6.203453912717073e-06,-9.509035545447407e-07,7.903090532406179e-06,4.538718168976555e-08,1.8665668627528968e-06,9.755858966539693e-06,5.865804827856145e-09,1.9009346153686533e-06,2.1148998057181355e-07,8.203472251357943e-08,-3.0687243514565465e-08,1.8984185320952317e-06,2.2966947109369792e-07,5.316925486109145e-07,4.837465160986964e-07,3.61136899301009e-07,5.230304358584479e-07,1.2647099528002955e-07,4.190341431582802e-07,1.9882315418057322e-07,1.3670390272440539e-07,-9.090268433547102e-07,5.9296423525474964e-08,7.418380830529372e-07,2.0467481792522827e-07,4.627889838750081e-07,1.96743253915413e-06,-6.92313110700634e-08,3.7830357219578995e-07,-1.96175356595963e-07,-1.5094389223288261e-07,1.0262893753446785e-07,-2.0021332728840245e-07,8.582034006082671e-07,-1.123043497715414e-07,7.882521428210303e-08,1.2640577984953333e-07,1.8044766908605155e-07,2.1984999544664266e-06,2.0917655560411946e-06
4466.666666666659,0.013190841207314938,0.3306562009760623,-0.2863914000333333,0.024963243858920944,0.3462721699001113,-0.2787792032,0.024869295628600296,0.34751719529319125,-0.2689792101,0.0229252079472346,0.34736287056508314,-0.2709444636666667,0.003122687264585344,0.35529366477483876,-0.3011263429999999,0.005333998401831425,0.35524832141339713,-0.3155509854666666,0.008419660352867054,0.3451343569936676,-0.2942114648333332,0.04725991764853488,0.344589730429047,-0.1686222369666667,-0.0663116984671628,0.30534744702007854,-0.2079180619,0.03169410370086947,0.3222753370338707,-0.2344331542666667,0.000696455763539726,0.2954918270099358,-0.2749531164333333,0.11736987938625114,0.22679250991664301,-0.0245144628519666,-0.13318759258930585,0.2727058713739673,-0.07230986053,0.24770739892135663,0.1492262841084127,-0.0751256940999999,-0.15498235052783554,0.13804565990498607,-0.257929332,0.33349315622542525,0.2566931788439952,-0.2030427443333333,-0.0845106090214444,0.26905554107844737,-0.4357589015333333,0.3407224877004029,0.294519668433445,-0.2201897807,-0.045354534199460485,0.3104129277890796,-0.5010271192,0.32754338999650956,0.3151830094805195,-0.2271455182333333,-0.021093374766622278,0.35976633777201367,-0.4881781553666667,0.3369287644999972,0.2562065071897477,-0.2108786478333333,-0.07237368246176466,0.2915732695812769,-0.474223644,0.07468254887563307,-0.16934725689352906,0.0562953271766666,-0.0730480384156681,-0.18753288645512228,-0.0537636766599999,0.09273789407616204,-0.5090738462971173,0.0768043352233333,-0.019027811998283538,-0.45810987906469564,-0.0565769294799999,0.08438086996210512,-0.7779650110480704,0.2650106477666666,-0.047757665099227097,-0.7739061632791614,0.1357815544333333,0.06536708356773484,-0.8055141277534873,0.2918362855666666,-0.04796921174570129,-0.7996757085249546,0.1144535712799999,0.09951788600373636,-0.8410140657475356,0.2598340689999999,-0.037988068820907765,-0.8287201447895035,0.0349375545333333,onweer_g_ch1_g19_compr.mp4,ch1g19,4.7943889416793624e-05,0.00033240641704754,7.139566335994734e-05,0.00023717857882940495,2.259084301375138e-05,0.0003248625747441575,7.09680793122775e-05,2.1909517401778417e-05,3.9152227637225354e-05,2.995327498101583e-06,0.0003129246725275147,1.709833557891781e-05,7.108045881020671e-05,7.194337964104814e-05,0.00017409930121325002,2.9049778537691318e-05,1.559925979146951e-05,0.00033060414945316216,1.4608030981405441e-05,6.977591692191501e-05,0.0003223606590870955,8.33471525781901e-05,7.028175174459801e-05,7.03678617739187e-05,2.4125202232116033e-05,8.483618841594668e-06,7.156648347594709e-05,0.0003039262611612887,5.521744108587467e-05,0.00034091383404413555,9.371446008311645e-06,4.03555869132762e-05,0.0003432324320552132,0.000537986471257727,2.8203190455943057e-05,-0.001286683628159381,-0.0011369631978521179,-0.0011591623269500305,-0.0011504957285504297,-0.001078144390475881,-0.0010872475889275013,-0.0010645481151306678,-0.0007290890474903063,-0.00046189495358095234,-0.0011322179184939582,-0.001071078842761911,-0.0006054935233189244,-0.000696554090620924,-0.002901214013954169,-0.0038410326389096863,-0.0047830367293193446,-0.004980998557647302,-0.004984506280038308,-0.004969930485205525,-0.0050007514194106775,-0.004495121822873674,-0.004840396185855098,-0.004790425165104053,-3.499292193704843e-05,1.22864173102758e-05,7.905040928201913e-06,-1.6785165109576733e-05,0.0003088268546305136,0.00013424829469721775,0.0002925579660459888,0.00016198941253912894,0.0002711631313957999,0.0003169303280775238,1.6110566086539586e-06,1.1301507427314264e-05,3.9553898259665325e-06,2.387818978195603e-06,-1.7301510920004737e-06,1.0658522677463177e-05,4.093005967121075e-06,1.423680537276093e-06,2.8700206541780114e-06,-6.746205847619508e-07,7.280205508028058e-06,1.6535980968432594e-06,4.744897689209046e-06,4.010040818865572e-06,9.466046187573186e-07,1.4986090748341524e-06,-9.406704611984471e-07,7.84989066755474e-06,1.5191515308139003e-06,4.780829892363296e-06,1.024812049828484e-05,4.541053048288064e-06,4.4638528570780474e-06,2.8034284294191977e-06,-1.53257496180314e-06,8.216364926960358e-08,3.4728035365180675e-06,7.659246200804847e-06,-9.227884848678028e-07,7.95641352891345e-06,2.138220680178609e-07,2.2511138751172564e-06,1.1816214064112287e-05,5.5608712029664165e-08,3.85611764470744e-07,1.6656721000697527e-07,-2.6464036957850284e-07,1.3635487303672576e-07,4.521259545059055e-07,1.7030974314313143e-07,3.5528588336472333e-07,4.1863364884928005e-07,3.6106803953288846e-07,1.5568280928746816e-07,-1.9913217814466224e-07,3.119053667813253e-07,1.518645292493629e-07,2.914864093606319e-07,-1.0707192100276687e-06,1.693258946345248e-07,3.488696200624274e-07,-1.0251179584022464e-07,3.514758187413616e-07,5.350073835153279e-07,-1.6938686287204634e-07,2.812376910237864e-07,-2.0059034384442583e-07,-1.0002146431451203e-08,1.1025459895332476e-07,-2.6300289841292474e-07,4.696557819332134e-07,-6.696587274352927e-08,-3.755443447846343e-07,1.2872767544443887e-07,1.7481480806430662e-07,5.481370224608647e-07,7.240661837526588e-07
4483.333333333326,0.012821207127032,0.32935357640377855,-0.2874203267,0.024794131541872867,0.3451254644576162,-0.2797651936666666,0.024725571869429936,0.34634787460960537,-0.2699737449,0.022787903667875146,0.34620239199490643,-0.2719255973333334,0.0028065796455659492,0.3542083779981169,-0.3020603030666666,0.004998846242287543,0.35415874288089044,-0.3164682810666666,0.008091533606657257,0.3440689427978733,-0.2951301173999999,0.04759029596209705,0.3438861120119739,-0.1688794821666667,-0.06678633732951218,0.30491699160974195,-0.2080724553333333,0.03147455107931125,0.32113481916990844,-0.2351850092333333,0.00026584036650388214,0.2944130127968622,-0.2755873689666667,0.11746754458567724,0.22621470442444971,-0.0245151811189666,-0.13375672084212675,0.27203102802119733,-0.07135275162,0.24765675140665586,0.1464645578692168,-0.0751343870666666,-0.1559010824845251,0.13428961207985474,-0.2559522772,0.33534794731957684,0.25199077094147776,-0.2029849666,-0.08693059419034528,0.26416171461940535,-0.4350674697666665,0.3433203646773548,0.2895904116644183,-0.2201206774,-0.04809096202910844,0.3054731919429935,-0.5004824797666667,0.33053982863333425,0.31024823837813786,-0.2273645697666666,-0.023835001442964358,0.355364227346684,-0.4878873383333334,0.3390948528965235,0.2514355120881407,-0.2109382787999999,-0.07486764307220307,0.2868629443520545,-0.47030288,0.07482309737180844,-0.1693838084527251,0.05614988762,-0.07317678052732804,-0.1875193399795044,-0.0535912263899999,0.09313216575247447,-0.5090608406855174,0.0760352170033333,-0.018969297388005426,-0.4581434796673357,-0.0564847631899999,0.08456481841846603,-0.7776992134916474,0.2637874119333334,-0.04747158654704927,-0.7738137090197086,0.1349120185333333,0.06551304915073934,-0.8052828907450537,0.2905614117333333,-0.04764914498540048,-0.7995589876828757,0.1134359866133333,0.09951697916795021,-0.8407767079048266,0.2583989038666666,-0.03748185522849372,-0.8284564137610552,0.0339729881533333,onweer_g_ch1_g19_compr.mp4,ch1g19,4.8708552179625376e-05,0.00034787777296077207,7.420804321991534e-05,0.00023981049124994656,2.0742195459761345e-05,0.0003401004186581617,7.395465565665513e-05,2.393155637225016e-05,4.190595378754663e-05,2.329830033238513e-06,0.000322892781617526,1.8579006689551642e-05,7.488394334700363e-05,7.479217680897237e-05,0.00017522052599477217,2.853959879872795e-05,1.4103740728655964e-05,0.000341847937801205,1.610440746012626e-05,7.365264626801226e-05,0.00033877984771679606,8.629733608056207e-05,7.380627538682461e-05,7.167835174311161e-05,2.263616149680204e-05,8.600064534263142e-06,7.347712883975587e-05,0.00031431566140114947,5.376518477430821e-05,0.00035205662090763407,9.640765283409618e-06,4.190567459665165e-05,0.0003608511322613698,0.0005549996255544808,2.7780348215079548e-05,-0.0013198931343620665,-0.0011720462464404771,-0.0011937703790930194,-0.0011845227607182468,-0.0011176623194657134,-0.0011319904152242515,-0.0011114435209620323,-0.0007422313061684491,-0.0005126971903258339,-0.0011567794285060316,-0.001109236080560389,-0.0006196638232851988,-0.0007033833096093406,-0.00291743933168887,-0.0038660270939978422,-0.004974213208153054,-0.005335431487527807,-0.005221858925882582,-0.005412391868641573,-0.005254634772339171,-0.004947623990306685,-0.005034728735713284,-0.00515972613260376,-4.846687793205333e-05,2.3985739910383585e-05,-4.6669114329951766e-05,-2.0090976440428576e-05,0.00013949864956764379,6.001457951355604e-05,0.00012892769714131308,7.58803360087521e-05,0.0001437366467492257,0.00026276412879254544,1.8334238267160987e-06,1.1489796287273425e-05,4.293558388273218e-06,2.2927756092156934e-06,-1.3282376158269655e-06,1.097852491148385e-05,4.4289615962025394e-06,1.684338308575212e-06,3.444268914978755e-06,-2.8894880866278356e-07,7.4595710739143264e-06,1.101415274190153e-06,5.263465512742625e-06,4.3296654469455535e-06,1.8285587476658752e-06,1.206214354566123e-07,-7.410033330228491e-07,8.129265738327422e-06,1.0836399740251324e-06,5.348976172601815e-06,1.1007474459211236e-05,4.546121519701392e-06,4.9431890299444115e-06,2.740244222901547e-06,-1.3360902133566955e-06,2.3566870786135827e-07,3.3937069900623916e-06,8.252410847535776e-06,-8.073432971334666e-07,7.3616882815852205e-06,3.8470882093677065e-07,2.6654886160290587e-06,1.2188966129390657e-05,3.949715535159664e-08,-1.493147734315546e-06,6.028465343933706e-08,-7.479368112186902e-07,2.5739949922486385e-07,-1.39556833579963e-06,5.10389618597835e-08,1.28480363832774e-07,2.0430298818179014e-07,3.2361286639050987e-07,-5.953438716223103e-07,-4.5317006737656195e-07,1.1884863796200519e-07,4.4081577037585186e-08,1.412775546375766e-07,-1.0271729486427722e-06,2.187738016584708e-07,-4.954863124178277e-07,-3.5823303112024155e-07,1.4851266099631595e-07,-1.379219469826209e-06,-2.46209718511672e-07,1.0779069773861114e-07,-1.7241556292276674e-07,1.0948425695769749e-07,1.0358611978397833e-07,-2.818339210756797e-07,-3.8350109705688405e-07,-4.018928513815594e-08,-1.1245102612091318e-06,1.1325222677693392e-07,7.992268858917306e-08,-1.535677188324266e-06,1.7192824285020299e-06
4499.999999999993,0.011999845514506531,0.3280052400760545,-0.2883609068666666,0.024225871401735172,0.3439260022389706,-0.2807199627,0.024186858300040335,0.34512791281419386,-0.2709398746,0.022249756169822887,0.3449903117672853,-0.2728797907,0.0020527685065883346,0.3530646016423572,-0.3029281417333332,0.004237279320003096,0.35300553420383146,-0.3173143679999999,0.00733263464413473,0.342937525134643,-0.2959826386666666,0.04791709468252812,0.34311673549479,-0.1693181336,-0.0672768492253634,0.3043801384214711,-0.2078903412666667,0.0310514886059166,0.31995069075119326,-0.2359137535,-0.0003964364318247164,0.2932871136117051,-0.2761438255,0.11790595139516197,0.225570711496495,-0.0249263838699666,-0.13431092933808625,0.27131778511081595,-0.0698355783433333,0.24771755159470155,0.14349006159990033,-0.0766712233233333,-0.15694440961926498,0.13049047967901828,-0.2529085431666667,0.3368955914321987,0.24682961426634326,-0.2051589141666667,-0.08897240114684841,0.2588435552136054,-0.4330305763666666,0.3453363258878226,0.2841138039073681,-0.2224925593,-0.050051206871563475,0.3000614674360599,-0.4985133598666666,0.3327656881843901,0.30473056418019784,-0.2297439504333333,-0.025623440905336768,0.3505086370861827,-0.4862452572000001,0.3408115538098353,0.24620182998831316,-0.2130960513666666,-0.07681109895271575,0.2817307072346793,-0.44766295,0.07499401636300089,-0.16943373749622495,0.0558790416266666,-0.07333598577560572,-0.18749399790449994,-0.0533016024533333,0.09352201833010451,-0.5091003610035492,0.0745441074733333,-0.018953541489960445,-0.4581607668301381,-0.0566358922566666,0.08476675980312495,-0.7775743606264539,0.2620098722666666,-0.04718945293206022,-0.7737587373632514,0.1337328561333333,0.06570585798299597,-0.8051726867722329,0.2887432189666666,-0.04732979497552794,-0.7994853922919998,0.1121084379499999,0.09950627530423618,-0.8406261334321996,0.2564374669999999,-0.036989084261063385,-0.8282067159485098,0.0325003999036666,onweer_g_ch1_g19_compr.mp4,ch1g19,4.892063570863715e-05,0.0003626408312961983,7.651352906084605e-05,0.0002418733123935572,1.8215131239376863e-05,0.00035491516749929777,7.64041260441913e-05,2.5956254246038438e-05,4.5220446304298386e-05,1.927690863959646e-06,0.0003314291618053238,1.8498585293934238e-05,7.841511819600291e-05,7.71236944821794e-05,0.00017629743539031097,2.5970302808388048e-05,1.2619113334783055e-05,0.000351732625662599,1.623607885715191e-05,7.730274615558285e-05,0.0003549932141047669,8.82113080642156e-05,7.700375209926337e-05,7.210970828626794e-05,2.0249698301321327e-05,8.767618272310232e-06,7.467384496496721e-05,0.0003239179612721206,5.217299764868572e-05,0.00036050523451490826,9.982580626819252e-06,4.4296697663765515e-05,0.00037778207676803817,0.000570976972505299,2.5954971353291668e-05,-0.0013377719433830583,-0.0011968670449183485,-0.0012185903052339955,-0.0012089786106060823,-0.001153474916002296,-0.0011743265004339255,-0.0011565884556851143,-0.0007515163661881447,-0.0005881495450599837,-0.0011648580603663473,-0.0011381919890289536,-0.0006356762012561121,-0.0007233585942884723,-0.0029297582807432886,-0.003879332630225881,-0.005175640831028683,-0.005714686975719173,-0.005480732933873688,-0.005894049217931766,-0.0055200830858686,-0.00545623897675189,-0.005236601845506641,-0.005562911380880147,-6.436257621946004e-05,3.8172570817351346e-05,-0.00012251087769768573,-3.3451817416327194e-05,-4.5995274601465504e-05,-4.740202011125436e-05,-4.813880788974598e-05,-4.496699658300343e-05,-2.633683214123781e-07,0.00016473363528088673,1.946314623363872e-06,9.317845980970637e-06,4.2973417288267364e-06,1.5054284270236503e-06,-7.725259484044859e-07,9.062826430116297e-06,4.411368955886398e-06,1.723002628889201e-06,3.516520924440453e-06,9.586887679097086e-08,6.366617107347345e-06,4.4561809393913995e-07,5.239597770115393e-06,4.316030443808713e-06,1.925683683280615e-06,-1.0228964753989947e-06,-3.956007291385484e-07,7.03059619935314e-06,5.31882937563691e-07,5.360027425118858e-06,9.602622532002836e-06,4.181271670512476e-06,4.89775593978799e-06,2.5796141767623856e-06,-8.92728227093251e-07,3.2959732159751214e-07,3.1083196428873804e-06,7.318407704426665e-06,-7.598884674439636e-07,5.7252822390224046e-06,4.883288008573012e-07,2.8107540198004745e-06,1.008784458542485e-05,-7.926569182376017e-08,-3.2597751232711215e-06,-1.5406643443672387e-07,-1.2680611692496941e-06,3.1535616954711485e-07,-3.164751044133155e-06,-1.7192691816945103e-07,-1.0625622719906105e-07,-1.3778869075757674e-07,2.434877234269093e-07,-1.4841617051415282e-06,-5.72723848064046e-07,-1.9298729166111835e-07,-1.7128918767861414e-07,-3.10049958258764e-07,-7.857830079257322e-07,2.0587568784226448e-07,-1.493116598950026e-06,-5.005241965636401e-07,-1.7806697071333817e-07,-3.254261681706863e-06,-3.717742896737701e-07,-1.7536791781759098e-07,-1.907630311569599e-07,1.8944542740888964e-07,8.103586322215867e-08,-3.3202167196546494e-07,-1.445083105974151e-06,-4.946308482311491e-08,-1.8939861340604268e-06,7.953711827050749e-08,-1.244025862719065e-07,-3.482573177272866e-06,3.797171202756641e-06
4516.66666666666,0.011205981090739659,0.3266509014529991,-0.2899846983333333,0.023649603560024005,0.34268525122244264,-0.2824757645666667,0.023640512866418408,0.34385903450996147,-0.2727045366666667,0.021706843694914317,0.3437336119032113,-0.2746398105666666,0.0013154401597818468,0.35184049121257244,-0.3045241226666667,0.003493124665556615,0.35176277445671156,-0.3189074233333333,0.006591042729915611,0.34171732992012893,-0.2975773897666666,0.048240398790846135,0.34229483033246916,-0.1706490795,-0.06772213813954377,0.3036796055042278,-0.2084330157333334,0.03065591446187368,0.3187573978457354,-0.2373916769666667,-0.0010267630612121775,0.29211511764106707,-0.2773559073,0.11841950146202072,0.22486038029361616,-0.0260139075576333,-0.1347567691996696,0.27053427421801757,-0.06864756998,0.2478402423747245,0.14037798626497455,-0.0786545024999999,-0.1581387107488944,0.12656792388346386,-0.2498443856,0.33814549415830286,0.24149641327754728,-0.2076498881333333,-0.0902914782385664,0.2529921435222346,-0.4307592738333332,0.3468400937263699,0.27843663608879965,-0.225212694,-0.050902883714289394,0.2939716470872543,-0.4962263127666666,0.33440982191139856,0.2990383087579677,-0.2324395258,-0.026162780473259678,0.3448940694925379,-0.4842317954000001,0.3421664632034811,0.24079969250071753,-0.2155411545999999,-0.07786002238047159,0.2760425706334348,-0.440991104,0.07516569352322063,-0.1694927607291858,0.0555939184633333,-0.07349588296317018,-0.18745798446523237,-0.0530023722333333,0.093932721670772,-0.5092169105973003,0.0730825175166666,-0.01889334452707888,-0.458171763711146,-0.0568056090299999,0.08503736592740718,-0.7775922903635188,0.2602504360666667,-0.04695990230661151,-0.7737274683504689,0.1325996564,0.06599500350668337,-0.8051832517735907,0.2869419085333333,-0.04706425263085078,-0.7994364144413476,0.1108354160899999,0.09963452866785222,-0.8405031717305194,0.2545642713333332,-0.03655842613112401,-0.8279765165202876,0.0310814765281666,onweer_g_ch1_g19_compr.mp4,ch1g19,5.019432624857742e-05,0.00037175281534320147,8.027301853738763e-05,0.00024318009687151175,1.66929359363645e-05,0.0003640446901192914,8.031224387689288e-05,2.7825113175680533e-05,4.936599254578804e-05,2.5591011392482825e-06,0.0003387171655051441,1.907936182456921e-05,8.32517257026145e-05,8.0895876090393e-05,0.00017944846976983799,2.53220309391832e-05,1.3090781149836311e-05,0.00035975323909965065,1.703340591079177e-05,8.226948644403916e-05,0.000364175521753325,9.153564647603751e-05,8.144793208556735e-05,7.392871323746346e-05,1.835044251853395e-05,9.084214231837183e-06,7.704101883688554e-05,0.00033263595807120285,5.1447990816059716e-05,0.00036638950527915896,1.0475403818285184e-05,4.7408128325869005e-05,0.0003875194449486129,0.0005832539319496421,2.5037485048379253e-05,-0.0013701045966576732,-0.0012405768837884974,-0.0012623132575735796,-0.0012526180198646508,-0.0012029804460806806,-0.001231664404376004,-0.0012166306935009674,-0.0007836647949144706,-0.000675981619215275,-0.0011894169232405745,-0.0011780678668983692,-0.0006693471224579169,-0.0007518416187329525,-0.0029756619111709517,-0.0038813564759980065,-0.005382049873673813,-0.006006148051652592,-0.005740723234632912,-0.006263031268594951,-0.005784506649017983,-0.0058609218613644085,-0.005442338723221635,-0.005879369141272175,-8.133127951691809e-05,5.355258322325516e-05,-0.0002044004631269964,-4.49353343917776e-05,-0.00019349087947411638,-0.0001241643908908198,-0.00018149316976920883,-0.00012815019314476038,-0.00010546635642420414,9.101030363177835e-05,1.8100110161057031e-06,4.902248633339707e-06,3.9463099771809244e-06,-1.3754651083533577e-07,-2.7998546860318945e-07,4.888078855928233e-06,4.039603199528476e-06,1.5129457921202821e-06,3.0230738386254395e-06,3.0497284799239604e-07,4.259482351313546e-06,-1.6341346328018296e-07,4.711733485093137e-06,3.945511334606315e-06,1.091173738722913e-06,-1.7845568138802758e-06,3.2523363071405664e-08,4.938239258890247e-06,-8.824647120403842e-09,4.845508051050814e-06,5.58010392741433e-06,3.5986843037923268e-06,4.3867007242078114e-06,2.3119591584820726e-06,-4.2665370758743786e-07,3.836962858226238e-07,2.6292728457940837e-06,5.144601703855038e-06,-8.450128645925595e-07,3.4690256238314374e-06,5.435769679531264e-07,2.5066891875267595e-06,5.436167166332916e-06,-3.535145186240913e-07,-4.352605743270036e-06,-5.53889622633413e-07,-1.7122775526965296e-06,2.6848426088106067e-07,-4.272112333164537e-06,-5.754067386430861e-07,-3.0906240215105696e-07,-5.790669936658344e-07,1.1307465215949194e-07,-2.317115299067919e-06,-5.901829340259763e-07,-6.752826998173776e-07,-5.70387317653189e-07,-1.0389069136375574e-06,-5.022514638859011e-07,1.0242495208016435e-07,-2.3961772318099017e-06,-5.544448200354492e-07,-6.776352530149817e-07,-4.403811266498377e-06,-6.709363190442641e-07,-6.238255953897805e-07,-3.861501807737038e-07,1.906474010294895e-07,4.051758447802588e-08,-5.315211459187647e-07,-2.4818165924997356e-06,-1.3298121782826686e-07,-2.49824520643153e-06,2.7656589906036053e-08,-4.256919090141585e-07,-4.619050972909981e-06,5.3959069995531455e-06
4533.333333333327,0.010450771971427358,0.325303856590922,-0.2910335106,0.023081045849119266,0.341442300646774,-0.2837557087,0.023102986387234688,0.34259440028296095,-0.2739923059666667,0.021174010051620458,0.34247884410673257,-0.2759406640333333,0.0006183757483571473,0.35063171984222263,-0.3056002636666666,0.0027845701953769543,0.35051628692134207,-0.3199559912333333,0.005888901645667574,0.34048189603411627,-0.2986534353999999,0.048563658813653265,0.3414894006255963,-0.1718230411666667,-0.06803575512357181,0.30295747820431024,-0.2086877153,0.03029730477100838,0.3175907142034561,-0.2383740603333333,-0.0015728877248402,0.29094973907054456,-0.2779993414333333,0.11899004149165728,0.22415737183615997,-0.0269633409878333,-0.13508488556893392,0.2697939765872824,-0.06721313863,0.24814078984988813,0.13730327173549417,-0.0802018911733333,-0.15932643323867057,0.12276711584446755,-0.2461320240333334,0.3390004988696942,0.2360100353331934,-0.2088983044333333,-0.09083238641916061,0.24667234490166004,-0.4271887102333332,0.34770657664919635,0.2725883823012002,-0.2264941894,-0.05081945583956422,0.28726999182248164,-0.4925738414333333,0.3353790130982398,0.29312025854256013,-0.2335841863,-0.025790761247412624,0.3385136248674396,-0.4807975883666667,0.34308485697973934,0.23525513302994255,-0.2166430100333332,-0.0781139672630214,0.26981267661310254,-0.450979114,0.07533320585608126,-0.16958289109652322,0.0552970683333333,-0.07365063353393157,-0.18739629400198,-0.0526950280833333,0.09432001627117062,-0.5094346905056787,0.07120565492,-0.01887297065533234,-0.4581707341059445,-0.0569096213699999,0.08526401006769845,-0.7777959538186164,0.2583371811000001,-0.04676250888135715,-0.7738208457959073,0.1316429360333333,0.066242307792987,-0.8053541946212103,0.2850083899666666,-0.046844590703065715,-0.799531448201983,0.1097614647999999,0.09975131894110911,-0.8405473160106561,0.2525460059,-0.036192761243550364,-0.8277922537199132,0.0298744672841666,onweer_g_ch1_g19_compr.mp4,ch1g19,5.238330187800945e-05,0.00037455375429710147,8.485158950055059e-05,0.00024355466781377966,1.7782372044460954e-05,0.00036644879354802055,8.499563623730067e-05,2.8713519356645253e-05,5.278570819896378e-05,2.6901788309262514e-06,0.0003420926174188173,1.817623706470112e-05,8.857134719255565e-05,8.54753159082562e-05,0.00018134734650469212,2.3516336403337813e-05,1.480551526998073e-05,0.0003638769944847673,1.627163923365261e-05,8.771349941193498e-05,0.00036616026584761197,9.577809754274233e-05,8.64406974999472e-05,7.682821950836574e-05,1.867771443503507e-05,9.574414351579466e-06,8.016872451089955e-05,0.0003373865698046602,5.085648575855092e-05,0.0003679116944799441,1.1124297478742278e-05,5.035649682629712e-05,0.0003900633578167557,0.0005884946462294977,2.4771420223048586e-05,-0.0014178077190303237,-0.0012999903136800496,-0.001321798253252994,-0.001312373333004467,-0.0012626016316228958,-0.0012978019222087554,-0.0012848487623870713,-0.0008309555902569491,-0.0007560277883910264,-0.0012294928754019237,-0.001224512561295845,-0.0006972965428004673,-0.0007729606535628717,-0.0030014690247381812,-0.0038758361793778634,-0.00553117388134479,-0.0061708756426482,-0.0059420650958142435,-0.006476978451215117,-0.005981583139410133,-0.006099815252539526,-0.005591776565911001,-0.006059129673314922,-9.794584313272438e-05,6.878318461803635e-05,-0.00025927819282335455,-3.6449993775164396e-05,-0.00023878713853554796,-0.0001321709444132262,-0.00020948574087554142,-0.0001347136236867189,-0.00012650521752634647,7.9210036240107e-05,1.3615067145171098e-06,-8.495968292128911e-07,3.2004350822043423e-06,-2.1578650570557207e-06,-1.9688399202434368e-08,-8.193043730595412e-07,3.2677516986728713e-06,1.0898907872651894e-06,2.0804708086029153e-06,3.824698056233085e-07,1.3304090618459176e-06,-6.460695342489112e-07,3.732112413307812e-06,3.1839537563215226e-06,-5.87829929148846e-07,-2.060782667111783e-06,3.414038397085939e-07,2.022281235157453e-06,-4.860481542989194e-07,3.847927648823048e-06,-5.2910099234889e-07,2.782172991045482e-06,3.479927722580265e-06,1.909939731283849e-06,-1.7457257331059954e-07,3.8223859565266197e-07,2.0206827495529346e-06,1.9180490504881298e-06,-1.005372765507398e-06,6.726787056309389e-07,5.276050326569883e-07,1.9233044615477896e-06,-8.752573475601526e-07,-7.522384839408965e-07,-4.485803223764204e-06,-1.1133223064605185e-06,-1.9741125422548064e-06,9.942072354685288e-08,-4.4069146230944945e-06,-1.1313234903862125e-06,-4.363260966493408e-07,-1.0106984321197041e-06,1.0759548603007709e-09,-2.825149584051062e-06,-4.255262895165778e-07,-1.2823293626378437e-06,-1.1264359563271242e-06,-1.7983192063594907e-06,-1.3228118033102612e-07,-3.5593778992753554e-08,-2.9262495314746305e-06,-4.341121749803188e-07,-1.3018085865230092e-06,-4.500773358596574e-06,-1.1446456074559078e-06,-1.2010378202340587e-06,-7.625015558157242e-07,8.104584606396893e-08,-1.3384656947483094e-08,-8.872451627379882e-07,-3.17212598026485e-06,-2.6323606816208e-07,-2.728711606315154e-06,-3.5627830886107866e-08,-7.69804955887996e-07,-4.640167818948265e-06,6.108673022388228e-06
4549.999999999994,0.009738669103553624,0.32392248445703686,-0.2915485453999999,0.0225168030015187,0.34017430059406334,-0.2845471113333333,0.022571568988477085,0.34130790006560635,-0.2747956216,0.020647479927494085,0.34120200417018537,-0.2767671698666666,-6.417560026059211e-05,0.34940743221858317,-0.3062535385333333,0.002090840535994553,0.3492442873583652,-0.3205596014999999,0.00520307304311284,0.3392154578541934,-0.2993028141,0.04870706290642031,0.34069385101252353,-0.1727252950666667,-0.0683336994783753,0.30220309130392975,-0.2088559399666666,0.029943875400652277,0.3164094037072721,-0.2388420983333333,-0.0020736300015020827,0.28975066362557966,-0.2782003571,0.1195031170883123,0.22350157440739285,-0.0275228054244999,-0.1353865217615577,0.269056988414088,-0.0657583957566666,0.24850536018881167,0.13443202983256275,-0.0805273478066666,-0.1605409153448555,0.11886105408413294,-0.2422593160666667,0.3395593739183126,0.23044367547295116,-0.2081101005333333,-0.09121237743702751,0.24005286942544496,-0.4229205656666666,0.34818568530727945,0.2666053751454425,-0.2255226898,-0.0506132433541099,0.28027810022705163,-0.4881228238666666,0.3359406652796442,0.2870322872812303,-0.2325303240333333,-0.025383594674931228,0.3318201041983651,-0.4765426631,0.3436831458414206,0.22963063509136097,-0.2157053743333333,-0.07825588152963897,0.2632889879499668,-0.439951837,0.0754795087819982,-0.1697021799240419,0.05504101634,-0.07378318247219025,-0.1873106495656218,-0.0524347745833333,0.09469341503164078,-0.5097993715800423,0.0692607530633333,-0.018874815755303264,-0.4582425303460542,-0.0572149734833333,0.08528072156056768,-0.778305666162145,0.2563153152,-0.046852777647985636,-0.7741153739109337,0.1304984657666666,0.06625104750898604,-0.8058301726449101,0.2829713123333333,-0.04697026030358549,-0.7998505239972907,0.1085102259766666,0.0997337330155759,-0.8409164277031609,0.2505442643999999,-0.03595719848978332,-0.8278775607413266,0.0284693458211666,onweer_g_ch1_g19_compr.mp4,ch1g19,5.5089389930496306e-05,0.00036998098412415343,8.947948682172313e-05,0.00024156837287229055,1.819038991066814e-05,0.00036174789569525884,8.961676899629042e-05,2.9448862523562833e-05,5.526497421051829e-05,3.1000592933200635e-06,0.00034115646573575905,1.678366141664672e-05,9.359769667110669e-05,9.008268575158988e-05,0.00018164719641231087,2.1748499165347537e-05,1.493752470587037e-05,0.0003632731940923853,1.4926018711902862e-05,9.28669255413836e-05,0.00036139637847975095,0.00010012788439212741,9.121660942182839e-05,8.024660903980193e-05,1.8753019436153545e-05,1.007468609193853e-05,8.369884628079747e-05,0.0003373803327979265,5.0438266345196766e-05,0.0003650130100271525,1.1754830805345618e-05,5.319460508499524e-05,0.0003844580649036038,0.0005848610093936296,2.396793217114958e-05,-0.0014759522468617164,-0.0013684343145421024,-0.001390607123780285,-0.001381703370338755,-0.0013270052902264156,-0.0013669875030377654,-0.0013560244310193848,-0.0008897074155687646,-0.0008253473833518465,-0.0012828510866373698,-0.00127779046858405,-0.0007235133382562904,-0.0007913353133563501,-0.0030014317879124694,-0.0038471394323124717,-0.0055882685667258195,-0.0061553210439368134,-0.006031140243517027,-0.006465341104235783,-0.006058613770677618,-0.006112606718714727,-0.005650033525485802,-0.006053612534887189,-0.0001126531689308945,8.254780022604073e-05,-0.00029892191459979955,-1.964682299235615e-05,-0.00023833211550730127,-0.00010089042358170688,-0.00019656880632296897,-9.863817038404472e-05,-0.00011481691882258055,0.00010003671243162436,6.013143264845145e-07,-6.751282337344418e-06,2.012849249463071e-06,-4.440304334929214e-06,-1.7277012243501036e-07,-6.741635115301646e-06,2.0629764254080843e-06,4.861424573154011e-07,8.835157358188536e-07,2.951693919777035e-07,-1.9324083870974265e-06,-9.432581146301564e-07,2.3080960659154414e-06,1.987294540162253e-06,-2.762106639526348e-06,-1.622049357114288e-06,2.1320362434312176e-07,-1.3433928461896977e-06,-8.161387929996915e-07,2.379847803886033e-06,-7.017870711558318e-06,1.6586708869890272e-06,2.1670434437004796e-06,1.2216079920793923e-06,-3.472740472737748e-07,3.360134305749648e-07,1.1699433511835648e-06,-1.8334906361079203e-06,-1.295779393156928e-06,-2.3237204787008662e-06,4.492755606562248e-07,1.0187389049987427e-06,-7.257174243869547e-06,-1.1921781321315763e-06,-3.5616684683512774e-06,-1.7135743473585944e-06,-1.9244550133670885e-06,-4.638657661741904e-08,-3.484722987243798e-06,-1.717489288285708e-06,-5.033040819135102e-07,-1.3559153487267911e-06,-8.348083654439201e-08,-2.8513684102186703e-06,-1.3276674770250345e-07,-1.8964866006150218e-06,-1.7209101801178642e-06,-2.4011809598468e-06,2.444406816352539e-07,-7.285690222060689e-08,-2.9105076868928304e-06,-1.8512040174142798e-07,-1.92987700300775e-06,-3.48070194297111e-06,-1.6951683775171427e-06,-1.7929954258574447e-06,-1.252247529832176e-06,-2.9947156327546635e-08,-6.816886242589042e-08,-1.3367450092725176e-06,-3.3126131324566486e-06,-3.995802197316056e-07,-2.488354835006181e-06,-9.604459600950572e-08,-1.096935831495342e-06,-3.4637578031158437e-06,5.755700230569388e-06
4566.666666666661,0.009050520291394103,0.32251062706231326,-0.2919200690999999,0.021958601509646725,0.3388707832494516,-0.2852080881,0.022046609886961475,0.3399865580311012,-0.2754661222,0.020127331803491362,0.33988798319463115,-0.2774581029666667,-0.0007333587012938906,0.3481415320802679,-0.3067754487333333,0.0014087182391853486,0.34793161576017767,-0.3210334087333332,0.004530708605785802,0.3379093729566216,-0.2998253610666666,0.048797609280565625,0.33985825292996674,-0.1735656848,-0.06860551164137227,0.3014038155890792,-0.2089928170666666,0.02959527393826888,0.3151914813133684,-0.2391941944,-0.0025471512794287034,0.2885177362365383,-0.2782711376,0.12005713132561138,0.22281889685095854,-0.0280826385111666,-0.13563662658544298,0.2682959313184555,-0.0642759538599999,0.24895370840534348,0.13154760172264923,-0.0807813691433333,-0.16175978290604395,0.11501006705511266,-0.2382794657666667,0.3399536389916601,0.22475984511971353,-0.2070552532666666,-0.09159052137975086,0.23359920423492894,-0.4187477666666667,0.34845622882344757,0.2604324393593547,-0.2243029557666667,-0.05049081866214512,0.2734575884754743,-0.4838435133333333,0.3362210547885851,0.28082926232645505,-0.2311708687333333,-0.025093867475756648,0.3253104425197627,-0.4724672571,0.34407175871950624,0.2238877449315963,-0.2144665578666666,-0.07842990944546581,0.256917727420416,-0.459602296,0.07562113704018364,-0.16983182042112185,0.0547525082533333,-0.07391083737563921,-0.18721358116361625,-0.0521462487399999,0.09507099990045478,-0.510170088221821,0.0673912913766666,-0.018873844133281997,-0.4583073369331738,-0.0575472961999999,0.08525086879232156,-0.7787214300609709,0.2544039258666667,-0.04697840944867433,-0.7743958307072328,0.1294057606333333,0.06620182730664853,-0.8061902258411245,0.2810260243333333,-0.04713965965238235,-0.8001554552409862,0.10731586637,0.09963439620837125,-0.8412624381934966,0.2485627214,-0.03578932570649093,-0.8279437668426125,0.0271013838658333,onweer_g_ch1_g19_compr.mp4,ch1g19,5.624575923189007e-05,0.00036002464205231466,9.189570388139687e-05,0.00023711327907199428,1.8671568252247864e-05,0.00035193248298111046,9.20170711085133e-05,2.9724855616281404e-05,5.557250451337361e-05,3.7202296229745424e-06,0.0003368328309719934,1.5278039204766978e-05,9.615231744632703e-05,9.246344228656153e-05,0.0001781655524842494,2.019244014216378e-05,1.4696758571956126e-05,0.0003588586003620697,1.3460640279514961e-05,9.551861869865546e-05,0.00035199613664500936,0.00010237685462186661,9.366502959962858e-05,8.226260561474292e-05,1.9194804260033872e-05,1.0476463141183408e-05,8.565926121680765e-05,0.0003328538278506396,5.011224379615282e-05,0.0003597847150468585,1.2229610501140917e-05,5.478624733547762e-05,0.00037378466851789967,0.0005730402122050527,2.3444175125508575e-05,-0.0015051737634544607,-0.0014045630437780898,-0.0014261067057781882,-0.0014179810273493997,-0.0013616509514385118,-0.0014030644983266502,-0.0013936996912478944,-0.0009245304313932034,-0.0008605425369312661,-0.0013116537111027727,-0.0013059413826304585,-0.0007262559515878038,-0.0007949330421643109,-0.002940034799514233,-0.0037916703522055998,-0.005537815377703502,-0.00596960725792064,-0.005991764963002468,-0.00624677564607728,-0.006013026270697623,-0.005899858818648004,-0.005608378442275376,-0.005866850465357626,-0.0001240117685493946,9.302871404589375e-05,-0.0003154223807081257,-8.736156247944622e-07,-0.00017148695303809011,-3.8564913835091514e-05,-0.00012271241660243124,-3.115955379481566e-05,-6.220104500158745e-05,0.00013751492660925795,-6.197270397456119e-07,-1.096183939560576e-05,3.15722538107545e-07,-6.491883657665949e-06,-4.832197515792655e-07,-1.1008499622110768e-05,3.6326127492772814e-07,-1.377070133436987e-07,-5.866226059268118e-07,1.2999350668794761e-07,-5.245087074219296e-06,-1.0462091621514967e-06,4.2304521204586113e-07,2.8900833967093366e-07,-5.486195233098541e-06,-8.586380143460017e-07,-1.4891054027892663e-07,-4.885852629530443e-06,-9.827355717408185e-07,4.456531383473711e-07,-1.1713927384405575e-05,1.0705308946113105e-07,4.120570502002584e-07,7.392374820496079e-08,-6.837948628607261e-07,2.477370192878912e-07,-3.883783346234786e-08,-5.75013662444996e-06,-1.6904787446990677e-06,-5.2290795240058465e-06,3.2202051541562566e-07,-1.4188782470046954e-07,-1.1604815828521837e-05,-1.5257633702967582e-06,-1.748572110253137e-06,-2.184692776693091e-06,-1.5235880195019697e-06,-1.4848813376981394e-07,-1.669321884951128e-06,-2.170673537558366e-06,-4.991783071957816e-07,-1.5210080721976996e-06,-1.195324876869273e-07,-2.3864248465148976e-06,2.290351046534014e-07,-2.3464638458305386e-06,-2.184457092390143e-06,-2.6518642475097546e-06,5.707975671943037e-07,-2.4796408250570994e-08,-2.347873388511815e-06,1.377911623248236e-07,-2.3873313301044666e-06,-1.507973066184131e-06,-2.163809918816115e-06,-2.235337316031164e-06,-1.712780972664886e-06,-1.2595416525675922e-07,-1.1239391376937616e-07,-1.7396615359649738e-06,-2.847449367409969e-06,-4.973608232411135e-07,-1.862422700548995e-06,-1.4081548735814382e-07,-1.2939797180356526e-06,-1.325482722252997e-06,4.52980979348018e-06
4583.333333333328,0.008344682732958254,0.32105804480865857,-0.2929873766999999,0.02139338108020578,0.3375239340466639,-0.2865171729999999,0.021512995867525336,0.3386197320291583,-0.2767781337,0.019600488187162673,0.3385280357958115,-0.2787829543,-0.0014078490009538504,0.3468214763948266,-0.3079253047999999,0.0007217950556803135,0.34657062737961924,-0.3221609726666666,0.0038526924668472276,0.33655735826284117,-0.3009816892333333,0.04888515012507749,0.33898370698644,-0.1749073187666666,-0.06889970155881674,0.30052598994423074,-0.2095981176333333,0.029235999571788032,0.31392958160001583,-0.2402126177333333,-0.0030362557652822146,0.28724416919825785,-0.2790153751,0.12061358534420887,0.2221272737346624,-0.0290259061978333,-0.13587534778322397,0.26748574816276016,-0.0632597556366666,0.24941558103787304,0.12867355884765522,-0.0815406466366666,-0.16295033743897794,0.11118015717650352,-0.2348751087333333,0.3403476425189888,0.21907534177855628,-0.2070798978,-0.09214946415878358,0.22766603617370806,-0.4158077,0.34877030666013575,0.2542313234618417,-0.2242988380666666,-0.05069465238798862,0.26728146325717156,-0.4809689363,0.3365146381650908,0.27463122255313316,-0.2311487767666666,-0.02520217687782027,0.3194628131554177,-0.469891801,0.3444552449811985,0.2181218523854645,-0.2144019662999999,-0.07882899678425204,0.2510792259263708,-0.465942144,0.07576915160328293,-0.16996242896776173,0.0544613908466666,-0.07404472892822749,-0.1871147367569528,-0.0518557153333333,0.09542884807793386,-0.5105254863848351,0.0657777732766666,-0.018877529994132516,-0.4583521720949798,-0.0579224960166666,0.08533894163572762,-0.7789144109762157,0.2528710657666667,-0.047096622780956034,-0.7745403278794187,0.1285650709,0.06630188159032172,-0.8063347485390584,0.2794656095333333,-0.04729681570904174,-0.8003069275739404,0.1064089822,0.09963540823425018,-0.8414809550042096,0.2467180187666666,-0.035593088280338095,-0.8279907887863931,0.0259392017625,onweer_g_ch1_g19_compr.mp4,ch1g19,5.55464359541764e-05,0.00034485438953983964,9.146687382539536e-05,0.00022874455363396025,1.8685232423077622e-05,0.00033689779434157983,9.161620484367463e-05,2.9175384036706564e-05,5.386387329875186e-05,4.2633574071878786e-06,0.0003291217709753696,1.4388818043472529e-05,9.553246855911094e-05,9.199900695245428e-05,0.0001706888832903454,1.947736482954173e-05,1.4608518101261745e-05,0.00035161262481283906,1.2658205049576839e-05,9.490669090668973e-05,0.0003369691949584855,0.00010181333789646528,9.305898588943376e-05,8.203065900689906e-05,1.9336955341506545e-05,1.0680362061538683e-05,8.520187807384952e-05,0.00032399234087331075,4.844898271162298e-05,0.0003535769554757911,1.2498230448532938e-05,5.3916426931584944e-05,0.000357911612817561,0.0005525887735247323,2.3111642022075175e-05,-0.0014882565941422606,-0.0013924722970593047,-0.0014126775946155057,-0.001405565884603727,-0.0013486399109735145,-0.0013886187035438077,-0.0013801419294329456,-0.0009221205857946601,-0.0008426583660861163,-0.0013001511392140245,-0.0012919113375541348,-0.0007034565789024574,-0.0007728876039732186,-0.002814427039456432,-0.003679370736703493,-0.005372478763079501,-0.0056633030988072226,-0.005826248117527803,-0.005896424756166209,-0.005849773579143051,-0.005546722708950542,-0.005454035033435189,-0.005554771260947146,-0.00013247775246523103,0.00010056943505640482,-0.00030877500033628,1.8042952827501803e-05,-7.02562689961793e-05,3.2138459339866744e-05,-2.2559781620688466e-05,4.3504285548586785e-05,8.074198375964033e-06,0.00017692567836281658,-2.2657483649764205e-06,-1.1995803509824304e-05,-1.9319315399903643e-06,-8.026563083905646e-06,-6.180515882651195e-07,-1.204278089264772e-05,-1.8676323836847488e-06,-6.720626885529016e-07,-2.198486017549185e-06,-2.0004878647734585e-08,-7.874515973917282e-06,-6.178480051292154e-07,-1.9439814989642915e-06,-1.9562936115511944e-06,-8.370634515230667e-06,8.527452716415327e-08,-3.020194923865288e-07,-7.611258503561794e-06,-6.765962968815088e-07,-1.969497898717424e-06,-1.264425044845988e-05,-2.0015504308116613e-06,-1.8307483700057776e-06,-1.6601949756970512e-06,-8.231970855369216e-07,1.3007339590992798e-07,-1.7389744950396516e-06,-8.924836310257345e-06,-2.2425223145152586e-06,-7.2822387570485665e-06,1.6814115842148705e-07,-1.5596035135057884e-06,-1.20678863175678e-05,-1.6695838970438922e-06,6.39034679020335e-07,-2.4174062914522474e-06,-7.605501044731623e-07,-1.6326415948408472e-07,7.350663443267484e-07,-2.385854492771756e-06,-4.2721128260077476e-07,-1.4890648486146459e-06,-8.242729032992545e-08,-1.4798098985819075e-06,5.704958531830977e-07,-2.52548915894795e-06,-2.4084739821048053e-06,-2.464521949968565e-06,7.897591307790772e-07,9.659820121119758e-08,-1.3381679203848008e-06,4.5173062465666226e-07,-2.5644226314115034e-06,1.1152256888750303e-06,-2.4327657630927825e-06,-2.423530040563964e-06,-2.0283271522072338e-06,-1.571948716142215e-07,-1.3595477393879237e-07,-1.986426744915503e-06,-1.832609005878279e-06,-4.810590988235182e-07,-9.609220758521862e-07,-1.6156928360701192e-07,-1.2750625523861587e-06,1.3987329878564593e-06,3.2278670965062658e-06
4599.9999999999945,0.007588727928796089,0.3195524576102703,-0.2948350809666666,0.02078664962166104,0.33611946239708146,-0.2885558515333333,0.020933056805823812,0.33719404013633747,-0.2788118928666667,0.01902822869397224,0.33710921513137365,-0.2808231507666666,-0.002137330653058362,0.3454443091491469,-0.3097360620999999,-1.8862667611606585e-05,0.34515881597697695,-0.3239740912999999,0.0031159998875322325,0.3351556807822663,-0.3027967460333333,0.0489867680308954,0.3380739666102778,-0.1767873416333333,-0.06923219188935177,0.2996362516357136,-0.2105836412,0.02884687121365461,0.3126224983112593,-0.2419507984666667,-0.003577171864289416,0.2859375305949016,-0.2804300675,0.12117238844623392,0.22142490162009884,-0.0303834593831666,-0.13610099605346251,0.2666719751950594,-0.0626704774199999,0.24986665865146954,0.12586077873985663,-0.0826658358033333,-0.1640109563957554,0.10741661195609446,-0.232342564,0.34088128409365576,0.21370200207975384,-0.2073780327666666,-0.0931329147402361,0.22214196861911623,-0.4145148414999999,0.34937160778876164,0.2483966196445722,-0.2246321422666666,-0.051526296589340374,0.2615463263218502,-0.4798741837333333,0.33721861520034424,0.2688126993160407,-0.2315709162333332,-0.026007991831974116,0.31412071088378535,-0.469158042,0.3450441913047549,0.2126587060161092,-0.2146832579999999,-0.07972155161181316,0.24566332465814783,-0.439477682,0.07592492833770034,-0.17009479589743226,0.0541624010366666,-0.07418640871526626,-0.18701377668596425,-0.0515573129999999,0.09580941560039445,-0.5108631382360087,0.0647319814733333,-0.018876982554018703,-0.4583624517110426,-0.0580007056333333,0.08550241243659502,-0.7789374849089964,0.2518162702,-0.047112461953538305,-0.7745212747807654,0.1282622671333333,0.06648128101822666,-0.8063090013772926,0.2783767826666667,-0.047314022035544585,-0.8002723288087893,0.1060594444,0.09973012167961931,-0.841414292183548,0.2452852199666666,-0.03532953751855282,-0.8278720353458613,0.0253450457758333,onweer_g_ch1_g19_compr.mp4,ch1g19,5.2743495924272324e-05,0.000330171572131031,8.810101884051372e-05,0.00021819896599259452,1.8882975957778853e-05,0.0003224646920970346,8.836057174426379e-05,2.8124035841316243e-05,4.994565722516658e-05,4.261898416847843e-06,0.00031941959624404766,1.5034856245352324e-05,9.166837045384631e-05,8.862735932384682e-05,0.00015953704795929435,2.0600541967191868e-05,1.553633177654882e-05,0.0003422560159965015,1.3235546264233264e-05,9.095584064806987e-05,0.00032259341215097874,9.811330726078374e-05,8.937233365348398e-05,7.916119329975063e-05,1.956218926308091e-05,1.0618902888934733e-05,8.188838340029673e-05,0.00031242442610190707,4.518648376255565e-05,0.00034627039140343015,1.2494254760014312e-05,5.059777940004864e-05,0.00034339871051310714,0.000528852670883287,2.3619037526479718e-05,-0.0014213264626033258,-0.0013277499496141048,-0.0013460976588576304,-0.001339975062092088,-0.0012855999644415129,-0.0013204086499622122,-0.0013118413405857337,-0.0008740145863401616,-0.0007770891964989989,-0.0012413857834317268,-0.0012317733275803216,-0.0006504525422301503,-0.0007227023794294435,-0.002629743681077979,-0.0035318558177212045,-0.005130211909581337,-0.0053541955954486175,-0.0055746751663576745,-0.005558011972437316,-0.005602296778463982,-0.005195617152816162,-0.005225151096749554,-0.005240561991972394,-0.00013845319752859442,0.00010557167759743169,-0.0002853149109572435,3.3018960848104106e-05,2.3783478651411183e-05,8.965341941411154e-05,6.169074244900092e-05,0.00010116127441199732,6.317633189827332e-05,0.00019463924831914517,-4.130036558136032e-06,-9.783471694496599e-06,-4.564928376108882e-06,-8.765427835299091e-06,-7.732662375326173e-07,-9.753212864344721e-06,-4.4623042397323365e-06,-1.0239567603986477e-06,-3.7424352193476608e-06,-3.31041700471807e-08,-9.010488812677569e-06,3.460165806365824e-07,-4.629364154992353e-06,-4.57984927702544e-06,-1.0927678890856521e-05,9.742176985353032e-07,-2.5051300476975467e-07,-8.578669786282597e-06,1.2788702218528532e-07,-4.690435575534843e-06,-9.729352251209373e-06,-4.602810621401511e-06,-4.417017686627366e-06,-3.90319807706319e-06,-9.243555078632802e-07,-1.0256038994001209e-08,-3.886784836750706e-06,-1.0436552384754204e-05,-2.794504883177474e-06,-7.787840699991498e-06,-2.751152758240243e-10,-2.997936766680672e-06,-8.759797691069188e-06,-1.556625588582597e-06,3.0259547585150053e-06,-2.336206526234103e-06,2.2622670981752283e-07,-9.716484326148112e-08,3.145186947973168e-06,-2.2914575625546495e-06,-3.1733942660916724e-07,-1.2580006191064224e-06,5.3070736592064345e-08,-2.765817254567131e-07,8.234909986126695e-07,-2.3721355142855157e-06,-2.3193931410520982e-06,-1.845326313692672e-06,8.770332645308474e-07,2.636574413234232e-07,-2.896575601219609e-08,6.986947635795398e-07,-2.400780526075536e-06,3.752935350923207e-06,-2.4077986999349623e-06,-2.2959524097895323e-06,-2.098194089540619e-06,-1.19219120244273e-07,-1.3185886149185135e-07,-1.9874972169195734e-06,-4.4602660267159166e-07,-3.185795711883586e-07,1.349373678784926e-07,-1.5155512199667092e-07,-1.0249016049076517e-06,4.033467514977144e-06,3.579350452122817e-06
4616.6666666666615,0.006808059128411138,0.31807648107998443,-0.2968202084999999,0.02017657608807146,0.33473882119141973,-0.2906935572333333,0.020348954671836953,0.3357920048665259,-0.2809409762333333,0.018452371696750722,0.3357138486561852,-0.2829543908333333,-0.0028701607133373736,0.34411033381308487,-0.3116363535333333,-0.0007640742884031735,0.34379439794204614,-0.3258834108333332,0.0023763628983152936,0.33380232179911823,-0.3047010021666667,0.04912343907447162,0.3371616791189046,-0.1786910832,-0.06957128661130378,0.2987993791523156,-0.2116033634333333,0.02843443085583642,0.3113290058683308,-0.2438138106666666,-0.004151657340486347,0.2846639243675948,-0.2819686442,0.12171071792600513,0.22074942669800823,-0.0317219677298333,-0.13628426386417952,0.26590906781141205,-0.0623618453133333,0.2502851093568063,0.12321924887485627,-0.08370941814,-0.16468935711739083,0.10403448549753812,-0.2302319555666666,0.34180912262536817,0.2088248971295072,-0.2075285911333333,-0.09455535671368026,0.21718162077435266,-0.4137785046,0.3506446202351454,0.24309450367164895,-0.2246985378666666,-0.053032078878191224,0.2564087683580055,-0.4794375519,0.3386526435795223,0.26354796627278354,-0.2318341680999999,-0.027436436355149616,0.30933588299913706,-0.4691311245333333,0.34610527198315416,0.20770161914997423,-0.2148548478666666,-0.08105205513457128,0.24080150628662686,-0.434498817,0.07608723016221024,-0.1702271409169783,0.0538931345733333,-0.07433538483300892,-0.1869121638507091,-0.0512881423966666,0.09618324732671654,-0.5110698820743527,0.0642520746766666,-0.018855302118416656,-0.458266144407094,-0.0579040527299999,0.08567458686868618,-0.7787093333718086,0.2512837191,-0.04698776572725509,-0.7742532145225619,0.1282148670333333,0.06666608412122389,-0.8060480765232427,0.2778000382,-0.047156738515933654,-0.7999675935102262,0.1059683844,0.099837094458615,-0.8410672264193414,0.2444296777666666,-0.03484718692753658,-0.827494243041041,0.0250384180024999,onweer_g_ch1_g19_compr.mp4,ch1g19,4.7004816311980664e-05,0.00031993462985052614,8.158050748785216e-05,0.00020851370987651712,1.7547806639721506e-05,0.0003121580026073783,8.19825952689831e-05,2.7129933431014243e-05,4.465083863780864e-05,3.855600379656728e-06,0.000309534855633859,1.6045208453109862e-05,8.487780015742724e-05,8.209750560260655e-05,0.00014585483954863163,2.196793414032051e-05,1.5154194866602722e-05,0.0003330170047490461,1.3976539850610332e-05,8.405432700308923e-05,0.0003114065297013739,9.149820344311629e-05,8.290137210944062e-05,7.363390946419035e-05,1.8244817211222385e-05,1.0445505949679528e-05,7.621558505620544e-05,0.0003005736913770357,4.1642086973078755e-05,0.0003386864046809444,1.2321250199008333e-05,4.600746275506415e-05,0.0003341053250812931,0.000507399559274381,2.2982972420176972e-05,-0.0013136656847096023,-0.0012193058795355138,-0.0012350541738552232,-0.0012297893989779405,-0.0011841111023570333,-0.001211555450218112,-0.00120251890789987,-0.0007865435840247347,-0.0006924323510992329,-0.001142494170391312,-0.0011360169067800975,-0.0005757129326117966,-0.0006646473036805731,-0.002404912784224815,-0.0033923949601249136,-0.004887566765973872,-0.005129323742239827,-0.00533717523125101,-0.0053291355361494465,-0.0053678576827043,-0.004926176328113434,-0.005000592669878279,-0.005007593767163037,-0.00013970907207759006,0.00010633801338054148,-0.0002452346913848333,3.827086312100305e-05,0.00011140525184623338,0.0001151450981729489,0.00013288409942878397,0.00012279624061150478,0.00010147943102487772,0.00017330795670089452,-5.905223400236648e-06,-4.550146855138642e-06,-7.2125009335813025e-06,-8.035760692731484e-06,-9.002344096867905e-07,-4.3636335856421376e-06,-7.048286280419478e-06,-1.1669788383122912e-06,-4.988321748102731e-06,3.1955433036767907e-08,-8.197684725427646e-06,1.2695414621363854e-06,-7.251926908399191e-06,-7.209029745007206e-06,-1.2635997533711463e-05,1.4667758444063496e-06,-1.007939444007304e-07,-7.368609504204811e-06,9.402056546213287e-07,-7.333215477074501e-06,-3.341530796433407e-06,-7.3917097275427255e-06,-6.9761081281672185e-06,-6.394558466758099e-06,-1.0192652276215705e-06,-1.5164289829412447e-07,-6.233032282929343e-06,-9.739558853710344e-06,-3.1918844768701407e-06,-6.427613282237876e-06,-1.5462230135456159e-07,-4.153544530480452e-06,-2.095829625806859e-06,-1.150940079991487e-06,4.869274430405165e-06,-1.918589244623958e-06,1.1820179520227225e-06,1.0290755868405932e-07,5.0251106276579405e-06,-1.8656775558031789e-06,-2.064408437421722e-07,-8.939597855144185e-07,2.589973827305887e-07,9.430030879026345e-07,9.889577195847672e-07,-1.8963004881031411e-06,-1.8949487501092106e-06,-9.304461839656222e-07,8.762968442134113e-07,5.150971335694877e-07,1.2599702633512705e-06,8.813780465506689e-07,-1.9107899925785575e-06,5.859182884538779e-06,-2.0663416521399717e-06,-1.8585467157768127e-06,-1.875511452801976e-06,4.3305451165792205e-08,-1.0587483009051052e-07,-1.7259165360374233e-06,9.80432871556546e-07,-6.557480230383327e-08,1.2003072349471753e-06,-1.1605233295308238e-07,-6.073435227135591e-07,5.989026516317966e-06,5.189795625493006e-06
4633.3333333333285,0.005950667090419047,0.31665655126033754,-0.2985321085333333,0.01952985425470156,0.33341381268191217,-0.2925231228,0.019729285137733657,0.3344505193580201,-0.2827628622333333,0.01784374369227613,0.3343774692977395,-0.2847824275333333,-0.003636691552669335,0.3428567228789524,-0.3132091462666666,-0.0015491532710666923,0.34251249104446524,-0.3274490837666666,0.001602965060499711,0.332530666390684,-0.3062688930333333,0.049268136213595506,0.33628969735539455,-0.1802417467,-0.06992361375813477,0.2981167816604056,-0.2121579747333333,0.027956891350953215,0.3100814193823345,-0.2453904623,-0.004793328074230844,0.28345810715238,-0.2831821113333334,0.1221964098831766,0.22014366771043747,-0.0327430576941666,-0.1364796082979054,0.2652647451925526,-0.0617120760833333,0.25058049617171774,0.12082528920985369,-0.08405728103,-0.1652988899138767,0.10083877623535922,-0.2276377458666666,0.34304782657980537,0.20413778286602863,-0.2065577005333333,-0.09626890269598413,0.21253231891911176,-0.4124338665333333,0.3524254504600175,0.23798967483339312,-0.2235244510333333,-0.054918895027483254,0.25163581657775175,-0.4783906082333333,0.34069952027259115,0.258418988418981,-0.2309927168999999,-0.02927342262318494,0.30497685160416504,-0.4686035231,0.34755586597254995,0.20291450738260522,-0.2139711200999999,-0.08268535317867219,0.2362937974708993,-0.442741543,0.07624849380338092,-0.17036791369501036,0.05362497961,-0.07448388411377065,-0.18680393172763338,-0.05101901178,0.09655944920306903,-0.5112430398022786,0.0637413783566666,-0.018836866905796622,-0.4581399379054787,-0.0577512388399999,0.08582823574473146,-0.7783838378079888,0.2505903804666667,-0.04687225657500003,-0.7738903726455185,0.1282354445333333,0.06681367381067643,-0.8057060255823718,0.2770403601,-0.04701669186225364,-0.7995706083868683,0.1059300047,0.0999197112434059,-0.8407810211559783,0.2434235255333333,-0.03438378092073081,-0.8270666789290421,0.0248901647358333,onweer_g_ch1_g19_compr.mp4,ch1g19,3.928756897419608e-05,0.0003146240121510635,7.233982727833519e-05,0.00019951041145975883,1.4928682153326778e-05,0.00030686259360960367,7.29318581466781e-05,2.5683251208183786e-05,3.8874500961882573e-05,3.595400447884709e-06,0.0003016543119842694,1.7646126745639337e-05,7.570077197758831e-05,7.286081902342242e-05,0.0001319615516324276,2.4355202675069933e-05,1.422368318731419e-05,0.00032614845469069905,1.5156944546587441e-05,7.474909260856693e-05,0.0003053864215589697,8.211644202667012e-05,7.412930074682802e-05,6.543361532603108e-05,1.5422947328863597e-05,1.0190660125182538e-05,6.819419755322626e-05,0.0002908930947474896,3.796058905194026e-05,0.00033223910273777186,1.2020953977137046e-05,4.0739596487639356e-05,0.0003314416343509404,0.0004907395612581939,2.162406696940304e-05,-0.0011614064247268132,-0.0010665905910751774,-0.0010793157512319054,-0.0010747883793165477,-0.0010442038945714903,-0.0010630811930323336,-0.0010530586840901798,-0.0006625390931423456,-0.0005971356995577635,-0.0010012652309783346,-0.0010030989482599105,-0.0004855562473505187,-0.0006021101238276326,-0.0021804268437624675,-0.003250758046677312,-0.004690560329001303,-0.005001937262402998,-0.00516246642151998,-0.005237921573537177,-0.005186688124931611,-0.004781395717002337,-0.004824867676470034,-0.004877548213237062,-0.00013731444418335642,0.0001038101751904392,-0.00019038446739931,3.316453059595842e-05,0.00017640722058305462,9.940019155042238e-05,0.00017725761353505197,9.851692026822364e-05,0.000113645333054306,0.0001109019455047457,-7.222698820236334e-06,2.249020438915138e-06,-9.403116257100265e-06,-6.2923364161375995e-06,-8.834794495451483e-07,2.7024356910531764e-06,-9.17104664023967e-06,-1.2324820053758346e-06,-5.774281863804325e-06,1.9602996267416282e-07,-6.3317660787809365e-06,2.186026363803138e-06,-9.359245082728046e-06,-9.372462416207372e-06,-1.3293217739202848e-05,1.8863417878377705e-06,4.825626380176347e-07,-5.01688942043211e-06,1.7659276627965691e-06,-9.447325519140952e-06,4.945554519804061e-06,-9.883365248736694e-06,-9.062018767520216e-06,-8.672057572861266e-06,-1.04906855795227e-06,-2.742054961049206e-07,-8.33451550490226e-06,-7.674962368025515e-06,-3.3035141920661313e-06,-4.382016565137809e-06,-2.759454036357174e-07,-4.720462300712721e-06,6.217721224239932e-06,-5.113569311978688e-07,5.780639470072293e-06,-1.20701357927998e-06,1.9336462188458934e-06,3.956623947525574e-07,5.963540754228805e-06,-1.1526623757041558e-06,-1.048760763333925e-07,-4.717874207820611e-07,4.824294538210008e-07,1.899928569959896e-06,1.0489399464795577e-06,-1.1562678657240574e-06,-1.178187873148205e-06,8.058192460361868e-08,7.873833956611355e-07,7.935491570587309e-07,2.2340778053986978e-06,9.76181119438657e-07,-1.1564961498919197e-06,6.937031762188886e-06,-1.425451234481046e-06,-1.163062064246812e-06,-1.3540741089527956e-06,3.0525985709247745e-07,-6.391306284737114e-08,-1.2081375252008355e-06,2.1218557362509584e-06,2.3734875617303285e-07,2.016485745757041e-06,-6.294973923325921e-08,-9.812818202152026e-08,6.815161478734553e-06,6.4547304819526445e-06
4649.999999999995,0.005091705150605193,0.31539657338141347,-0.2996250302333332,0.01887803468076205,0.3322431567701705,-0.2936575412333332,0.019105465814452827,0.3332682741849765,-0.2838926623333334,0.017231647959189012,0.3331990229162579,-0.2859254797,-0.004402634705243405,0.3417479924319906,-0.3141253699666666,-0.0023343736915286133,0.3413871813811759,-0.3283477976333332,0.000830516561842128,0.3314174368376838,-0.3071688188333333,0.04938095907671504,0.33551839217214297,-0.1811128382999999,-0.07027967383266606,0.2975863073365645,-0.2121664837999999,0.027449452705571826,0.30896359942515567,-0.2463699389666666,-0.005446162449581303,0.2823908869741805,-0.2838546365,0.12255250658844256,0.21964134708616126,-0.0332413324741666,-0.13672061294964305,0.26471345952337444,-0.0609016591733333,0.250701464492556,0.1187056596185163,-0.0837315714466666,-0.16586439856988863,0.09762164821222626,-0.2250273594666666,0.3442909773310773,0.19950589766030769,-0.2049380217999999,-0.0980459625334776,0.20777323902517306,-0.4110098162,0.354231166602771,0.2328772702503911,-0.2217032192,-0.05689384024828772,0.24672671340155528,-0.477252839,0.34279505192846227,0.25323842768759564,-0.2295650828333333,-0.03125639236311492,0.300587735299561,-0.4679974541333332,0.3490245188998854,0.19812685808814529,-0.2124911715333333,-0.08438609842137391,0.23171320464088266,-0.44811973,0.07640605982699317,-0.17050723761414632,0.0533604616466666,-0.07463009397218133,-0.18669833512203704,-0.0507518270033333,0.09694053061343393,-0.5113672597261067,0.0634119349166666,-0.01881145497742441,-0.4580401302296877,-0.0575638648099999,0.08597399303420172,-0.7780157108719749,0.2500795070666666,-0.0467488106930413,-0.7735360785211302,0.1282152447666666,0.0669338715912177,-0.8053338198719268,0.2764726507000001,-0.04687052044396167,-0.7991868750713794,0.1058547396666666,0.09994496535519626,-0.8404975538363747,0.2426719695666666,-0.03397392915103275,-0.8266818961137037,0.0248365576858333,onweer_g_ch1_g19_compr.mp4,ch1g19,3.1369774314591595e-05,0.000320788123940503,6.263624246513169e-05,0.00019404282378889125,1.2916418648004831e-05,0.00031309334107083387,6.351893567410747e-05,2.417875611810139e-05,3.3420372945186874e-05,3.4181284346004866e-06,0.0002969056919262379,1.997552112877994e-05,6.655389542874105e-05,6.320118379075259e-05,0.00011942700600674689,2.672771915529967e-05,1.3843521308811729e-05,0.00032308039663535916,1.6992306800847327e-05,6.547658230128505e-05,0.00031352847993407266,7.24517899125218e-05,6.532452368141022e-05,5.642525220038199e-05,1.2876192619855152e-05,9.975746290297933e-06,5.993069177931922e-05,0.0002851029620652788,3.467805342683706e-05,0.0003294891317648211,1.177708268301611e-05,3.6289084975583764e-05,0.0003419591280391532,0.0004859054914974368,2.131982239132715e-05,-0.000997255730090431,-0.0009000829968516899,-0.0009096483716232432,-0.0009055769500160363,-0.0008955732937513762,-0.0009072931030005263,-0.0008962207988686307,-0.0005254562436353674,-0.0005175823076059181,-0.0008457006719660589,-0.0008629080877297303,-0.0003918639385506471,-0.0005468023229081139,-0.0019758728358778765,-0.0031518462496806727,-0.0045776217976818126,-0.005104530417192814,-0.005089487679861856,-0.005422548587665539,-0.0051172966825942376,-0.004932959321913111,-0.004727672192433979,-0.00498316825865297,-0.00013536065020886188,0.00010149453141631142,-0.0001476192782458864,2.4782076695725648e-05,0.00019654578829509628,5.216872833164248e-05,0.00018066409375735412,3.904341663462225e-05,9.305773654469973e-05,2.5481173639029765e-05,-7.729200258529596e-06,9.367225971312444e-06,-1.0641979936773203e-05,-3.806778731120934e-06,-5.608713273167555e-07,1.012071691158859e-05,-1.0345968597436327e-05,-1.2386724404390543e-06,-5.974671665352565e-06,6.894662201275638e-07,-3.7462045063006495e-06,3.155442453793641e-06,-1.050177540358383e-05,-1.0576865438370436e-05,-1.2698815403044908e-05,2.367036000731065e-06,1.4633590089532799e-06,-1.961669678051863e-06,2.6774012538700555e-06,-1.0580751275045665e-05,1.357435064314817e-05,-1.1495549593583032e-05,-1.0241416493985915e-05,-1.0229142571819874e-05,-8.49427969921124e-07,-3.392832910802307e-07,-9.709389360860512e-06,-4.640516679356517e-06,-3.0304701267335423e-06,-1.8604996565752197e-06,-3.284957226265052e-07,-4.573325835168634e-06,1.4560102851406717e-05,2.451253797202058e-07,5.377764061574755e-06,-3.279864254250801e-07,2.267188086619776e-06,6.690508825761948e-07,5.561035270309783e-06,-2.8063519388422906e-07,-3.168864520482766e-08,-5.471785382577348e-08,6.742847285001426e-07,2.42091190060364e-06,9.804999522342599e-07,-2.897996618089305e-07,-2.9680545208011485e-07,9.999091494136212e-07,6.471779653953286e-07,1.0076789542524925e-06,2.7073555945215497e-06,9.535714067388777e-07,-2.7949905875811165e-07,6.460663985111564e-06,-5.952107007317132e-07,-3.3716157803835205e-07,-6.147546285455775e-07,5.667786633836442e-07,-1.676316616254726e-08,-5.252785086881886e-07,2.753045180812411e-06,5.315278991588971e-07,2.4061519272388257e-06,-6.531523811833668e-09,3.897973379968029e-07,6.123217571923752e-06,6.5298977171737654e-06
4666.666666666662,0.004472464536251243,0.3146005126245258,-0.3002980203333332,0.018365714711993268,0.3315367390675066,-0.2942677676,0.0186192997215135,0.3325546342963319,-0.2845012694666667,0.01675402968179014,0.33248782621043915,-0.2865587621666667,-0.004971762244886889,0.3410084520555863,-0.3146154403666666,-0.0029212720840327655,0.34065166015242737,-0.3288192614333333,0.00025848582423158167,0.33069382995907565,-0.3076398276666666,0.049472795833163816,0.3351314830591332,-0.1813659484333333,-0.07058571421727838,0.29718680765547295,-0.2119196435666666,0.02706040500937391,0.30830478123991756,-0.2469028322999999,-0.005920120633700614,0.28169594385275,-0.2842174201666667,0.1228756833395708,0.21937761860171245,-0.0332333738274999,-0.1369763184599458,0.26423570621676923,-0.0600116170366666,0.2508480751566628,0.1169717908531215,-0.0829037424033333,-0.1665285166779148,0.09449792599012163,-0.2224551235,0.3457522964508799,0.19516254845027978,-0.2032309775666666,-0.09974431930935225,0.20270191729042872,-0.4101992844333333,0.3562430541268066,0.2280459404840676,-0.2200248314,-0.05876774768663591,0.24129985529887887,-0.4768837839,0.3450920807237896,0.24834772251588244,-0.2284487181333332,-0.03320547640266735,0.29571356163703805,-0.4680829897666666,0.35069885764760467,0.19359162434091562,-0.2110570649333333,-0.086036349678317,0.226770116660949,-0.449300051,0.07655172152782505,-0.17063935318665924,0.0530972869,-0.07476716105359842,-0.18660181755223992,-0.05048029941,0.0972929286864001,-0.5114837275688617,0.0633986946366666,-0.0188289954539774,-0.4580563925608608,-0.0568858195066666,0.08607244919166473,-0.7777850939991561,0.250060748,-0.04665068303451937,-0.7735444896695858,0.1286647226333333,0.06700461815997244,-0.8051441851164182,0.2764272081333334,-0.04674954393944854,-0.7992286187592443,0.1062590144,0.0999202455690592,-0.8404250530513174,0.2423876017666666,-0.03390615974202905,-0.8267619299957848,0.0251882593025,onweer_g_ch1_g19_compr.mp4,ch1g19,2.36596495251805e-05,0.0003360348703843583,5.193167007289901e-05,0.00019236432358628314,1.2554182119998622e-05,0.00032901916134388454,5.3097379679022614e-05,2.2933183955748396e-05,2.8320335752645057e-05,4.571697262576718e-06,0.0002939104429321006,2.3278149667080415e-05,5.631535012950879e-05,5.258406360123718e-05,0.00010785657938012595,2.960810203482446e-05,1.4984626572956692e-05,0.0003214589171668389,1.982260486908524e-05,5.516493258048417e-05,0.00033396277469934226,6.094513811771355e-05,5.532856477099291e-05,4.609202073095723e-05,1.1920891274317907e-05,9.64592336998597e-06,5.047097259045872e-05,0.00028143400840263417,3.197105102180966e-05,0.00032753240096421496,1.1435047334997008e-05,3.251018536610573e-05,0.00036353598065724324,0.0004906746477088418,2.313100327633868e-05,-0.0008199642724438088,-0.0007214388704439667,-0.0007288280621704845,-0.0007247083627034526,-0.0007408478355930124,-0.0007473818039534023,-0.0007355661430209122,-0.00037720483722336487,-0.0004580948084281227,-0.0006748582544817789,-0.0007163440311396618,-0.00029689705955328614,-0.0005012196588566289,-0.0017881642556049659,-0.0030900775309615006,-0.004518246021765874,-0.00538677030966977,-0.005072571841490054,-0.0058208357685487185,-0.00510204016430567,-0.005318927418832828,-0.004682233671933549,-0.0052786689942340365,-0.00013425564111831388,9.98083833617975e-05,-0.0001208127200995934,3.982310311134471e-06,0.00015334333929153235,-3.753764334163257e-05,0.0001239784569312563,-6.510389298181014e-05,2.2187643201698154e-05,-9.394935469934367e-05,-6.979729204848271e-06,1.4928416877293873e-05,-1.0355939063059233e-05,-9.693373346555595e-07,3.260864164244306e-07,1.5875020606328228e-05,-1.0010223715515074e-05,-1.2202529866409106e-06,-5.565078107927367e-06,1.557805120293599e-06,-7.241845871732789e-07,4.3441477984128765e-06,-1.0181825609234876e-05,-1.0255269745465218e-05,-1.0784714733156818e-05,3.3657457485962267e-06,2.9080892140770315e-06,1.391223357181885e-06,3.842362109987328e-06,-1.0241901265847e-05,2.0115954090146904e-05,-1.152305524980983e-05,-1.0005447655580985e-05,-1.0367064602041818e-05,-1.685859789354601e-07,-3.2308206794915054e-07,-9.78160539581537e-06,-1.0644681395559707e-06,-2.25469693700887e-06,8.974544546539119e-07,-2.9492180122283633e-07,-3.74928273108286e-06,2.0671942061676707e-05,1.0088385142840997e-06,3.7883533178414264e-06,6.239491387163114e-07,2.1170255465031934e-06,8.182284897021217e-07,3.918985824909941e-06,6.588873337211192e-07,2.3983403779046467e-09,3.175962218639118e-07,7.558133060256197e-07,2.4928894662056e-06,7.638113833143744e-07,6.265674329463544e-07,6.538792329103488e-07,1.7256617216395486e-06,4.457581008946041e-07,1.063927369281025e-06,2.7012419056520743e-06,7.873754387828594e-07,6.401339838012299e-07,4.516527084700061e-06,3.693700258846918e-07,5.501944653507669e-07,2.702885580579734e-07,7.19549324900517e-07,3.4089252770683974e-08,2.6772287009967185e-07,2.851380091693935e-06,7.679185482933412e-07,2.419740518478909e-06,4.9600512256739285e-08,7.881121842063122e-07,4.068217178945855e-06,5.471900476999538e-06
4683.333333333329,0.003953613009056807,0.31405982237036295,-0.3000863652333332,0.017901090149423548,0.33109115432048236,-0.2940095642333333,0.018179800006973845,0.3321053456003347,-0.2842511048,0.01632701854381861,0.3320429348890836,-0.286335207,-0.0054557887684808706,0.3405042258041593,-0.3142896632333333,-0.003425291321643048,0.3401419444073712,-0.3284521306,-0.00022610526916816404,0.33019249497740233,-0.3073032372666666,0.04952119812536146,0.3349599370835362,-0.1809150015333333,-0.0708596024039426,0.2968390542396192,-0.2111266077333332,0.026734352478304944,0.30788989136214223,-0.2466007122666666,-0.006292545485979949,0.28118989626916796,-0.2837690740333333,0.12317502541630723,0.21917139608318134,-0.0327115516808333,-0.1371666133976235,0.2637907348308893,-0.0586224362933333,0.2510002494333962,0.11538925041315705,-0.0814118408033333,-0.1673860872272103,0.09147809619235045,-0.2192394325666666,0.347187364125325,0.19078363592768519,-0.2004500662333332,-0.10133722155371477,0.19718587525398237,-0.4078627197666666,0.35813189219547026,0.22314581268112063,-0.2171796111333333,-0.06051445416537866,0.23530484518176145,-0.4748420198333333,0.34720813430932124,0.24336386794399184,-0.2259994271666666,-0.0348700400380141,0.2902042511662592,-0.4664305602666666,0.3523164238730449,0.18903114348504035,-0.2084252039666666,-0.08761833660115309,0.22134163488630534,-0.426449865,0.07667367003738854,-0.17077286277629847,0.0528521385833333,-0.07488171322755087,-0.18650446797740228,-0.0502274232266666,0.09764625829195682,-0.5116230563916284,0.0633906142333333,-0.018888981470705033,-0.4581190490110325,-0.0565018763099999,0.08613789700958624,-0.7777643064930957,0.2501677820333333,-0.04675085754360835,-0.7738311788073756,0.1287538281,0.067031088763743,-0.8051703500657917,0.2765177624666666,-0.04685720900360072,-0.799583866997792,0.1063089733,0.09978380247069897,-0.8405427092562782,0.2422419602999999,-0.034002121076334296,-0.8271420172740204,0.0250906187591666,onweer_g_ch1_g19_compr.mp4,ch1g19,1.6750020953835598e-05,0.00035708256074797854,4.116245853659185e-05,0.00019272668606184324,1.3806121510980385e-05,0.0003515126163052344,4.269941254437973e-05,2.1954862076199946e-05,2.2988497491873307e-05,6.540805414400193e-06,0.00029431203215463136,2.7760602069828158e-05,4.5757583554753364e-05,4.1919766524371804e-05,9.804680179348125e-05,3.2670086930187696e-05,1.830266577863775e-05,0.00032371508295898856,2.3857740783799755e-05,4.4615099008024956e-05,0.00036295492225163744,4.872209642796386e-05,4.4835391957326533e-05,3.5025352776648386e-05,1.2729973509156685e-05,9.344559166555229e-06,4.012343846065195e-05,0.00028188638810235924,2.9920592024970634e-05,0.00032898532429242425,1.1177907985340162e-05,2.8931847760820553e-05,0.0003919957899474972,0.0005037108712843492,2.7041524011246355e-05,-0.0006478363884636753,-0.0005459152782196578,-0.0005500043813344577,-0.0005463847167309456,-0.0005850293973249594,-0.0005898382339606846,-0.0005794270709656701,-0.0002271123162398909,-0.00041021752390755134,-0.0005048682796193524,-0.0005740362493372987,-0.00020207075324703999,-0.0004600273250615015,-0.0016316886753823846,-0.0030447101267962453,-0.004547269014975328,-0.005779658303807093,-0.005154096384500821,-0.006345402313255692,-0.005185498498931358,-0.0058574472484595585,-0.004718036997801128,-0.005694673106075341,-0.00013686624544522117,0.00010092568880779578,-0.0001169532073701682,-2.6459650286491517e-05,4.774611082055577e-05,-0.0001654750517689034,9.893169084399643e-06,-0.00021051234652005554,-0.0001081170557916361,-0.00023749077642059088,-5.230564014346605e-06,1.8029892190231992e-05,-8.83951880506132e-06,1.5663403612508775e-06,1.5537273699288147e-06,1.9023118861601802e-05,-8.475946936084246e-06,-1.2475014216551646e-06,-4.868962056894386e-06,2.437388404202649e-06,2.0299291914018667e-06,4.945846094034468e-06,-8.69389896311954e-06,-8.70971944478144e-06,-8.270622945255276e-06,3.868196006538925e-06,4.209100116858265e-06,4.352035687296884e-06,4.501987449382645e-06,-8.732441441926701e-06,2.3666578737391134e-05,-1.0233237530127373e-05,-8.61290213665253e-06,-9.274510492667904e-06,8.803499728074456e-07,-2.3211523414839293e-07,-8.73982155780015e-06,2.1551403076465285e-06,-1.1766481965261227e-06,3.3862934860384527e-06,-1.8722412119243162e-07,-2.4775627656261887e-06,2.3695734823469518e-05,1.6615676177637866e-06,1.4037676935069867e-06,1.503860449753689e-06,1.5531114517903376e-06,7.960140038927531e-07,1.4273863332421512e-06,1.5199036210345127e-06,-1.211015814737449e-09,6.33991684829992e-07,7.145908763641197e-07,2.0701961942045433e-06,4.121623497443476e-07,1.4631458429587404e-06,1.5296245540176895e-06,2.161617767019911e-06,2.0918149711670706e-07,8.844614315191289e-07,2.1672120833312133e-06,4.846037870956363e-07,1.4713213587564292e-06,1.5671277201112158e-06,1.3212100341997064e-06,1.375037101152264e-06,1.1748469016392777e-06,7.124787422277005e-07,7.830674837488221e-08,1.0665506756318794e-06,2.3610331691220624e-06,9.004952175160936e-07,2.0004898908726173e-06,9.327053899422403e-08,1.058997236373226e-06,1.1497090813380468e-06,3.824890575612188e-06
4699.999999999996,0.003575793811303081,0.3136808254960591,-0.2991125674,0.017515855959966953,0.3308283808077209,-0.2930374522,0.017819731955517323,0.3318438890789684,-0.2832898001,0.015984939907653872,0.3317846388154881,-0.2854092995666666,-0.00582128965529567,0.34017024317207745,-0.3132998993000001,-0.003811730216929989,0.3398009821839603,-0.3274109228666667,-0.0005889325913899357,0.3298581790813827,-0.3063058975999999,0.049481444731238194,0.33498561950194344,-0.1799157212333333,-0.07105048301032917,0.29654993212358577,-0.2099503691999999,0.02650510000960067,0.30765946363140073,-0.245559894,-0.006515985005521654,0.28083377400956966,-0.2826330502333333,0.1234513996078837,0.21908735651663305,-0.0318635907974999,-0.137301239851648,0.26341546237189173,-0.0569143662266666,0.25104303327405614,0.11395880421398584,-0.07973980088,-0.16850776917575966,0.08855763535908132,-0.2151926904333333,0.3483294481211303,0.18628071134603277,-0.1975554153333333,-0.10243298214799133,0.19105852913994195,-0.4037117261333333,0.35958242824456227,0.21798378964551837,-0.2142051863666666,-0.0616955983525959,0.2284617033252758,-0.4708291500333333,0.348782931443582,0.2381576529211154,-0.2233786313,-0.03580958443481799,0.28381935634279876,-0.4628630855,0.35358191254087507,0.1843685293662117,-0.2056483179666666,-0.08874014975433415,0.21528413785228798,-0.390755236,0.07678318804217532,-0.17091395016303412,0.0526244191633333,-0.0749835458097692,-0.18640093622159837,-0.04999515982,0.09799664208898352,-0.5117756255028053,0.0628912907666666,-0.01894521917282299,-0.4582094732446163,-0.0565381031799999,0.08612703727587874,-0.7780088651979241,0.2492708831333333,-0.046984036318277876,-0.7742696265209427,0.1279037282666666,0.06696930869282364,-0.8054634282725937,0.2755267677,-0.04712376007553267,-0.800103890485827,0.1053688235233333,0.09956738534570722,-0.8409844469043337,0.2409434060666666,-0.03416373958828832,-0.8276861693398531,0.0238813632025,onweer_g_ch1_g19_compr.mp4,ch1g19,1.1658393168739952e-05,0.00038156302602769467,3.202905062279606e-05,0.00019638115543450397,1.681865066862498e-05,0.0003772087464131423,3.395510907468213e-05,2.1158051586835738e-05,1.7915220625617155e-05,9.51193194235744e-06,0.0002983448156999128,3.3193246196881436e-05,3.670318482759454e-05,3.292398466951174e-05,9.003773543551265e-05,3.513452062531727e-05,2.422494974537927e-05,0.0003306828315713392,2.8796405051738634e-05,3.558285884989125e-05,0.00039494740576677845,3.7787670114960676e-05,3.574740348857305e-05,2.5178632573311036e-05,1.534237965376773e-05,9.076177777097721e-06,3.082844363859896e-05,0.00028654901683403854,2.9106590771847422e-05,0.00033465047151637155,1.1005551066060331e-05,2.6683486565945827e-05,0.0004230086354139178,0.0005238062942463669,3.262853900106691e-05,-0.0005051811914079522,-0.0003973157084945109,-0.0003987019813260205,-0.00039551046156403337,-0.0004524650403638777,-0.0004584897274002155,-0.00045047289761907596,-9.796953801202985e-05,-0.0003856457803811628,-0.0003615915812812624,-0.0004590260168073209,-0.00012139657162985645,-0.00043632955343461097,-0.0015043252039852574,-0.003042741388486248,-0.004657431742836895,-0.006230849523225195,-0.005330973160332864,-0.006920145584625093,-0.005357880229677562,-0.006455203900968542,-0.004827399887601771,-0.006165929360559361,-0.00014250399187805225,0.00010473900513778282,-0.00012947931494562923,-6.291017275973774e-05,-8.995173282846452e-05,-0.0003099532819320964,-0.00013191694924616625,-0.00037216846248429417,-0.0002637081850677794,-0.00039260865393699626,-2.8416842053773515e-06,1.804492001595501e-05,-6.448339702633122e-06,3.155112704126189e-06,2.3926943959710586e-06,1.9018985285289358e-05,-6.098300412618272e-06,-1.2531098997929854e-06,-3.975264244820233e-06,3.2999086329275594e-06,3.956519661231126e-06,5.100881657592373e-06,-6.3735308445386915e-06,-6.298636819147366e-06,-5.526843729874263e-06,4.056875923278902e-06,4.8371791262778445e-06,6.2174903758849755e-06,4.772251127506027e-06,-6.394481725020035e-06,2.3606119078153412e-05,-7.95412353862475e-06,-6.3918182277871025e-06,-7.220190760495599e-06,1.6870049096201795e-06,-1.0530074184781428e-07,-6.828547680820196e-06,4.347595011548021e-06,4.230596055274398e-08,5.106028727989211e-06,-4.9915147107527965e-08,-9.518504481143401e-07,2.2996274752049018e-05,2.080611809094718e-06,-1.2668450288345548e-06,2.1511350292329205e-06,6.411290438115135e-07,5.893093086344629e-07,-1.3597275693384412e-06,2.1461324860552553e-06,-2.4043004228369685e-08,8.60466073624554e-07,5.378365541947918e-07,1.2591879778813294e-06,-3.391709995884461e-08,2.069396105400095e-06,2.169916872981459e-06,2.2727944499278015e-06,-4.879137718676498e-08,4.6491575880891295e-07,1.2141788775933761e-06,8.343625011542232e-08,2.0666357613732284e-06,-1.6941238685938093e-06,2.0828256247596195e-06,1.985757742336102e-06,1.9194540278408104e-06,5.356378143141654e-07,1.1117877587597487e-07,1.7104096385540927e-06,1.4059666198157115e-06,8.901853855079454e-07,1.2374190469853484e-06,1.2018319103760386e-07,1.1379027221318607e-06,-1.9796766989891874e-06,3.0262649463588153e-06
4716.666666666663,0.0033006151760199415,0.31327396542406905,-0.2988145064333333,0.017155172240616093,0.3305349396950988,-0.2927702605,0.017483308055755466,0.33154987207917264,-0.2830286672,0.015668876307829902,0.33149401571115006,-0.2851852874333333,-0.00614439314609777,0.3398163102384535,-0.3129315743666667,-0.004149878303595315,0.3394415205676806,-0.3270110561666667,-0.0009048840917327645,0.3295063673288467,-0.3059350712666666,0.049352453979355004,0.3349878258641392,-0.1795984407333333,-0.07124754441791943,0.2961870834434876,-0.2096105521666666,0.026347047296011665,0.30740040258572304,-0.2451951846,-0.006644254496379676,0.2804640438393376,-0.2820821112666666,0.1237107089650657,0.21900701678292364,-0.0316247085441666,-0.13744873308350056,0.2630010587124528,-0.0558584593899999,0.25099613998804926,0.11250238500877623,-0.0788729144033333,-0.16984711349419238,0.08558179314250998,-0.2115583677333332,0.34915017072385124,0.18145687174316796,-0.1959005425333333,-0.10314596396970219,0.1844312709117384,-0.3999554414333333,0.3606157922196299,0.21239543942478786,-0.2125965419333333,-0.06233411820572287,0.22100469855643673,-0.4673805753,0.3499033794666083,0.23258187680393053,-0.2221364277999999,-0.036153653907825385,0.27679692494775393,-0.4599599300333333,0.3544989858670421,0.17938182271359393,-0.2041350434666666,-0.0893976505194132,0.20868972460169674,-0.387779385,0.07688281702629625,-0.17105767701130598,0.0524002640999999,-0.07507715883813874,-0.18629504629600097,-0.0497691914066666,0.09833245005501738,-0.5119171266153245,0.0623881036366666,-0.019049719938903933,-0.458310984656899,-0.0565291715466666,0.08609323638329833,-0.7782539997327579,0.2484034984333333,-0.04729504368188414,-0.7747382374936103,0.1270860101666666,0.06688907491526527,-0.8057544091661686,0.2745725351,-0.04747315303619568,-0.8006477034851162,0.10446431211,0.09933465392334981,-0.841413094588625,0.2396922191333332,-0.034506291439807636,-0.828242583311896,0.0226841912758333,onweer_g_ch1_g19_compr.mp4,ch1g19,9.74810994240966e-06,0.00040141430587831226,2.5879973569680603e-05,0.00020096398103357325,1.9976675208903336e-05,0.0003983486503190241,2.8185061009895885e-05,2.0086968813280187e-05,1.4078655593140727e-05,1.3045368793115771e-05,0.00030533041079393856,3.8990809246173325e-05,3.039594878584707e-05,2.6936383937469658e-05,8.600793458001263e-05,3.86796915248723e-05,3.053040372859468e-05,0.00034095608443272086,3.420301656910013e-05,2.925272210531279e-05,0.00042156566519415014,2.9579366736821e-05,2.9342331870046524e-05,1.790929308173289e-05,1.793750187182506e-05,8.987453327915924e-06,2.3651973999358436e-05,0.00029447355809949024,2.963151339641525e-05,0.0003430351396789478,1.1015295869512147e-05,2.6000652798921305e-05,0.00044803746522690944,0.0005437205236765697,3.86212417696255e-05,-0.0003960397738738259,-0.0002832872389708908,-0.0002826066735592514,-0.00028016041294529563,-0.00035112727785162985,-0.00035984646922013517,-0.0003545446632702111,-2.302561673729576e-06,-0.0003831868516258942,-0.0002520159238644512,-0.00037403397706746764,-7.314704374596422e-05,-0.0004359290635304933,-0.00144619216430013,-0.0030519704414050178,-0.004826014363992331,-0.00659817244767181,-0.005566087030738443,-0.007388223362968162,-0.005578527751143499,-0.006958234094526504,-0.004990665618747543,-0.006555472911964361,-0.00014909915110029344,0.00010971322720837174,-0.00014917599657481216,-9.684615274879995e-05,-0.00021335627919408912,-0.00043104789215195176,-0.0002541204464751716,-0.0005053884500729187,-0.00039890919818208096,-0.0005146961492063621,-4.074543116215415e-07,1.490737596628158e-05,-3.80934934206557e-06,3.3115166124883946e-06,3.0255344249957364e-06,1.5757594085909527e-05,-3.4816385871329894e-06,-1.3326161911592758e-06,-3.1318641190223536e-06,3.906504422453889e-06,4.689304579596616e-06,4.773625273316782e-06,-3.839627732900978e-06,-3.646078767252304e-06,-3.2091340059335433e-06,3.836033028694193e-06,5.102482573244581e-06,6.68148863960727e-06,4.602391051151621e-06,-3.861056369222851e-06,1.9816612160394022e-05,-5.280546137103978e-06,-3.945162223974607e-06,-4.755281669845676e-06,2.340944094061283e-06,3.717297945606579e-08,-4.619005551621966e-06,5.080374801137442e-06,1.0575538902983717e-06,5.8883237292174385e-06,9.840851971486761e-08,2.987603857107426e-07,1.8749622220462718e-05,2.166912675240616e-06,-3.5278167782179018e-06,2.438964678604511e-06,-4.113635642129532e-07,2.733105843941102e-07,-3.7315180185105755e-06,2.413391114271983e-06,-3.853760162342352e-08,9.602119614537325e-07,2.510278412221528e-07,2.2972560766710722e-07,-5.103830614547521e-07,2.3301636255378276e-06,2.4482818777361116e-06,2.0191233176098998e-06,-3.723829362765233e-07,-8.534415090290967e-08,5.9024891338966574e-08,-3.626785263691107e-07,2.315856604497948e-06,-4.444508415030719e-06,2.503411153065086e-06,2.2648053732812016e-06,2.354668957038127e-06,2.676927274479982e-07,1.2565382450678425e-07,2.0716567142410735e-06,2.0234498592037303e-07,7.271931934720367e-07,2.950721380303246e-07,1.2639527235023634e-07,1.0088772402214076e-06,-4.522901157520477e-06,4.090539532589906e-06
4733.33333333333,0.003033563105685917,0.31285227414926847,-0.3001711423666666,0.016797884772066302,0.3302231934196841,-0.2941620533,0.01714868624808035,0.33123929798727,-0.2844117284,0.015355028863170632,0.33118648452852323,-0.2865950485333333,-0.006466923010169922,0.3394400802637691,-0.3141903668666667,-0.004484689072523502,0.33905776587116193,-0.3282754097333334,-0.0012198961710856336,0.329130217447271,-0.3071899387666666,0.04918287222579212,0.33497852508762455,-0.1807447016333333,-0.07145293408245741,0.2957145981310472,-0.2108170013333332,0.026193902037544486,0.3071267607925591,-0.2464269950666666,-0.006766714075438972,0.28007675821439804,-0.2831505026666666,0.12395987373824971,0.21892256505986768,-0.0326483744841666,-0.13767371308222315,0.2625056101740874,-0.0560290071533333,0.25091629181793373,0.11098623735392807,-0.07934526456,-0.17132096372680686,0.08237014780995118,-0.2094127847999999,0.3496194921584091,0.17633476343127685,-0.1960480456333333,-0.10375780494553341,0.17735390790679087,-0.3986430782666667,0.36121685649904156,0.2064600079185954,-0.2129015389,-0.06276712879774983,0.21304127478008478,-0.4665255883999999,0.35054182756179814,0.22669323467994384,-0.2228436843666666,-0.036130150716571795,0.26928838180703163,-0.4595776079333333,0.35504324269420356,0.17408880559794218,-0.2044522280999999,-0.08990596432064059,0.20161927324328197,-0.395442307,0.07698093179903187,-0.17120257798653393,0.0521650295266666,-0.07517287131783866,-0.18618785978617228,-0.0495309250699999,0.09862737789239631,-0.5120621468223792,0.0618560946799999,-0.01919876047986142,-0.4584111654430924,-0.0561992742433333,0.08601862725148779,-0.7784657304676114,0.2475695916999999,-0.04766234406673514,-0.7751973466280482,0.126787824,0.06677738611282442,-0.8060052206216527,0.2736636963666667,-0.04788214867001723,-0.8011789870866494,0.1041095231766666,0.09909398447928006,-0.8418177940332424,0.2384562095333333,-0.034994649574226266,-0.8287832494981084,0.0219308124691666,onweer_g_ch1_g19_compr.mp4,ch1g19,1.0862668989054952e-05,0.00041362227249342403,2.335092515587409e-05,0.00020550529902638753,2.260149989949545e-05,0.0004114494231986345,2.5996897018946684e-05,1.8753635301014996e-05,1.162182569767038e-05,1.695705706112171e-05,0.00031155287929399676,4.319010854654309e-05,2.7629179694554622e-05,2.4606071029061703e-05,8.441311821492303e-05,4.218875067990659e-05,3.568043465184169e-05,0.0003492296060415056,3.836270804319072e-05,2.6459078711312755e-05,0.00043774800006013577,2.5191802677431754e-05,2.6435486997521174e-05,1.4117467150678877e-05,1.97799000027565e-05,9.037957143184682e-06,1.972466532442531e-05,0.0003012817636831875,3.1395042053845175e-05,0.00035021956079892675,1.1147958501052417e-05,2.733135903585837e-05,0.00046260624288124795,0.0005578638614262156,4.316180965305019e-05,-0.00033131585452925464,-0.00021424410913518384,-0.00021266501642344985,-0.00021089086969195266,-0.0002890150852492308,-0.0003011612329373876,-0.00029816472787913556,5.400840137880468e-05,-0.00039545188200619503,-0.0001859958976771175,-0.0003241762242426306,-4.858677969804101e-05,-0.00045004213263879263,-0.001420299682882612,-0.0030746898560260706,-0.004968227898733966,-0.006818924608038557,-0.005748772996639178,-0.007657403741589776,-0.005751058179203714,-0.007263182222903431,-0.005128918039300769,-0.006792392280054767,-0.0001555166358826636,0.00011475782972613098,-0.00016997138974460396,-0.00012182652228344793,-0.0002862990686553682,-0.0005025656163154838,-0.0003223379412702438,-0.0005808192145908065,-0.0004724734008010589,-0.0005876861831292184,1.8460044259823376e-06,9.226046323848011e-06,-1.2328052417045405e-06,1.8690077396964235e-06,3.3104290295249197e-06,9.819265128112737e-06,-9.360973159559504e-07,-1.4247102914848894e-06,-2.325737882489928e-06,4.100440029481027e-06,4.039823673911239e-06,4.181788698725535e-06,-1.4290309361771688e-06,-1.0642717629898209e-06,-1.615174923487643e-06,3.327442596020318e-06,4.923375631554458e-06,5.745275327791017e-06,4.168707973734557e-06,-1.476639256341484e-06,1.2955787026672422e-05,-2.5849034608862665e-06,-1.5911902533325689e-06,-2.177359125215653e-06,2.6724141883068e-06,1.6676833648433275e-07,-2.4078683970312588e-06,4.23361584388729e-06,1.6041184617095607e-06,5.578560607316869e-06,2.3321118594602213e-07,1.0529037413108408e-06,1.1765625449647858e-05,1.9107070079791344e-06,-4.906312544859286e-06,2.3157013845368025e-06,-1.4057899325697712e-06,-9.514384277096268e-08,-5.176898524152554e-06,2.2730280027539464e-06,-2.8476255287421068e-08,9.294933123950212e-07,-9.933222494408024e-08,-6.986955881899185e-07,-8.952979819268686e-07,2.19509747723975e-06,2.313715670191008e-06,1.5059527686850604e-06,-6.906115146176348e-07,-6.512723899038135e-07,-9.135295432485753e-07,-7.41766931942796e-07,2.1706301105302708e-06,-6.062234960392024e-06,2.494909741784537e-06,2.156986471378632e-06,2.3895829616762e-06,-3.622542173122847e-08,1.207700293293132e-07,2.0639122277491424e-06,-8.727716700011142e-07,4.218718130987675e-07,-5.296400801668341e-07,1.135022250252483e-07,6.84372459828023e-07,-5.931450702422385e-06,5.392380944612951e-06
4749.999999999997,0.0027470078665947162,0.31238715077127693,-0.3015811210333333,0.01639557475184879,0.3298807016808727,-0.2956235283999999,0.01676965063924003,0.33089690286327206,-0.2858613580666667,0.015001252299192932,0.33084676429139787,-0.2880769183666666,-0.0068294239847022835,0.3390273405229416,-0.3155429065333334,-0.004860851707854742,0.33862592023654486,-0.3296218796666668,-0.001575383477558156,0.328703004321454,-0.3085339956999999,0.048934336978153796,0.3349490109199984,-0.1820342357,-0.07171741434735043,0.29519150958093143,-0.2121117031333333,0.02602442240126601,0.3068196981631932,-0.2477323954,-0.00689892504507563,0.2796365539406188,-0.2843183722333332,0.12419644054002754,0.2188350389276767,-0.0338675434108333,-0.13799897394064858,0.26197138588060764,-0.0562846917066666,0.25083102315660305,0.10947658781706053,-0.0800038064766666,-0.17290025210643323,0.07913579142184748,-0.2075946260666666,0.34993718536143514,0.17121986284172852,-0.1967761590666666,-0.10454557052032572,0.1703521481657833,-0.3971508809666667,0.3616339859539278,0.20051613856624423,-0.2136009502333333,-0.06332747185414875,0.20518085237079411,-0.4652878373666667,0.350999308765213,0.22078044694193807,-0.2241016398999999,-0.036288547853395546,0.26184893252148433,-0.4589176881666666,0.3554178421938658,0.16881592603934856,-0.2053989996999999,-0.09054137270799201,0.1946536220310991,-0.355198026,0.07708804282582205,-0.1713564170365482,0.0519157663766666,-0.0752768761011984,-0.18607386445941496,-0.0492793777299999,0.09887886233579996,-0.5122166969659958,0.0610761479099999,-0.019509876137811587,-0.45850754174945524,-0.0557434406433333,0.08590736353707559,-0.7786493134484268,0.2463524859666666,-0.04809208536497111,-0.7756260062319777,0.1268109913333333,0.0666286239597341,-0.8062159342140438,0.2723585156000001,-0.04834737929045168,-0.8016730708978981,0.1040921603433333,0.0987835588254621,-0.8421828525056482,0.2368181710666666,-0.03554072432344016,-0.8292799502845102,0.0215711692191666,onweer_g_ch1_g19_compr.mp4,ch1g19,1.4703824516907974e-05,0.0004179816021042265,2.4558688743468946e-05,0.00020750556167968643,2.651976713249244e-05,0.00041648310887215293,2.7469138531358277e-05,1.709090013739445e-05,1.0210202069204938e-05,2.105559265840687e-05,0.00031486389815338394,4.6871664841539914e-05,2.8509712628848816e-05,2.5995196955895343e-05,8.459385878755815e-05,4.64590936688835e-05,4.102536524962958e-05,0.0003539740701981813,4.215159025265781e-05,2.7267595181023906e-05,0.00044493642451337226,2.5076519435151384e-05,2.7140493615688073e-05,1.4114722979421751e-05,2.2731441383497497e-05,9.317176972644185e-06,1.931329397721045e-05,0.00030482784826973747,3.346198966683245e-05,0.00035496270654919264,1.1491937211055656e-05,2.955916086787669e-05,0.00046839283130596486,0.0005637759447253363,4.7890238965778186e-05,-0.00030075211546620875,-0.00018107299065548777,-0.00017896271330289213,-0.00017777710721099226,-0.0002544320930150379,-0.0002696512061266465,-0.000268666625914017,7.823358738278035e-05,-0.0003977652013515757,-0.0001543195539029108,-0.0002981436003198897,-4.717054693880663e-05,-0.00046071485736313777,-0.0014149498184151408,-0.003073906435073271,-0.005043013430049805,-0.006881610886423115,-0.00584223764914478,-0.007741832704595187,-0.0058403303626577965,-0.00737916153793581,-0.005199350967181241,-0.006867800807486839,-0.0001625246900026255,0.00012058677797311697,-0.0001873461353868371,-0.00013209074327862858,-0.0003258645132960509,-0.0005245603860177902,-0.00035717598333542106,-0.0006012879329007429,-0.0004973569110485925,-0.0006028290753677702,3.5449327038512146e-06,2.6935106421334835e-06,8.977581647627528e-07,-5.736508883203213e-07,3.1587718274088223e-06,2.9849164050850642e-06,1.1545623360760272e-06,-1.4668368326493972e-06,-1.6350751049602202e-06,3.73397271774897e-06,2.511097258119704e-06,3.2752584535377556e-06,5.138531904256384e-07,1.0612009133291247e-06,-7.781570268140975e-07,2.562466010467166e-06,4.187075628817866e-06,3.909533571882962e-06,3.399116761215725e-06,4.2484091195588394e-07,4.985656736090146e-06,-2.60662118427377e-07,3.3962709470591337e-07,1.2631591194511923e-07,2.6089467282498593e-06,2.628095064704574e-07,-5.255873527969272e-07,2.3624604140005595e-06,1.687604675370125e-06,4.355974597896964e-06,3.218509196351067e-07,1.294174880831682e-06,4.110153523547312e-06,1.3658940072957603e-06,-5.2097172020724575e-06,1.817876920816129e-06,-2.107988861198073e-06,-5.036551803406442e-07,-5.490079684804851e-06,1.7641348173237567e-06,1.6448891180300762e-08,7.977171405945683e-07,-4.6167670165158765e-07,-1.2962358342392565e-06,-1.1743009377054192e-06,1.7031599463822855e-06,1.8050621627645703e-06,8.523719965779413e-07,-9.853513539997603e-07,-1.1802961246713558e-06,-1.4870416370232175e-06,-1.0335729605629678e-06,1.674493077645416e-06,-6.346394537301086e-06,2.066097842259636e-06,1.6965952826338716e-06,2.025597132601349e-06,-3.7282793851770015e-07,9.595950587117411e-08,1.6949533320527864e-06,-1.5532217683033454e-06,4.470316967979637e-08,-1.0762455674429353e-06,8.270798876783412e-08,2.5187256778722436e-07,-6.062828579363941e-06,5.8926909172793425e-06
4766.666666666664,0.0023995085354090616,0.31206123267486147,-0.3024810593,0.01589734556597627,0.32967576379634955,-0.2965811127666666,0.016298542410321942,0.33069222226571215,-0.2868063142,0.0145587666889794,0.3306422489394701,-0.2890759746666666,-0.00726759465786433,0.3387458870219292,-0.3164574355,-0.005320090484279525,0.33832942601006455,-0.3305028969333334,-0.0020107932815229762,0.3284078219697854,-0.3094310128333333,0.04854381697224355,0.33499900931464044,-0.1829186568666666,-0.07206766121145886,0.29477515787529357,-0.2130738035333333,0.025801165070393373,0.3066460940633954,-0.2485215778,-0.007076260255757888,0.27931748943609536,-0.2850061343333332,0.12436268953701562,0.21878857071826488,-0.0348630747141666,-0.13838779808503196,0.2615159159517844,-0.0564555106733333,0.25065417345651086,0.108022845299532,-0.0798788418633333,-0.17455032255647063,0.07606559523561536,-0.2051430309,0.35027897647134326,0.1661404327516407,-0.1953260958,-0.10580952690008172,0.16342494641933736,-0.3941592811333333,0.3621155863595018,0.19465174321598844,-0.2118610141333333,-0.0643946477181632,0.1973715112995841,-0.4623065998,0.3515797652764183,0.2148916650980674,-0.2228453453333333,-0.036982989095171274,0.2543232869008915,-0.4564603346999999,0.3558319628405036,0.16358904445043407,-0.2041041796666666,-0.09164352411492085,0.18772847332085493,-0.367306709,0.07719669788024368,-0.17152988557690166,0.0516799781033333,-0.07538159852109873,-0.1859449729638171,-0.0490425705866666,0.09903873609855983,-0.5124104794983497,0.0602091983533333,-0.019979725583758726,-0.45861263362668886,-0.0555010281799999,0.0854857800306684,-0.7789581019670891,0.2451690804666666,-0.04873668772945043,-0.7760644198445174,0.1265249183666666,0.06612767443972378,-0.8065392847574993,0.2711100486333334,-0.049039397046818145,-0.8021758489561566,0.1037455583499999,0.0980938119574097,-0.8426358008450084,0.2354883218999999,-0.036259543317762724,-0.8297818543503022,0.0211668885458333,onweer_g_ch1_g19_compr.mp4,ch1g19,2.018411865599003e-05,0.00041383868224493153,2.8181774549290188e-05,0.00020503996139282154,2.9747202684049203e-05,0.0004123056813614832,3.12596157948356e-05,1.5262447504210694e-05,9.438744573509653e-06,2.5540727236879555e-05,0.00031547886485305495,5.0696416228931974e-05,3.1694220846729744e-05,2.9763026705832718e-05,8.538814766081385e-05,5.10304605695387e-05,4.5059132162201305e-05,0.00035541232318452395,4.613156050122211e-05,3.0363320341661126e-05,0.0004412225950685069,2.8108367950023432e-05,3.015297871504317e-05,1.7142815727562588e-05,2.5355625455704576e-05,9.751116129593059e-06,2.1547086418142857e-05,0.0003049612527467637,3.5821187369534305e-05,0.0003572004580906181,1.194197493332478e-05,3.182507089804747e-05,0.00046420522014658724,0.0005599967340333438,5.264056056433945e-05,-0.0002876814953798528,-0.00016781288551721293,-0.00016554882090938854,-0.00016496439412928566,-0.00023344040834977927,-0.0002507529155104783,-0.00025142407026872957,7.91200152256508e-05,-0.0003830838627185577,-0.00014323982454994083,-0.00028257204052045784,-5.506500267287442e-05,-0.0004597926067029378,-0.0014056980657061611,-0.0030269899236512396,-0.005045401238687941,-0.006771723664438951,-0.005847502434047524,-0.007617774575417736,-0.005844496899172629,-0.007273470585437255,-0.005203503798842308,-0.0067606240937839466,-0.00016825542111952848,0.00012533561089237975,-0.00018659388189553198,-0.00012351789103249227,-0.0003159373802723434,-0.0004921440070061011,-0.00034399451929587873,-0.0005630373343102627,-0.00047897055905942484,-0.0005623050371634753,4.4267103103052095e-06,-3.46087143957146e-06,2.337260123477788e-06,-3.329903921280354e-06,2.143411636511172e-06,-3.523572100973004e-06,2.5363244506414116e-06,-1.4245609150544251e-06,-9.43256825989602e-07,2.9049602948242527e-06,6.431863664424935e-07,1.8719125644408763e-06,1.8450638310324624e-06,2.4805065053154414e-06,-5.546519002148097e-07,1.3956216975152388e-06,2.5348566689913026e-06,1.8864479988266816e-06,2.1238537946921335e-06,1.715831693176784e-06,-2.7380612439376305e-06,1.5021930451083765e-06,1.6945039592749298e-06,1.9202827633102753e-06,1.7633938867687612e-06,3.3264745830677426e-07,9.269857419279685e-07,1.1216219238229657e-07,1.4844499001811957e-06,2.7627180348585338e-06,3.6720920571950535e-07,1.2000829348837218e-06,-2.8792290197164457e-06,6.531003597048995e-07,-4.423872482362943e-06,1.0782278599897326e-06,-2.3276694361924733e-06,-8.403342368234672e-07,-4.643290928836165e-06,1.0205028076344346e-06,7.903677983967714e-08,6.018825928085128e-07,-7.814217683479419e-07,-1.4808924669045735e-06,-1.3369940127754207e-06,9.896424398915133e-07,1.0562141145488681e-06,2.0219788433628505e-07,-1.1988023579674878e-06,-1.5480891314972375e-06,-1.5913883072152105e-06,-1.2205959457395864e-06,9.635202170288727e-07,-5.26425638205104e-06,1.336717364612083e-06,1.0136339275558671e-06,1.357035498573658e-06,-6.563528449050592e-07,5.854548728275926e-08,1.0656516257156416e-06,-1.7272832166701384e-06,-3.430548219388266e-07,-1.2827980627880367e-06,4.341461741284181e-08,-1.848801014784243e-07,-4.937910906544426e-06,5.292738803248566e-06
4783.333333333331,0.0020220541843469836,0.3117471267398414,-0.302960376,0.015355136929412105,0.3294846263660648,-0.2971435531333332,0.01578517822493334,0.3305020678768622,-0.2873620430666667,0.014075834894687965,0.33045231605008446,-0.2896801005333333,-0.007738862408129728,0.3384967963677427,-0.3169772635,-0.0058144004092789345,0.3380586618805443,-0.3309737339,-0.0024787890633677532,0.3281329705191388,-0.3099353535666666,0.04809811803965865,0.33504583362681734,-0.1835079187999999,-0.07243843670252098,0.2943900070375518,-0.2136816243999999,0.025545223439774993,0.30647817540235867,-0.2489288384666667,-0.007279778651716726,0.27900801257976354,-0.285292327,0.12448443986615765,0.21874151555956903,-0.0357264138475,-0.13881535410768392,0.26107888235894267,-0.05629874723,0.2503721636771303,0.10669540041025365,-0.0792335207533333,-0.1762030564025064,0.0731510115271841,-0.2021605192666666,0.3508188231181128,0.1611606586692372,-0.1925119986,-0.10731299989194251,0.15669679096893896,-0.3906870185333333,0.3629609333055011,0.1888852777268622,-0.2086224806999999,-0.06584416216850614,0.18983083681599294,-0.4588078578666667,0.35260989128319015,0.209074969996185,-0.2200814203333333,-0.03816325094331686,0.24705623463024332,-0.4534934737999999,0.3565126418995124,0.1584637884679382,-0.2014211972666666,-0.09302338904914068,0.1810216812351065,-0.337669939,0.07731035537243915,-0.17171021609691361,0.05145318951,-0.07549024271349997,-0.18580984557198926,-0.0488162846566666,0.09916988093201935,-0.5126492888500019,0.0592983617733333,-0.02045062273446349,-0.4587235991700644,-0.0554543750033333,0.08503526463525034,-0.7793406716171769,0.2438171105333333,-0.04942910757208808,-0.7765119945422718,0.1261559502333333,0.06560238549866512,-0.8069349513459113,0.2696547997333333,-0.049777066917557455,-0.8026854625124676,0.1033148005166666,0.09738034010136307,-0.8431285297907117,0.2338950947333333,-0.036962930230878814,-0.8302787834392233,0.0205864118868333,onweer_g_ch1_g19_compr.mp4,ch1g19,2.6098208261940323e-05,0.0004063234868527016,3.287177168584759e-05,0.00020039004629967676,3.182789802282499e-05,0.0004040737414812933,3.608468461034555e-05,1.3781064182667177e-05,8.923245893579304e-06,2.9253635330205057e-05,0.0003159729103462081,5.232482439013758e-05,3.58743384201414e-05,3.457124498676869e-05,8.545892210684156e-05,5.2906475668032304e-05,4.6163557991434814e-05,0.00035674101094803875,4.825292705699689e-05,3.440408230121868e-05,0.00043259205871545425,3.2666240980540354e-05,3.417227433931865e-05,2.1731086712840422e-05,2.720403598198052e-05,1.0228792101207599e-05,2.4980854072403405e-05,0.00030435903635826214,3.766598295328082e-05,0.00036065816200842114,1.2421408026459488e-05,3.3297390788436445e-05,0.0004559953985432845,0.0005524423924761,5.5393181378909386e-05,-0.000278393624228199,-0.00015885729135884722,-0.00015595614060906943,-0.000155994415880523,-0.00021332887145403877,-0.00023158269436428957,-0.00023371685421911273,7.366125429157835e-05,-0.00034077806692035757,-0.00013743711542521392,-0.0002661996696853169,-6.064002501918994e-05,-0.0004398779615130006,-0.0013691289775823105,-0.0029597079432680164,-0.005021351888319947,-0.0065892249818980085,-0.005824637500882785,-0.007407863603916811,-0.005834579720171499,-0.00706689576193419,-0.005186562493052416,-0.006570949715916349,-0.00017310652783108924,0.0001292466204461,-0.00018029779088970564,-0.00010950442604586574,-0.00028092351950585005,-0.0004390540136054764,-0.00030664717095032823,-0.0005030166842406479,-0.0004423512265329833,-0.0005049606298224741,4.567919496296136e-06,-7.835397263280688e-06,2.941857892892833e-06,-5.969523104578699e-06,7.240259261293276e-07,-8.154859888624223e-06,3.0798321164099264e-06,-1.3443148772032435e-06,-3.242462138492649e-07,1.8466169777703721e-06,-1.0039953472389495e-06,3.010673780114592e-07,2.413427744902934e-06,3.056439427366294e-06,-6.747797435205527e-07,1.1048209554767337e-07,4.7552296022450466e-07,2.0487135140515697e-07,6.604815740688295e-07,2.2503055961775413e-06,-8.129150487273253e-06,2.4363252590766706e-06,2.3148888835777308e-06,2.9166455568665188e-06,5.262141408049237e-07,3.6749164310804757e-07,1.6717347167578137e-06,-1.8465008786508167e-06,9.25215798933268e-07,1.2939687749876498e-06,3.738119766472916e-07,7.633256884537217e-07,-7.542708025182322e-06,-8.125167166911217e-08,-2.8740263634183173e-06,2.6938031692580355e-07,-2.0985816985240678e-06,-1.0463249270819612e-06,-2.9674767073490825e-06,2.1203596516907321e-07,1.3401245142793128e-07,3.823816064152934e-07,-9.76630921625326e-07,-1.3222506343311089e-06,-1.2993945300011436e-06,2.2311024727482501e-07,2.4022360542914185e-07,-3.16040633542295e-07,-1.198733268956055e-06,-1.666761256512698e-06,-1.3345223123407528e-06,-1.2242527205820373e-06,2.0735023994688845e-07,-3.2131021879266293e-06,4.92782323720501e-07,2.7155721473512384e-07,5.513491173676283e-07,-8.345969961438768e-07,1.8322779495500047e-08,3.405922793884759e-07,-1.4717868103741339e-06,-6.576603054570393e-07,-1.2496407620262071e-06,4.395782206583796e-09,-5.29058664796937e-07,-2.974416747697725e-06,3.863950152401654e-06
4799.999999999998,0.0016368944477520564,0.31154185493394226,-0.3037570505333333,0.01481409085318147,0.3293895040227943,-0.2979258094666666,0.015272607057077779,0.330411046460828,-0.2881317089,0.013592686590029752,0.33035945457920185,-0.2904873401333333,-0.008215749033837495,0.33835257180368583,-0.3176736524,-0.006312913738288849,0.33789553722940113,-0.3316451712666667,-0.0029509374622313602,0.3279619612131048,-0.3106193426999999,0.047653216516579194,0.33514568729468974,-0.1841512203,-0.07281552878147615,0.29410557537062226,-0.2142322992666666,0.02527850837991848,0.3063970085257921,-0.2496327802666666,-0.007497713650023946,0.27880134880594387,-0.2858747070999999,0.12460483272858615,0.21868504545880682,-0.0365145378775,-0.13927714879092462,0.260663079242506,-0.05617677899,0.2500897662951252,0.10530063849225577,-0.07861185623,-0.17778012349895103,0.07030661313547722,-0.1998613386333333,0.35159632825688375,0.15614737173788515,-0.1897891054333333,-0.10903810989564285,0.15051367012353478,-0.3894814738666666,0.3641765615835176,0.18308239154016043,-0.2055656793666666,-0.06775427896952993,0.1829271954493382,-0.4580261081666667,0.35403631496176224,0.2033107445415179,-0.2176343933666666,-0.039845562245398286,0.24053115485671508,-0.4533262767999999,0.35746223054097126,0.15327768541920322,-0.1989037672666666,-0.09467115709385417,0.17486329381053348,-0.322513729,0.07743061714743145,-0.17188582714821904,0.0512188903566666,-0.07560852760362903,-0.18567907277159126,-0.0485756488499999,0.09929084007730869,-0.5128107528697242,0.0588669365233333,-0.020955112501364975,-0.4588509974354128,-0.0550639039833333,0.08461938880044514,-0.7796556158143328,0.2436289525666666,-0.05012526183452444,-0.7769581755856344,0.1264702549666666,0.06511662821501595,-0.8072834152236553,0.2694444867333334,-0.050508144630944864,-0.8031939464758207,0.10361469135,0.09670204928050716,-0.843615018248409,0.2333710655666666,-0.03771034004391171,-0.8307862740993904,0.0205843969368333,onweer_g_ch1_g19_compr.mp4,ch1g19,3.094834101096645e-05,0.00039409760959107764,3.656785182743197e-05,0.0001920847977162108,3.2074545697573613e-05,0.0003910202314115568,3.986414181527947e-05,1.2406903138133931e-05,8.361296710819978e-06,3.04084413161205e-05,0.0003136781138572287,5.12272003609919e-05,3.911297506048955e-05,3.8344604702096255e-05,8.406598554146476e-05,5.1590830077999364e-05,4.5054402161302706e-05,0.00035497471133999687,4.766729233694643e-05,3.746071765668024e-05,0.00041848976284537077,3.631896060639254e-05,3.738936064847554e-05,2.5891268937430695e-05,2.751926002489486e-05,1.0636009347039469e-05,2.7711727301495494e-05,0.0003006196720067331,3.837893377814181e-05,0.00036066184144906366,1.281396056078244e-05,3.35713516591132e-05,0.0004432590248793319,0.0005381902753874067,5.5040716120465656e-05,-0.0002447064642078768,-0.00012929323131625095,-0.00012556506058138684,-0.00012623907532083566,-0.00017756118383601235,-0.00019441221491767462,-0.00019738134282240715,8.48531053825162e-05,-0.00027488344815995014,-0.00011191140234156591,-0.0002292604183183365,-5.1557833294153455e-05,-0.0003995232869891382,-0.0012951239704089494,-0.0028428609247548413,-0.004942782712096687,-0.006334617835544105,-0.00574921700253811,-0.007130847406443132,-0.005769479542639073,-0.00677385955650507,-0.005121896614591191,-0.006307215792492358,-0.00017642993441284422,0.0001317338449850683,-0.00016426716183726167,-8.958004192166638e-05,-0.00023261889971823392,-0.00038185392926318293,-0.00025844574742271134,-0.0004413443329260974,-0.00038871683652174494,-0.0004483252847070189,4.084073904494963e-06,-9.191358437105655e-06,2.8391268799710926e-06,-7.849061310375868e-06,-6.148436516877289e-07,-9.61158961443534e-06,2.918247668932762e-06,-1.186459304162641e-06,1.1593864711089426e-07,6.995405201516254e-07,-2.2781335934029933e-06,-1.1339729036303741e-06,2.348401183763818e-06,2.9220366721537168e-06,-1.1350590234272121e-06,-1.2042110707724724e-06,-1.5115933839667207e-06,-9.30316997953965e-07,-7.049233990027075e-07,2.16797618502021e-06,-9.511618103196265e-06,2.634829013435561e-06,2.309956477667176e-06,3.1503142518989754e-06,-6.153016858308566e-07,3.780605390591961e-07,1.7975710718344485e-06,-3.237174785893427e-06,1.2638700170316862e-07,2.258098805775107e-07,3.6372971430529927e-07,1.7023687198789384e-07,-8.641898821811471e-06,-6.915245583102017e-07,-8.849158729678653e-07,-4.2882217149680016e-07,-1.431928662583022e-06,-1.0460483850382176e-06,-8.302940969623312e-07,-4.82643678226705e-07,1.833038098233468e-07,1.7751109999922184e-07,-9.702529232929847e-07,-8.097714457946872e-07,-1.058805835895049e-06,-4.266240410496537e-07,-4.6212866836709255e-07,-6.16270873196693e-07,-9.72981330720933e-07,-1.5136037009145242e-06,-7.210542819039861e-07,-1.0280553423695833e-06,-4.252458083577417e-07,-6.534304939752198e-07,-2.6345409758699053e-07,-3.6512120526176066e-07,-2.065121064565867e-07,-8.344324444975584e-07,-1.3601194162157335e-08,-3.0830985510902716e-07,-8.137701589657828e-07,-8.233433007613933e-07,-8.814545679082148e-07,-2.4314688343792045e-08,-7.233985011679275e-07,-6.152131759229954e-07,1.9686308586759204e-06
4816.666666666665,0.0010947963676904704,0.3113231643594863,-0.3036931871666666,0.014160375369597834,0.3292869550017161,-0.2978515510333333,0.014647019727873632,0.33031579803236744,-0.2880554357999999,0.013000665257640234,0.3302623592928382,-0.2904395163333333,-0.008801220904962059,0.3382163855635249,-0.3175245344666668,-0.006925361522893284,0.33773689276151336,-0.3314441188333333,-0.003526493919638325,0.3277957070995333,-0.3104591006,0.0471482072649745,0.3352483538542629,-0.1839819163,-0.07327422285524497,0.29388940975857253,-0.2139016588666666,0.024881160999603667,0.3063056680521993,-0.2495104457,-0.007861407395598824,0.27859424374825126,-0.2855820562333333,0.1246079143981245,0.2186271885067072,-0.0366369989741666,-0.13973660379496067,0.2602838216797115,-0.0554336695033333,0.2495582773728214,0.10403027026182896,-0.0770534381466666,-0.17914592798503928,0.06754258554857513,-0.1966128214333333,0.352626144181556,0.15117195929979282,-0.1854990184,-0.11081339567935439,0.14436778822885707,-0.3864474315333333,0.3658476930052724,0.1772652466362944,-0.2007634314666666,-0.06978650612136346,0.17598600333480163,-0.4551091492333334,0.35609519458760663,0.1974727184323729,-0.2134372553333333,-0.04172916804022318,0.23391530072094913,-0.4511704792333333,0.35874853824330544,0.14814576858850995,-0.1948057770666666,-0.09641416119575855,0.16875008824630855,-0.337624162,0.07754971440235309,-0.17206823894911613,0.0509875295866666,-0.07572448899610551,-0.18554180308119259,-0.0483405870066666,0.09936685181038613,-0.5129760537266642,0.0582890090199999,-0.02141917189586025,-0.4589263928345825,-0.0552115861633333,0.08419842504090677,-0.7798479697337394,0.2431387828333333,-0.05082069498171538,-0.7773317766655274,0.1260969252666666,0.06462311643492362,-0.8075021228343325,0.2688833159666667,-0.05123564425473362,-0.8036345017071973,0.1031852825833333,0.09598921696307396,-0.8439527535656345,0.2324837615333332,-0.038374692760145886,-0.8312141721327655,0.0198943311135,onweer_g_ch1_g19_compr.mp4,ch1g19,3.3186843989507016e-05,0.0003836915671769981,3.748024530274817e-05,0.0001815337624436077,2.9927114116603625e-05,0.0003803099383751768,4.085424155140449e-05,1.1269109597516326e-05,7.719506628401634e-06,2.954816402197494e-05,0.0003090136189039953,4.768979454596426e-05,3.970501570951595e-05,3.931921626669209e-05,8.100055823871515e-05,4.672555970031479e-05,4.151581333417738e-05,0.00035130184963451974,4.457930394774593e-05,3.7846582646682044e-05,0.00040824893480368926,3.6989842298267146e-05,3.801314782498169e-05,2.7343337025092793e-05,2.574729022555799e-05,1.094711341811745e-05,2.7889247535676174e-05,0.0002946880969181436,3.7405853793592445e-05,0.00035850328826857056,1.3113690772046107e-05,3.247271340687001e-05,0.00043397351064948444,0.0005230448265014135,5.148045546053987e-05,-0.00018180145930920646,-7.025685337824753e-05,-6.58496375852113e-05,-6.689066072761985e-05,-0.00012078601575477175,-0.00013524910690542358,-0.00013876818811734779,0.0001248157446705457,-0.00020121524407210525,-5.555880770121468e-05,-0.0001693001494019002,-2.3874404067886513e-05,-0.00034581961180779624,-0.0011791778337400533,-0.002695696894486876,-0.004824863812967324,-0.0061298455602412484,-0.005644372696838944,-0.006935863375825515,-0.005676347812380631,-0.00656723574925835,-0.00501731104695423,-0.006100428734825102,-0.00017937969579603154,0.00013392897133290225,-0.00014650295504779474,-6.765966872150207e-05,-0.00019318405445727983,-0.0003485009929605599,-0.00022175399859541783,-0.00040945812459714995,-0.00034118480910871164,-0.00042121211179538156,3.029755769261953e-06,-8.285266641114114e-06,1.9425037903324435e-06,-8.808870180662918e-06,-1.5735062280513283e-06,-8.578658208185687e-06,1.961938555447155e-06,-9.499331264791826e-07,3.252463899171628e-07,-2.2553941926850603e-07,-3.0687646940469724e-06,-2.1309573513109746e-06,1.503198211576007e-06,1.990177941992275e-06,-1.8742554951915817e-06,-2.160958787748937e-06,-3.0562978220465358e-06,-1.62325773978724e-06,-1.6837086203594014e-06,1.336407840993711e-06,-7.867429444259516e-06,1.8641234995669374e-06,1.5322451498722602e-06,2.4764749440414776e-06,-1.3632177319002173e-06,3.4606995116140245e-07,1.1076216812028286e-06,-3.965929800253979e-06,-7.712643051824963e-07,-7.697456944117309e-07,3.209880942779668e-07,-6.034250300745302e-07,-7.076475427786085e-06,-1.0610123445716072e-06,9.30460482508659e-07,-8.741720323613077e-07,-5.075897724897372e-07,-8.277098527491872e-07,1.1148392946140753e-06,-9.239765202265916e-07,2.141994134817092e-07,9.943651969521309e-09,-7.795542150811887e-07,-1.0342671780725643e-07,-6.587881058347993e-07,-8.275909340234097e-07,-9.092819044470871e-07,-6.89495636959676e-07,-5.376805931779075e-07,-1.1298878268741226e-06,4.432404086581453e-08,-6.686167936922585e-07,-8.058170501171638e-07,1.624707225033124e-06,-7.670298848447459e-07,-7.62808033387495e-07,-7.422746484335355e-07,-6.414990297880175e-07,-3.2892001309994105e-08,-7.33064501971349e-07,3.449602665058899e-08,-8.00259004499892e-07,-3.262725376589348e-07,-3.9913460281833116e-08,-7.452577253350619e-07,1.4191041745948407e-06,1.2649103904575758e-06
4833.333333333332,0.0003999231004851318,0.3111590325417892,-0.3037848144333333,0.01342079480486117,0.32923698044635064,-0.2979025845333333,0.01393220353386626,0.33026840466465607,-0.2880970875333333,0.012317183723036602,0.3302148620213259,-0.2905117144666666,-0.009496249742026088,0.3381159458038966,-0.3174808820333334,-0.0076464873079376,0.3376220988704464,-0.3313640062,-0.004211663034049862,0.32767988414636584,-0.3104036166333334,0.04660545994708679,0.33538093664772417,-0.1838955784666666,-0.07380666714084055,0.2937355583001291,-0.2135743533666666,0.0243364755028051,0.3062638885768354,-0.2495418355,-0.008388843359921412,0.27844337963127386,-0.2854423856666666,0.1244698970499901,0.2185796724839175,-0.0367608258841666,-0.14022519088076146,0.2599450478104098,-0.0547164759933333,0.24888155869222095,0.10294490850858168,-0.0756131810666666,-0.1804479885897876,0.06485822553640658,-0.1936344131,0.35376917377340994,0.14644877155179775,-0.182049186,-0.11273715731330622,0.13835288420695094,-0.3843796401333333,0.367735375097702,0.1717434110268149,-0.1971072770999999,-0.07202313169833308,0.1691877815068027,-0.4534467588333334,0.3583505435808998,0.19188516045311288,-0.2104659623,-0.04370933934780248,0.22750303251975584,-0.4501620193333333,0.36017360485534383,0.1432167459817767,-0.1916344850999999,-0.0982731748231821,0.16276789802882569,-0.372988284,0.07767012408662118,-0.17224834756719723,0.05075806015,-0.07584430662594006,-0.18540649286183744,-0.0481039900966666,0.09945391945097709,-0.513114194158641,0.0580006032566666,-0.021896841044674337,-0.45899661565386174,-0.0552745055733333,0.08383761808907546,-0.7799852266546896,0.2431160446333333,-0.05149567156859987,-0.7776887925263977,0.1258137810333333,0.06420367071420359,-0.8076718713456351,0.2688127748666667,-0.05193061317917957,-0.8040523833855842,0.10285261665,0.0954268792452579,-0.8442313685920295,0.2321364209333333,-0.038992230336893544,-0.8316492259508746,0.0193834759068333,onweer_g_ch1_g19_compr.mp4,ch1g19,3.4418750516099844e-05,0.00037545842356096295,3.746004185148158e-05,0.00017080074141606394,2.7247721838235776e-05,0.0003720972784626582,4.090429134716721e-05,1.0551867461915053e-05,7.935788511763426e-06,2.8255424053469862e-05,0.00030379236271704444,4.593645778839118e-05,3.926420901075544e-05,3.935318477639736e-05,7.736217831384826e-05,4.410238665360839e-05,3.8118816138748796e-05,0.000347600441279985,4.298867209312053e-05,3.721668463881998e-05,0.00040141751044080724,3.673699400527215e-05,3.7590065127807685e-05,2.7986045766262825e-05,2.333587680929571e-05,1.1169250658593995e-05,2.7137874923234767e-05,0.00028879600124438504,3.535101917604982e-05,0.0003554657920576034,1.3326608667470989e-05,3.0488549584332887e-05,0.00042795192705956863,0.0005094408288107375,4.891409893669172e-05,-0.00011973252885215152,-1.0696518916638084e-05,-5.717605245778127e-06,-6.681401242804307e-06,-6.385718541781182e-05,-7.723871138745545e-05,-8.115025211766524e-05,0.00017224090137613873,-0.000132045953002722,1.8046402034359538e-06,-0.00011039997094950282,8.314196883054604e-06,-0.00028153475026119985,-0.0010494042025771385,-0.0025240736691846183,-0.00471730370658564,-0.005984405438050863,-0.005562923414457033,-0.006823749684495182,-0.005602157891259005,-0.006448101924234587,-0.004917511369560908,-0.00595736855695182,-0.00018210448059060859,0.00013628882101218316,-0.00013096092372305733,-4.449506548274829e-05,-0.000171055108322564,-0.0003283125653284804,-0.00020087872809466153,-0.00039150001301372733,-0.00029737166715216353,-0.00040368837977619403,1.6462820817966666e-06,-5.576420598829159e-06,5.899889372387654e-07,-8.811454603510309e-06,-2.1599840662471647e-06,-5.5487067283663525e-06,5.665731339015946e-07,-6.544532395747365e-07,1.8549179746683806e-07,-9.373756618614021e-07,-2.678685631341046e-06,-2.6003406505446636e-06,2.0788984879532148e-07,6.009548000276669e-07,-2.6192760752969924e-06,-2.718668894976413e-06,-3.894097776598451e-06,-1.0468995822860249e-06,-2.1934517980149236e-06,8.318581202298008e-08,-3.867594709532884e-06,5.107780991542745e-07,2.9332714074659495e-07,1.1537472002709247e-06,-1.7471712778997255e-06,2.941226174174035e-07,-1.4026377843985837e-07,-3.2922356490992393e-06,-1.583668294744732e-06,-7.599012471721156e-07,2.7102063743904453e-07,-1.444513588976185e-06,-3.578563033443392e-06,-1.1973702400787936e-06,2.2371822678030902e-06,-1.0703282987420935e-06,4.2817394893974544e-07,-4.959262022274875e-07,2.5142382898337768e-06,-1.1163307163334164e-06,2.1204618666102412e-07,-1.2449626904169247e-07,-4.826624308816766e-07,5.926769102665336e-07,-2.56452510120637e-07,-9.844925766459332e-07,-1.1048745287029627e-06,-6.031322119032743e-07,-1.0570044351005052e-07,-6.650151558006307e-07,7.457858368692271e-07,-2.9361386246611013e-07,-9.440181872177612e-07,3.2363168718184127e-06,-1.0161951199730616e-06,-9.245245493131802e-07,-1.03709017655601e-06,-3.456901827525081e-07,-4.0499189916046996e-08,-9.225854138229886e-07,8.196347131877105e-07,-6.165451136848925e-07,2.786911456141168e-07,-4.391114399390596e-08,-6.14972080500636e-07,2.7774925770832847e-06,2.494771925050639e-06
4849.999999999999,-0.0002908259581723753,0.31107836197380434,-0.3039137780333332,0.012688413830244126,0.32926034916864955,-0.2979576242333333,0.013223789824895379,0.33029731227419284,-0.2881397287,0.011639744713257941,0.330242643439432,-0.2905876507666666,-0.01018824469843987,0.3380793304188966,-0.3174478392000001,-0.00836371423619989,0.33758048123918716,-0.3313067400333334,-0.004892424348852828,0.3276395886516694,-0.3103588624666667,0.04606394412505967,0.33557495671531473,-0.1837252581666666,-0.07434982329374415,0.29365127525281703,-0.2131932779999999,0.023789096742310455,0.30630121613878125,-0.2495912368333333,-0.008921130094197057,0.2783802793818139,-0.2853563528666666,0.12431862191987574,0.2185909189913058,-0.0368124572908333,-0.14077164683829982,0.2596800525857026,-0.0540619961333333,0.24808937056005004,0.10191828456012379,-0.07444502491,-0.181674418689792,0.06235415048121843,-0.1909805507,0.3548681067636798,0.14189281761445,-0.1793778588,-0.11460392623753246,0.1326121833731604,-0.3830825635666666,0.36958445602770384,0.1663986662256973,-0.1943332262666666,-0.07424285761793813,0.16264086298372435,-0.4526634743333333,0.36052917929751604,0.18647650269473162,-0.2082934494666666,-0.045590252464622796,0.2213618001986841,-0.4499992022999999,0.3615475469098939,0.1384236378646033,-0.1892167990333333,-0.10003532111517485,0.15704252602130347,-0.390387088,0.07780195042039423,-0.17242324936486939,0.0505263247399999,-0.075977529186689,-0.18527611115305923,-0.0478618377833333,0.09957316314022648,-0.5132509831551839,0.0579400712633333,-0.02238272511382799,-0.4590575598208468,-0.0552784216,0.08355724796598271,-0.7801204638972746,0.2435113545666666,-0.052122133424224525,-0.7780014605014159,0.1256561803999999,0.06386880875869012,-0.80784117177001,0.2691966198333334,-0.05257215804783288,-0.8044249315355161,0.1026649169166666,0.09495772840158963,-0.8445154986949702,0.2323321814333333,-0.03960252642470684,-0.8320697825447182,0.0190930532701666,onweer_g_ch1_g19_compr.mp4,ch1g19,3.479179865465785e-05,0.00037144911211648405,3.651126498124467e-05,0.00016148375252665712,2.5496444451676107e-05,0.00036826404316512055,3.9953507235449933e-05,1.0222800153926584e-05,8.366309764858364e-06,2.6385639633040275e-05,0.000300944586465868,4.365164434880162e-05,3.777871320060433e-05,3.8413659872797e-05,7.36316137678014e-05,4.1313096377006855e-05,3.5083054775943814e-05,0.0003472722430472334,4.0980508596433066e-05,3.558706693455155e-05,0.00040018372243049295,3.547394310331397e-05,3.6219458065994884e-05,2.7743153862113017e-05,2.173875369599359e-05,1.1375407693041123e-05,2.54584892370945e-05,0.0002856192124340327,3.284853747283508e-05,0.0003547816239204249,1.3523949318528781e-05,2.7926132334685846e-05,0.0004273324040828059,0.0005010502911681648,4.6389389919219667e-05,-6.484786511845013e-05,4.2812690919862226e-05,4.859380374724751e-05,4.7441898591777216e-05,-1.350946966043015e-05,-2.5745373574552435e-05,-2.988838233336528e-05,0.00022034329779814767,-7.426566501674979e-05,5.5049323720877e-05,-5.557137499989942e-05,4.907931144846709e-05,-0.0002161202183314697,-0.0009211757826041352,-0.0023589941957849435,-0.004667335530525517,-0.005934480641604628,-0.00556512888233717,-0.006833014211394481,-0.005603667697380378,-0.006448029621803013,-0.004874624507896391,-0.0059116574956652665,-0.00018498747608753632,0.00013906466092625122,-0.00011879712468494007,-1.7255587400187217e-05,-0.00015833152058798136,-0.0003079050021046487,-0.00018585143545869832,-0.0003720171851012525,-0.0002645712543026973,-0.00038059113233144534,3.079224935282018e-07,-1.7538541345172065e-06,-7.594622615020426e-07,-7.68544177117158e-06,-2.3023757719136378e-06,-1.3342082596324548e-06,-8.195874521271072e-07,-3.977068972290208e-07,-9.724756921117186e-08,-1.2747225368235837e-06,-1.3771344205368334e-06,-2.4846891093076e-06,-1.0738526767578692e-06,-7.821150393411164e-07,-3.2644538120065857e-06,-2.654579520379349e-06,-4.062726725327676e-06,5.027189595497834e-07,-2.168222086300204e-06,-1.1414787569056775e-06,1.4041257907719153e-06,-9.112169095560421e-07,-9.399770319261536e-07,-2.8133532342293893e-07,-1.7360782105391347e-06,2.281591383435878e-07,-1.4323249003552496e-06,-1.5733345532930083e-06,-2.174322227520529e-06,8.86302233241449e-08,2.158457872469624e-07,-2.081743894182948e-06,9.245709928257567e-07,-1.110921199069922e-06,2.7388511593180182e-06,-1.0184478079752777e-06,1.1635023571359396e-06,-1.4266635088239548e-07,3.0605923093226686e-06,-1.0589511677783497e-06,1.829313519669047e-07,-1.8131653403817452e-07,-1.1812682638683443e-07,1.0450540587221872e-06,1.7297652418168308e-07,-9.049485726264457e-07,-1.0499848086022333e-06,-4.2149885901797245e-07,3.4377482987306704e-07,-1.8832756642912966e-07,1.1209618511134354e-06,1.1456157688689073e-07,-8.518740564179047e-07,3.8084329600937534e-06,-1.0007838045364253e-06,-8.584783836037464e-07,-1.0651524419032282e-06,-3.665151644779915e-08,-4.099235352657781e-08,-8.667739453023681e-07,1.2862502032219527e-06,-3.1390528500236966e-07,7.066779893593842e-07,-4.215494455632907e-08,-3.758972622319864e-07,3.1550244478170096e-06,3.2691198022404297e-06
4866.666666666666,-0.0009350270355965615,0.3110186572776895,-0.3043172111,0.012011904024010223,0.32930720415174214,-0.2983223639333333,0.012568819008461553,0.3303485152383182,-0.2884872357,0.011013953000561108,0.3302940525246875,-0.2909686238,-0.0108312025653145,0.3380684826048274,-0.3177287857,-0.009030035909737392,0.33756356775847246,-0.3315697127333333,-0.005524059486683239,0.3276225221308034,-0.3106254005333333,0.04554853014692561,0.3358006326837054,-0.1839078743666667,-0.07484906906297074,0.2936058276159791,-0.2131484701999999,0.02327671161571114,0.30636208618676897,-0.2499173686333334,-0.009413952146852965,0.2783455237462204,-0.2855649214333332,0.1241725896869421,0.21867735474814934,-0.0371005783208333,-0.141312585604057,0.2595122105876629,-0.0536330649666666,0.24721524374759135,0.10109026479489693,-0.0735316495266666,-0.18285804534033115,0.06001622263445306,-0.1884140959,0.3558423888079996,0.13736174273476026,-0.1771337101333333,-0.11637821021423958,0.12662165201008513,-0.3815868694666666,0.37124420553841025,0.16097564158729558,-0.1920282739333332,-0.0762838297224079,0.15572415723622224,-0.4516766777000001,0.36251170597991955,0.1810080525151284,-0.2066738546666666,-0.047276035752942924,0.21488172594917715,-0.4497340093,0.362794211639118,0.13365780430936067,-0.1872831885999999,-0.1016739721430337,0.1510799477248417,-0.397709399,0.0779353407993591,-0.17260153685631627,0.05028732365,-0.07611286525365091,-0.18514237728642266,-0.04761371656,0.09972730395717784,-0.5133255360617466,0.0578426718099999,-0.022815717123224714,-0.45904302255002655,-0.0550434314033333,0.08333229247540837,-0.7801805774912907,0.2435989068333333,-0.052614896190829444,-0.7782742572293889,0.1254922874999999,0.06359793826426381,-0.8079302151263679,0.2692269317666667,-0.053064532360002324,-0.8047613311386532,0.1024702511166666,0.09457592372358412,-0.8447003367536643,0.2322068398333333,-0.04010486652915924,-0.8324250992425789,0.0187968799635,onweer_g_ch1_g19_compr.mp4,ch1g19,3.4891730981377765e-05,0.00037360257563695987,3.540603273292492e-05,0.00015565088986588136,2.2511572780675952e-05,0.00037100675730689705,3.872815374286409e-05,1.0235956394101175e-05,9.07118021546711e-06,2.4674964419807226e-05,0.0003011873390117754,4.1241388190457576e-05,3.623231160897399e-05,3.725539329970189e-05,7.073840577088242e-05,3.913757262797884e-05,3.0272315877562192e-05,0.0003503440540184505,3.8914633162703935e-05,3.3998212679211884e-05,0.0004062745122201412,3.4005124379070734e-05,3.48641413217571e-05,2.7206193177430896e-05,1.9400139998109636e-05,1.1523536218264613e-05,2.37851205219053e-05,0.00028584964891539084,3.084596294584978e-05,0.0003564416548108116,1.3625150085987923e-05,2.627281366190542e-05,0.0004331053958498263,0.0005005197577265749,4.348234246374119e-05,-3.7570329632326874e-05,6.792724793763847e-05,7.287518075084304e-05,7.198275880415401e-05,7.187900224713722e-06,-4.601908172668966e-06,-8.159217972265508e-06,0.00024271977178071404,-5.5498271719165176e-05,8.127154163751956e-05,-2.6620544193618553e-05,8.202635775056999e-05,-0.0001719065327678893,-0.0008235978923873017,-0.0022453550753384673,-0.004683084560282677,-0.00600400675593905,-0.005642911609770034,-0.006973524182490804,-0.00566937698013645,-0.006586503401839597,-0.004895732475189627,-0.005993806931635487,-0.00018613592973602694,0.00014080458025734444,-0.00010926461861905346,6.6739785872524915e-06,-0.0001356913294886928,-0.0002938892981771907,-0.00015792799230899182,-0.0003570192325115624,-0.00020507152265509932,-0.00035805369934385333,-7.0897791086737e-07,1.4883917056217782e-06,-1.7808330072891634e-06,-5.879304573081949e-06,-2.1684509183019157e-06,2.3653715268657465e-06,-1.869296847753582e-06,-2.1128889876649656e-07,-3.8211087640561483e-07,-1.2042462890431755e-06,4.191507531939203e-07,-1.8851724833190447e-06,-2.021347856929983e-06,-1.8312492824307563e-06,-3.5103573363901545e-06,-1.868818779382248e-06,-3.7640987270914747e-06,2.381419729764007e-06,-1.6569363709257655e-06,-2.0277848869393412e-06,5.977638385279169e-06,-2.035305868108711e-06,-1.850134325631362e-06,-1.478684473893833e-06,-1.5312888525642701e-06,1.7621699040987992e-07,-2.4392731696011283e-06,5.923126183660065e-07,-2.3862257410504537e-06,1.3876112647444332e-06,1.7144838163163175e-07,-2.3685279315345096e-06,4.54035309404598e-06,-8.536526621060008e-07,2.347418181541919e-06,-7.753820698489927e-07,1.5380308874311616e-06,2.465434906891709e-07,2.646538661875528e-06,-8.070597944920844e-07,1.2572692444915392e-07,-1.471889833440938e-07,2.1965202228320212e-07,1.1397716188807119e-06,5.523451237732005e-07,-6.565013793777839e-07,-8.014785830849076e-07,-2.2846192273870345e-07,7.249264780033084e-07,3.0019342819348566e-07,1.0841056325969622e-06,4.804835201518494e-07,-6.010953428722202e-07,3.2231701847988878e-06,-7.738635479071371e-07,-6.280328267626961e-07,-8.5788980264653e-07,2.8526789977489805e-07,-3.693835037433781e-08,-6.172574567549656e-07,1.3104069248092628e-06,3.4173798951432624e-08,8.724091985932756e-07,-3.72166018330653e-08,-1.166803245181834e-07,2.5199237970119496e-06,3.1056838680804894e-06
4883.333333333333,-0.0014944523010042108,0.311016861528451,-0.3044063011666666,0.011394376915677719,0.32940713791272314,-0.2983991138666665,0.011975277273620884,0.3304544035874934,-0.2885514786,0.010448666844748614,0.33039950473515745,-0.2910734942,-0.011393192834537349,0.33810282348274534,-0.3177271297,-0.009613322519570094,0.33758887192130954,-0.3315420988999999,-0.006069911428988578,0.3276426162111954,-0.3106136226666666,0.04504083779904768,0.33606766219333706,-0.1839919765333333,-0.07525064431323969,0.29356166458456484,-0.2129914914333333,0.02284016051667621,0.30647982076978253,-0.2499927635333333,-0.009796454776845357,0.27835030960959856,-0.2855241200666666,0.12408113170343846,0.21877641363055172,-0.0373758853475,-0.14181528234008345,0.25937376176005816,-0.0530668128333333,0.24634794220001852,0.10027300337499206,-0.0726457665566666,-0.18413700560043839,0.0578918221293076,-0.18506271,0.356476471885935,0.13259373603223706,-0.174929285,-0.11794193786346109,0.1204972136017503,-0.37827153,0.37243716706649155,0.155157342393667,-0.1897621395999999,-0.07797631557908856,0.14850907970483657,-0.4485719899666667,0.3639060172669902,0.17518109651987632,-0.2050697148666667,-0.04853244378597011,0.20805552026931215,-0.4473850359333333,0.3636280944371404,0.12867334406549302,-0.1853806818666666,-0.10304251412982557,0.14495709125544817,-0.382844567,0.07807413932399516,-0.17278783930230793,0.0500375988533333,-0.07625252244672936,-0.18500227739283523,-0.0473580614099999,0.09988260506658728,-0.5134151024529733,0.0572059289266666,-0.023213310642639803,-0.45901039649929476,-0.0551516414033333,0.08310050663766588,-0.7803855255803964,0.2428149905,-0.05316872771179407,-0.7785741197969949,0.1246574086999999,0.06332358516311538,-0.8081659687915781,0.2683333081333333,-0.053628595461173455,-0.8051315689940043,0.1015718158866666,0.09419830838394434,-0.8449771696655151,0.2312037905333333,-0.040698884515860886,-0.8327891678133261,0.0177380483316,onweer_g_ch1_g19_compr.mp4,ch1g19,3.3919828570661286e-05,0.00037955030780247517,3.3543560710884916e-05,0.00015276349416973778,1.93595600669131e-05,0.00037807650871836916,3.670771649720325e-05,1.0038145944584449e-05,9.244599440090305e-06,2.3593539827151292e-05,0.0003041289819062098,3.840936230772824e-05,3.430654765595268e-05,3.5316957330341294e-05,6.860897985702082e-05,3.749010323107589e-05,2.5463597226196076e-05,0.000355524419899175,3.649327470732211e-05,3.213298590083607e-05,0.0004171750221767755,3.2110192681810986e-05,3.3112843570500255e-05,2.5606903316858585e-05,1.7112976681951896e-05,1.1689684322698972e-05,2.1534930069728316e-05,0.00028904643937820846,2.9058541560011247e-05,0.0003601390831722419,1.3741333402421769e-05,2.4737992058256864e-05,0.0004422837841364574,0.0005056185889958384,4.030648917706806e-05,-4.089284261890454e-05,6.259178223758366e-05,6.587216600601987e-05,6.530445394468662e-05,-4.363048053842079e-06,-1.693362091907455e-05,-1.960448713382904e-05,0.00023713989694169462,-7.763489831597389e-05,7.852191391345705e-05,-2.8066294845476622e-05,0.00010137637826138815,-0.000149949768413997,-0.0007664552402675959,-0.0021738791329781715,-0.004752793964088114,-0.006158166824802757,-0.005770041528672178,-0.007199242580273369,-0.0057888239632165805,-0.0068298973387197846,-0.004969898682851402,-0.006169104375810907,-0.00018748246636252923,0.00014288013010093443,-0.00010418181898457106,3.2710265960041144e-05,-0.00010898674365581874,-0.00027320508040932834,-0.00012097863698149341,-0.0003333111963144053,-0.00013605040339826298,-0.00031985078188113096,-1.2908361818357313e-06,3.6195641847556137e-06,-2.2815699494220893e-06,-3.745317678796348e-06,-1.7057816765087526e-06,4.836755548145064e-06,-2.39431525345738e-06,-1.2924997813170925e-07,-5.007322612809744e-07,-7.685201524273009e-07,1.8200556706970883e-06,-1.1231149404564962e-06,-2.4108413159393074e-06,-2.3539997325941844e-06,-3.5019910485159145e-06,-7.866614804421007e-07,-3.0787072347371643e-06,3.592451436385151e-06,-9.567488815598063e-07,-2.353752523415391e-06,8.8533318556122e-06,-2.5696336362850236e-06,-2.215907850331289e-06,-2.131656180793745e-06,-1.087058853461691e-06,1.3801419985048695e-07,-2.8291956445372106e-06,2.1879630354592205e-06,-2.1372107368232585e-06,2.3903845390627964e-06,1.334482813557496e-07,-2.2186664242726826e-06,6.60620010341438e-06,-4.5614825578438707e-07,1.293467730395721e-06,-3.7873765547968596e-07,1.543409053496101e-06,5.805169124147547e-07,1.5025630117793645e-06,-4.0134281365719625e-07,7.346185264334212e-08,8.859701892010093e-09,4.6460800234311905e-07,8.683645772829926e-07,8.564377124456945e-07,-2.841418832900677e-07,-3.990503624800486e-07,-3.9463377666505694e-08,9.993569706721733e-07,6.918580074147794e-07,6.671224336624538e-07,7.769670680572079e-07,-2.3682452129542396e-07,1.7418790402260032e-06,-3.830526452541535e-07,-2.7308445290340634e-07,-4.4217656396091037e-07,5.409144343274136e-07,-3.535036135775379e-08,-2.068204076760281e-07,9.038051950645309e-07,3.807154897870391e-07,7.334695164005247e-07,-3.7842144130073975e-08,1.4640658362389548e-07,1.171441792545885e-06,2.207621223124853e-06
4900.0,-0.0019326092437148541,0.3109893118143916,-0.3052475670666666,0.01084810157495956,0.3294816302492296,-0.2992639116999999,0.01145236340823305,0.330531091824355,-0.2894002934666666,0.00995682287272844,0.3304754342884749,-0.2919562161333334,-0.01186705077678592,0.33810348966761,-0.3185546666666666,-0.010104994769621298,0.33757341543771674,-0.3323520078,-0.0065273013214003,0.327622099598208,-0.3114315980666667,0.044534245759549014,0.3363158992928062,-0.1849902589666666,-0.07560567063499268,0.2934647037585806,-0.2139748602666666,0.022488731301632963,0.3065739004162585,-0.250805452,-0.010064174467545752,0.27832974020147494,-0.2862376619333332,0.12398991862991168,0.2189224067030432,-0.0383773318641666,-0.14226980967420588,0.25924547412390925,-0.0532940351733333,0.24549634244619514,0.09958565494967489,-0.0723669501966666,-0.1854515245138774,0.05584358456799791,-0.1819842428333334,0.3569201151897254,0.12778677295063318,-0.1731694454333333,-0.11924598547476059,0.11422294699876195,-0.3749330609333333,0.37326339025353616,0.14927992631073544,-0.1878882381333333,-0.07918410157838601,0.14115219695294343,-0.4454021494,0.36484539275080075,0.16930073888747027,-0.2037604486666666,-0.049262325790996035,0.20105229018233123,-0.4448223411666667,0.3642263841563496,0.12365234081198269,-0.1838500033333333,-0.10409150857232778,0.13867888131027298,-0.381511688,0.07819999298145154,-0.17297581153554636,0.0497975806366666,-0.0763796990182404,-0.18485993298191847,-0.0471167876466666,0.10005471478104555,-0.5134972021484222,0.0564438618099999,-0.02356468086547834,-0.45895096100978144,-0.0553284495133333,0.08287141486397884,-0.7804727135321561,0.2416700711999999,-0.05369241746330794,-0.7788238868692127,0.1236221132333333,0.0630535813235749,-0.8082498775565328,0.2670512966666667,-0.05415845866201827,-0.8054362497823756,0.1004466187699999,0.09384323139372444,-0.8450413450263252,0.2298078621666666,-0.04121300331811028,-0.8330596985523283,0.0163737621777666,onweer_g_ch1_g19_compr.mp4,ch1g19,3.279955138499925e-05,0.0003861340631795301,3.1543309682391106e-05,0.00015113071939868943,1.767707347578116e-05,0.00038592867189998634,3.4545668491344286e-05,9.868239225619002e-06,8.945251993988222e-06,2.38744389535018e-05,0.0003072719829396003,3.747126270594435e-05,3.2401335954258475e-05,3.3230995917140916e-05,6.614562445991325e-05,3.734858743167263e-05,2.2257676493778127e-05,0.0003602918162933609,3.576708726144816e-05,3.0339019685399902e-05,0.00042961237406183755,2.9996376126553462e-05,3.139222006371886e-05,2.357036012451361e-05,1.6050177608061657e-05,1.1893465055112414e-05,1.9109889876888614e-05,0.0002927905277556704,2.7457840985878526e-05,0.00036397191106438674,1.3955901764857315e-05,2.3239421026528442e-05,0.00045132573113579934,0.0005118999373628938,3.920322349524808e-05,-5.798703884374118e-05,4.513792719748322e-05,4.6096227417101075e-05,4.59980640736318e-05,-2.5983348286665443e-05,-4.1572947248879013e-05,-4.4396301266620056e-05,0.0002182096136997918,-0.00011333561370728859,6.536884614209396e-05,-4.283039170016154e-05,0.00011360547403766799,-0.00013797959071684983,-0.000732760657347256,-0.0021144077320804267,-0.0048326447639535025,-0.006325867483411866,-0.005898467260917463,-0.007428711430669783,-0.005920463856731482,-0.007104260895363003,-0.005050534086955944,-0.006359612142739647,-0.00019117830779382983,0.00014668310818481657,-0.0001124909403910994,5.232018978677012e-05,-0.00011004217295190788,-0.0002707759780929529,-0.00010953135349125139,-0.00032755901331793963,-9.176913347650598e-05,-0.00029383608762679884,-1.3698682614960284e-06,4.1860692164651335e-06,-2.1745886237775003e-06,-1.935531086754774e-06,-8.865011384125697e-07,5.59432302412064e-06,-2.312488247394921e-06,-1.4300282090589868e-07,-4.334706492998631e-07,-1.6375604083907216e-08,2.661407790131323e-06,-6.144807030368164e-08,-2.1923014747996912e-06,-2.266769355986513e-06,-3.1924900553702694e-06,6.539705775727645e-07,-2.0418971281040216e-06,4.173582192934011e-06,4.120987124224099e-08,-2.090041140991721e-06,9.637704992105019e-06,-2.4099679203118948e-06,-1.99306935987094e-06,-2.115327666018237e-06,-3.6305093195129884e-07,1.2838830926926193e-07,-2.5439230347137733e-06,2.992481181053756e-06,-1.5099981836467023e-06,3.2116987323562686e-06,1.1462809614775896e-07,-1.778096469333721e-06,6.843661344415149e-06,-1.7944563156626698e-08,-4.00422787902012e-08,7.545040255312734e-08,1.278831924625236e-06,7.791491740514064e-07,4.366071017643471e-08,6.081895768465059e-08,3.978738053463543e-08,2.610394865211614e-07,5.722414791663374e-07,3.6917886516227234e-07,9.820888580169192e-07,1.2820166387895907e-07,6.00003202948858e-08,1.4918560909119353e-07,1.1060797721302197e-06,9.041637424634239e-07,2.4356744954557717e-08,9.083098059272785e-07,1.605749671548145e-07,-1.504035075315333e-07,8.250060954130205e-08,1.2450158375357743e-07,8.10040278105371e-08,6.70080173047701e-07,-3.884864192494998e-08,2.763717229273449e-07,2.264717675408216e-07,6.876753705884885e-07,3.722591468718114e-07,-4.8852148589586846e-08,3.8946500559611547e-07,-4.196905246398425e-07,1.307883895070343e-06
4916.666666666667,-0.0023183734666115383,0.31095362327416276,-0.3060607959666666,0.010332079897366581,0.32954831182116856,-0.3001141044333333,0.01096243488377345,0.3305995572258941,-0.2902420123666666,0.009497201998779922,0.33054346180766864,-0.2928246091333334,-0.012305605093937574,0.3381002695644794,-0.3194119026666666,-0.010560070371086177,0.3375502034715236,-0.3331959340666666,-0.006944253689908773,0.32759438120840473,-0.3122837057,0.04402772165912986,0.3365663916907316,-0.1860513711666666,-0.07591801131446747,0.293366930367714,-0.2151423602666666,0.022196169641071718,0.30666068458670015,-0.2516335929666666,-0.010269633867969983,0.2783014876003555,-0.2870218792666665,0.12391951138495891,0.21906901310809462,-0.0395570608941666,-0.1426161357634042,0.2591516091452585,-0.05367066202,0.2447037633098724,0.09894584641500825,-0.0723354017066666,-0.18690562396311466,0.05388913700881357,-0.1789260755333333,0.35730570133722866,0.1229224478534668,-0.1712477549333333,-0.1200714556093612,0.1078158309397102,-0.3712423433333333,0.37394316036152325,0.14328231968479835,-0.1857285805666666,-0.07966402591131937,0.1335571556845128,-0.4417662203666667,0.36561831140143725,0.16327748988968027,-0.2021049216333333,-0.04915081993070531,0.1937084879899792,-0.4418004562000001,0.36473638460067853,0.11860100222210045,-0.1820909058666666,-0.10457745398617117,0.13220734203625492,-0.400609463,0.078320959581517,-0.17317722216186818,0.0495665955033333,-0.0764990368268969,-0.18470362628923753,-0.04689024219,0.10011420606704283,-0.51362650181045,0.0553768434266666,-0.02387395529662534,-0.4588809477703283,-0.0558856793066666,0.0825115432864632,-0.7806054854391102,0.2401844795666666,-0.054269249035305195,-0.7791045396106437,0.1221797508666666,0.06265290182697283,-0.8083739068804863,0.265427989,-0.054747891844198614,-0.805774482437216,0.0989058188366666,0.09334208701192569,-0.845118198022886,0.2281437119,-0.04171876935526389,-0.8333493794907293,0.014602329582,onweer_g_ch1_g19_compr.mp4,ch1g19,3.1753582460461474e-05,0.0003919505529427403,2.9437899234628474e-05,0.00014989726792269596,1.9191415922885186e-05,0.00039343175691344617,3.2320186928362216e-05,9.640949254373598e-06,7.84235318202234e-06,2.4880713956626843e-05,0.00031025918203450776,3.90632224996845e-05,3.0270668030460478e-05,3.103575720124592e-05,6.316955125372484e-05,3.9294318971028545e-05,2.209568520973176e-05,0.0003639672026236548,3.7311955752666736e-05,2.8346631581524892e-05,0.00044179884554224535,2.7469357316140435e-05,2.9474766132773744e-05,2.1111954936771573e-05,1.786911924736482e-05,1.205225227365858e-05,1.6258162685131204e-05,0.00029642691034595587,2.594384477797528e-05,0.00036684613953159346,1.4147273064192958e-05,2.1365183007990455e-05,0.00045937551707982913,0.000517642475329889,4.1370127686115545e-05,-6.677231533792762e-05,3.458156102723823e-05,3.292693069958793e-05,3.310025546529154e-05,-3.942308075616727e-05,-5.7431628151504884e-05,-6.0778460999313755e-05,0.00019470817806295423,-0.00014862785410173432,5.8290863560048285e-05,-5.1327685496167606e-05,0.00011774818560710516,-0.00012909675147187232,-0.0007250772542860113,-0.0020555145752461593,-0.0049104820634551915,-0.0064709033885585795,-0.0060112400964390305,-0.007628754944751325,-0.006038292285007126,-0.007363630451032893,-0.005128939517407193,-0.006533448567650892,-0.00019540126221696057,0.00015088696111891593,-0.00012109176412896289,6.202222076029165e-05,-0.00012015268738201678,-0.0002915213554479599,-0.00010533027649053478,-0.0003454172501148175,-6.165538978156322e-05,-0.000282918234883461,-1.0597214210759641e-06,2.9815462072715378e-06,-1.6433853547015587e-06,-8.394213615794677e-07,-9.481142105717007e-08,4.330824509829054e-06,-1.8048714639330079e-06,-1.4033325284930856e-07,-8.464115747110093e-08,8.28834702637623e-07,2.8473118097414746e-06,9.973148050762666e-07,-1.5881292123113672e-06,-1.7493431438433118e-06,-2.7731353732122165e-06,2.0118621736939695e-06,-1.153409837037432e-06,3.910419837538641e-06,1.0491897449686642e-06,-1.4572079530945923e-06,7.764674074736994e-06,-1.7516561938640362e-06,-1.4007081457617327e-06,-1.5084012844470647e-06,3.088479503280228e-07,1.1807007196679167e-07,-1.7286035309505505e-06,2.841786541131697e-06,-5.063723607364509e-07,3.5956910909471537e-06,8.163574996815464e-08,-1.1581994820854036e-06,4.911648941527658e-06,3.9005273306506615e-07,-1.2766033153882056e-06,5.028766772791522e-07,8.490484064957379e-07,7.860841314378444e-07,-1.3286259954200219e-06,4.937666104564366e-07,3.6738835974558925e-08,5.822314493537912e-07,5.496602120801779e-07,-2.3376045846212123e-07,9.067621757659675e-07,5.101903611214282e-07,4.9062678004865e-07,3.3907319861679895e-07,1.018968932331666e-06,9.018029912318916e-07,-6.874996848632297e-07,8.516055058769439e-07,5.242414156169502e-07,-1.937803955957113e-06,5.352359036547221e-07,4.953147769406439e-07,6.100641093355325e-07,6.2491534992792e-07,-4.6720423585596437e-08,7.48229254672174e-07,-5.535031081777627e-07,9.149880014067637e-07,-9.046951432012064e-08,-6.719049275602683e-08,5.957809912901373e-07,-1.8344495493666687e-06,1.6649130746726032e-06
4933.333333333334,-0.0027190336582590263,0.31090014580295544,-0.3081990390666666,0.009829251463344013,0.3295899277373719,-0.3023574573666666,0.010482425725892286,0.3306378729744425,-0.2924589495333333,0.009043425847519045,0.3305814845103391,-0.2950812171666667,-0.012756888562258891,0.3380614442156664,-0.3215914200333333,-0.011020465907182565,0.3374917220675853,-0.3353859845666667,-0.007372831862414396,0.32753255704625767,-0.3144602467666666,0.0435380393586658,0.33677988658921154,-0.1883857702,-0.07619767267643379,0.29321288027721765,-0.2173302957666666,0.021899176459106766,0.3067297769554933,-0.2537386258666667,-0.010482982823771464,0.2782596893737143,-0.2890710660999999,0.12391885117420548,0.21921439704991308,-0.0417231443475,-0.14298577094812584,0.2590513431779573,-0.0548241611566666,0.24394815397484318,0.09827570677444077,-0.0737491980633333,-0.1884239997041995,0.05191307562965522,-0.1770109013,0.35719385662763486,0.11805721297633504,-0.1722148104666666,-0.12068518646241337,0.1014577727958351,-0.3698443322999999,0.37384565617725835,0.13728651392468305,-0.1868724478666666,-0.07985781907701961,0.1260361800466906,-0.4407984863000001,0.36548382209471303,0.15727310913610612,-0.2037073334,-0.04873464328939439,0.18646215933956073,-0.4413787553000001,0.3646423211614805,0.11351339334504171,-0.1832483804,-0.10481444117672459,0.12577800305514036,-0.39542678,0.07845038489997097,-0.17337833022546706,0.0493162623266666,-0.07662888744204471,-0.18454653395262016,-0.04664148568,0.10017533763246501,-0.5137655043438393,0.0541903747266666,-0.024226800493229585,-0.4588098807433861,-0.0562835061633333,0.08220120112156451,-0.7807174800445863,0.2389099976666666,-0.05481576345909783,-0.7793814543020747,0.1213615983999999,0.06232855949529761,-0.8084690019543684,0.2640748314333334,-0.05530267437792986,-0.8061073637747614,0.0980546968033333,0.09297311206654164,-0.8451775108287369,0.2266601145333333,-0.04229088897993213,-0.8336226396267961,0.0134696305433333,onweer_g_ch1_g19_compr.mp4,ch1g19,3.078460993413644e-05,0.0003931448723002702,2.8084108778096686e-05,0.0001491001104571001,2.0705568206129946e-05,0.0003961302745033212,3.081914170568895e-05,9.465776702484486e-06,7.205921151377506e-06,2.6074429981923156e-05,0.0003127355015490428,4.145679530608063e-05,2.8939255083953213e-05,2.9570480225899296e-05,5.9720024500415644e-05,4.240579886515134e-05,2.258072617051366e-05,0.00036674894074373505,3.959282360781385e-05,2.7185106035088633e-05,0.0004476404148832317,2.5902509332984948e-05,2.8320304254008387e-05,1.9650470586678284e-05,1.9739457573751864e-05,1.21460926744844e-05,1.4638507828628219e-05,0.00029904201700280055,2.5694013856996335e-05,0.00036922983028276317,1.4228994366681729e-05,2.0184821642318512e-05,0.00046179788518476,0.000519409609858875,4.424068112659899e-05,-7.03678123756486e-05,2.7758245603819025e-05,2.352546471798887e-05,2.3910150985318703e-05,-4.650443590328987e-05,-6.654071727339271e-05,-7.063823117938889e-05,0.0001697917443840823,-0.00017791279496450816,5.3475504487855515e-05,-5.436832934476923e-05,0.00012195064054160292,-0.0001249164178853396,-0.0007243686062819563,-0.0019964459557315164,-0.00496742408912501,-0.006517357806065454,-0.0060999115468991436,-0.007703179384496945,-0.006134872361162636,-0.0074880266172881495,-0.005193190432897424,-0.006604130680343655,-0.00019639344985430683,0.00015246856273274138,-0.0001270412087077967,6.198459291923389e-05,-0.00010316472340571626,-0.00031206053568919284,-7.727762027165936e-05,-0.0003617912712970572,-3.319345924181294e-05,-0.00028897338200195246,-4.2779387109367576e-07,5.546788459828072e-07,-8.261618586992966e-07,-4.1357652881583686e-07,7.357176916617425e-07,1.6587098553362252e-06,-9.97791112808637e-07,-1.0700779621688479e-07,5.724610912759122e-07,1.4587031793165206e-06,2.261156937514957e-06,1.7626443330344383e-06,-7.598829660704053e-07,-9.390493349808699e-07,-2.4181548362430723e-06,2.8210471037388538e-06,-3.823267123550278e-07,2.7953408552844335e-06,1.7962440501599943e-06,-6.297060235127709e-07,4.146668804510987e-06,-8.251535371193526e-07,-5.957489681181749e-07,-5.035791519619949e-07,9.58521218134689e-07,8.530217024888848e-08,-6.114671128542706e-07,1.7346893900087695e-06,5.961905039480229e-07,3.484634191807577e-06,2.4240525912677378e-08,-4.656454578955913e-07,1.622060704977718e-06,7.185643231351894e-07,-2.0190450306305806e-06,8.222767257053819e-07,3.6427723575706164e-07,6.876154462161716e-07,-2.172358508357179e-06,8.186312356138162e-07,6.270599526498127e-08,8.814448801140846e-07,4.2621408452006716e-07,-7.850274918485518e-07,7.128370946870285e-07,7.800459073185741e-07,8.12583616357959e-07,5.202917425646534e-07,7.897646812797692e-07,7.662167887005009e-07,-1.3063227410072291e-06,6.796175392111956e-07,7.752181186982776e-07,-3.0304977989988207e-06,8.654152583868392e-07,7.591231937702219e-07,1.0216870902683304e-06,4.882278311231132e-07,-6.04855818700953e-08,1.0867475948632316e-06,-1.2318964639111571e-06,9.992312639412413e-07,-5.33121013842635e-07,-8.947231688826849e-08,7.182063975398734e-07,-2.61356257841073e-06,2.4489820610577416e-06
4950.000000000001,-0.0031357191214850524,0.3108065534324337,-0.3106300532333333,0.009320614559427379,0.32960747641760874,-0.3048863185333333,0.009994919389687997,0.33065001051051873,-0.2949605236999999,0.008579861789903394,0.3305943904771936,-0.2976280749333334,-0.013224526721799017,0.3380051385315926,-0.32405322,-0.01149657935626674,0.33741306992025827,-0.3378685652999999,-0.007821110434243776,0.327449451299041,-0.3169210593,0.043051712630736205,0.3369382216610221,-0.1909971575,-0.07647972014702538,0.2930077703154232,-0.2197455728333333,0.021588567188549918,0.30677306256432935,-0.2561312998333334,-0.010713030523860167,0.2781889188227617,-0.2914203891333333,0.12395625156885696,0.21934265913172976,-0.044278167812,-0.14343104515570232,0.2589123866366495,-0.0563217476,0.24323673236803264,0.09757302117625019,-0.0759828738033333,-0.19005997796899668,0.04976192785650319,-0.1757989799333333,0.35658525750755937,0.11296058433466416,-0.1743924954666666,-0.12151177549945724,0.09468068294286623,-0.3685939102999999,0.37317752955492256,0.13102354150763587,-0.1891180057,-0.08029932201968051,0.11806096203127704,-0.4397532751333334,0.36463241914354955,0.15093819821506543,-0.2063460797,-0.04863473233293947,0.1786658901096911,-0.4409039397333334,0.3639664383991063,0.10818825194683439,-0.1855715985666666,-0.10530574105213235,0.11890775402617579,-0.364667505,0.07859197502674782,-0.1735723476738814,0.0490704731333333,-0.07676983205895527,-0.18439435496577167,-0.0464016999166666,0.10023473521924375,-0.5139203100879476,0.0532451774333333,-0.02477931921896904,-0.4587846489844904,-0.0563894618633333,0.08186143724770116,-0.7808130691974777,0.2381474451666666,-0.05544030017023616,-0.7797210584585025,0.1212362994999999,0.06198021358195419,-0.8085326320989207,0.2632757725666667,-0.05592384127299472,-0.806489384835648,0.09792844895,0.09261048871619923,-0.8451617289418788,0.2257971634666666,-0.042982181896523475,-0.8339309477297274,0.013072926386,onweer_g_ch1_g19_compr.mp4,ch1g19,3.0355850394121847e-05,0.0003902576256802908,2.7268626463108013e-05,0.00014856060754174822,2.179834813039399e-05,0.0003944897260691731,2.9862923640507664e-05,9.451268245615348e-06,7.562296059590242e-06,2.7742874787890326e-05,0.0003155624340098872,4.403924546161256e-05,2.8073827363697156e-05,2.8626286029649937e-05,5.70140786186055e-05,4.62104097825361e-05,2.3041116610562168e-05,0.00036924105214092566,4.209867804192647e-05,2.647512796109734e-05,0.000447476251385882,2.4910050592701683e-05,2.7615872098914933e-05,1.9109135821414377e-05,2.0980995476309958e-05,1.2123300654796334e-05,1.3906619296275806e-05,0.00030117692788534625,2.655555911177683e-05,0.00037225946834185336,1.4141542320708112e-05,1.9420866330494037e-05,0.0004594935908245361,0.0005180052273539089,4.7037228490364105e-05,-5.776132626675285e-05,3.580132465355264e-05,2.9348741322279473e-05,2.9925473722927804e-05,-3.762669518868747e-05,-5.804017753419945e-05,-6.267481027399123e-05,0.00015729908118375683,-0.00018311543998922298,6.40017799881634e-05,-4.013088476307382e-05,0.00013367722166199699,-0.00011415229937776581,-0.0007229283652690483,-0.001945127126737049,-0.005009564337362165,-0.006462481001542738,-0.006164641075266105,-0.007652394246321496,-0.0062161471080121175,-0.007471321640960592,-0.005252915811877806,-0.006567255808412191,-0.0001935105027374254,0.00015059708496385906,-0.0001293994303814369,5.0115744892023515e-05,-6.114681395217496e-05,-0.0003316825947610005,-2.8948783499797303e-05,-0.0003766838914233421,6.513826177512656e-06,-0.00030408234390757154,3.883499509013824e-07,-2.880790902868305e-06,7.873641659722853e-08,-8.935580186884734e-07,1.257911173119316e-06,-2.0443215611726044e-06,-9.16572909955695e-08,-8.626432239113581e-08,1.5284146080497965e-06,1.6692815972204656e-06,6.809159127072124e-07,2.2728992797349166e-06,9.343292615836818e-08,-4.069695477336663e-08,-2.04620664922226e-06,3.2031859788354937e-06,5.988772242153962e-08,5.565909632402092e-07,2.2622288354020728e-06,1.99589948639023e-07,-6.594186005829319e-07,1.3550297133707728e-07,2.3425323071165274e-07,6.888339832550017e-07,1.273235262684247e-06,1.5476826321117265e-08,5.943024927034571e-07,-4.37363816289906e-07,1.5961237549203265e-06,2.2151090200336487e-06,-7.226140220510912e-08,2.311773105109364e-07,-2.5433370142341492e-06,9.189166776719597e-07,-2.1382471536406326e-06,9.909166038758813e-07,-4.620703300029167e-08,5.334751258281124e-07,-2.3392225119159615e-06,9.914087884163987e-07,1.1434116670111973e-07,1.0723057105238596e-06,2.3552567433268698e-07,-1.1858537620093387e-06,4.725368167349881e-07,9.037301682641284e-07,9.833382586133961e-07,6.452649644599724e-07,4.774842065397194e-07,5.682444482091265e-07,-1.7155955115504724e-06,4.556437902220771e-07,8.841837039400435e-07,-3.2382843846367863e-06,1.0248613673207577e-06,8.8131562857971e-07,1.2445631499406353e-06,3.2097483418308406e-07,-7.743340043725602e-08,1.2376264488523399e-06,-1.6768553907715184e-06,9.448443526188584e-07,-8.8037884330225e-07,-1.1047544316467081e-07,7.543419735832886e-07,-2.648330669202193e-06,2.793286031875359e-06
4966.666666666668,-0.0036110095144043326,0.31075702016094103,-0.3136587182,0.008791871153998211,0.32964936811479445,-0.3079738451,0.009483740521587744,0.33068496646463674,-0.2980177303999999,0.008087838910973711,0.330629496355778,-0.3007250885666667,-0.013737390709145175,0.33797307556228395,-0.3270432909999999,-0.012011066836928385,0.3373608924328087,-0.3408803383333333,-0.00831176681411833,0.32739299740555655,-0.3199047784333333,0.04256581897727869,0.33708716563004254,-0.1940230911,-0.0767923744416148,0.29281470253259895,-0.2224825440999999,0.02121623910315225,0.3068426728799925,-0.2590821444666667,-0.011010573990073179,0.2781575134916228,-0.2943132369999999,0.12400040776863211,0.21948126811696758,-0.0471817309683333,-0.14394117791659083,0.2587868710167032,-0.0580587312566666,0.24261131289477567,0.09681573108647785,-0.0786316926699999,-0.1916914847401549,0.0478006827591693,-0.1752277985666666,0.3559123424492617,0.10787269764714019,-0.1771605490666666,-0.12246596729367663,0.08831710549197434,-0.3689994424333333,0.3724575108018482,0.12480760549800701,-0.1920992105,-0.08099256775604288,0.11055372970774886,-0.4406505773333333,0.3637573140346438,0.14466976780424828,-0.2098268543666666,-0.048812952977225786,0.17134605805255956,-0.4424089470666668,0.3632288394659358,0.10283910805601931,-0.1885611927333333,-0.10595059142226436,0.11243208566942131,-0.370664775,0.07873362904507228,-0.17375743715319025,0.0487829058066666,-0.07691193927507395,-0.1842496037778057,-0.04611323554,0.10030640045767007,-0.5140658627340943,0.0522838723533333,-0.025332917698143356,-0.4587679002063069,-0.0562389400166666,0.08152155688152697,-0.7808789994034441,0.2374002741333333,-0.05608242559387347,-0.780081726330737,0.1213719355666666,0.0616309408409901,-0.8085631310230375,0.2625155083666667,-0.05656482124226563,-0.8068901079804217,0.0980579276233333,0.09225069529377915,-0.845134131492098,0.2249129280666666,-0.04379018255788379,-0.8342575115732586,0.0128232695693333,onweer_g_ch1_g19_compr.mp4,ch1g19,3.100486678813898e-05,0.00038631470097997715,2.785578900126272e-05,0.00014789998413437244,2.2369801354425514e-05,0.0003913796448243044,3.0305479554226118e-05,9.413463545112596e-06,9.04111870871093e-06,2.9284172583001742e-05,0.0003169624294623136,4.6383804554915115e-05,2.8603624399140957e-05,2.909409151156238e-05,5.483004369173465e-05,4.953075654558705e-05,2.3364709352550517e-05,0.00037080837075614614,4.444549424764603e-05,2.7079299644647297e-05,0.0004456086834672245,2.566562325536275e-05,2.8246797307962196e-05,2.0510184965351495e-05,2.156532972083898e-05,1.2085048399291343e-05,1.5231078257521615e-05,0.00030111561315000534,2.8453049488730883e-05,0.0003763591282017123,1.3986513374569738e-05,1.984796840291103e-05,0.0004559335819341863,0.0005145778849446778,4.940106683955355e-05,-3.7259542203916256e-05,5.2192446669688376e-05,4.399561098334956e-05,4.4755093903907505e-05,-1.915294571160794e-05,-3.874136584798855e-05,-4.338372626481497e-05,0.0001556315925971898,-0.00016984147618418264,8.410370797622265e-05,-1.5900483375164734e-05,0.00015945253612754582,-9.451801244205996e-05,-0.0006852598404472066,-0.0018967666623259545,-0.005007438993885184,-0.006357944106355698,-0.006189397265925345,-0.007543643554567485,-0.006282165055728726,-0.007398427997519907,-0.005276080503404479,-0.0064756577891333265,-0.00018820131761585856,0.00014727041621752444,-0.0001259359259348015,3.390452300190523e-05,6.320321910076426e-06,-0.0003403854504635037,4.073303781013231e-05,-0.0003809685286122955,6.444309446950146e-05,-0.00032142725909717915,1.254521428189066e-06,-5.498611843487118e-06,9.296404883338436e-07,-1.6455447664078186e-06,1.5626859530552673e-06,-4.897244492391247e-06,7.746374779966156e-07,2.0900180153723506e-08,2.715708671900915e-06,1.618902423645252e-06,-1.1945795445037401e-06,2.5612268413381635e-06,8.237913448576798e-07,8.075826937545743e-07,-1.6143345756861197e-06,3.1932303379557014e-06,3.7209440966491006e-07,-1.8689952692304096e-06,2.5089225311344156e-06,8.91515089618302e-07,-4.381090081782605e-06,9.687403819676602e-07,9.339940346133414e-07,1.835891757062221e-06,1.355869867478568e-06,-8.433734716951345e-08,1.6844203695465059e-06,-2.8485654347319685e-06,2.4049411172841804e-06,7.148393707773199e-07,-2.0019851801693026e-07,8.563848942640655e-07,-5.532703225229237e-06,9.576803242941783e-07,-1.7490900302123983e-06,9.649383413467972e-07,-3.233489645485141e-07,3.3167666130697266e-07,-1.9310418452645156e-06,9.691662572480314e-07,1.9127288449324478e-07,1.0993866247028192e-06,3.168868133892153e-08,-1.3165684702069545e-06,2.432211558274346e-07,8.39360390798949e-07,9.591839798683414e-07,6.907953554697493e-07,1.6201831734276864e-07,3.45556806095632e-07,-1.8187708747719785e-06,2.324481365940799e-07,8.12470852161226e-07,-2.6899498820411867e-06,9.56048855774394e-07,8.199779924352647e-07,1.2140395590272115e-06,1.3299902899550534e-07,-9.907955120858489e-08,1.140030071823581e-06,-1.7594740564762682e-06,7.652647923169937e-07,-1.0702958598591183e-06,-1.3006073210934247e-07,6.819887988118456e-07,-2.0871883819791042e-06,2.5955380300073887e-06
4983.333333333335,-0.004088302609722954,0.3106805744043939,-0.3169168998,0.008263734427855532,0.3296570196935939,-0.3113370213,0.008973285996153673,0.3306813898871456,-0.3013445666333332,0.007596536029930562,0.33062704465484144,-0.3040954759333333,-0.014249410325897934,0.33791570159849904,-0.3303476701999999,-0.012526003336650717,0.3372816507350296,-0.3441996038,-0.008802506784958074,0.32731017278457974,-0.3231966476333333,0.042084898691398274,0.3371716855265689,-0.1974484120666666,-0.07710192605151467,0.29260850902709623,-0.2256097206666666,0.020842645475176856,0.3068823929734477,-0.2622751677666667,-0.011309205490582456,0.27810681483967314,-0.2974878419666666,0.1240325197027855,0.21960456885660726,-0.0503061107563333,-0.1444189623228756,0.25865029971791736,-0.06008876104,0.24200611101451683,0.09605321727956614,-0.0806651319599999,-0.19316625201313792,0.04583190662287863,-0.1746358574,0.3554419093154952,0.10276837740869975,-0.1786219789333333,-0.12343798460673301,0.08182640621415438,-0.3690374522999999,0.3720806487433265,0.11853288654903542,-0.1935529853333333,-0.08178125104293396,0.1029036950588202,-0.4412242740333333,0.36332234482595693,0.13826468688764895,-0.2118401136666666,-0.049162688926193424,0.16379307309809288,-0.4436311453000001,0.36276640546703887,0.09744150257495025,-0.1901679372666666,-0.10662331799592298,0.1058065516440426,-0.440300137,0.07887080921441432,-0.17394244365352315,0.0485386002766666,-0.077049508539139,-0.18410452377189823,-0.0458684270966666,0.10041432909446527,-0.5141885543716452,0.05141656256,-0.025842408250648097,-0.4587173429892971,-0.0562820079733333,0.08120149224789544,-0.7808797608596617,0.2366132549,-0.05671334520839809,-0.7804089904029915,0.1210046000666666,0.06129799134998336,-0.8085218831006533,0.2616650598666667,-0.05720240317707739,-0.8072522819861286,0.0976456952,0.09190046610903824,-0.8450735698111542,0.223955677,-0.044578171338621034,-0.8345401747317535,0.0120489653093333,onweer_g_ch1_g19_compr.mp4,ch1g19,3.278807499937657e-05,0.00037897223575079236,2.955151151578438e-05,0.00014657621624413074,2.355421353959227e-05,0.0003843199670637683,3.183012462780295e-05,9.369572509489346e-06,1.2708209476201597e-05,3.1158242521714234e-05,0.00031391079624700755,4.884854481154644e-05,3.029993531940113e-05,3.0669876214043454e-05,5.343067687192006e-05,5.2833063346989764e-05,2.332766380239662e-05,0.0003672650558767059,4.696767260348868e-05,2.8796925600868554e-05,0.0004383941711775797,2.7682562113054932e-05,3.0066435472257195e-05,2.361781007353114e-05,2.248842816273751e-05,1.1998789957106293e-05,1.8239823948591917e-05,0.000295754384271791,3.139817567455235e-05,0.00037642126991169786,1.3737976833574836e-05,2.1436066003163878e-05,0.0004484349052447456,0.000505400866328282,5.2073905855227595e-05,8.626737502554017e-06,9.371500448077624e-05,8.438001873937431e-05,8.541075233581242e-05,2.5772969607634837e-05,8.030194378783375e-06,3.639959051389422e-06,0.00018075514988725693,-0.0001207066183065047,0.00013062434125455126,3.440235727044733e-05,0.00020691437781220648,-5.236483780540004e-05,-0.0005866839793261196,-0.0018131034157034514,-0.00491418155245313,-0.006169838993307675,-0.006114373966398234,-0.007340799837716706,-0.006265762630671248,-0.007220524606517008,-0.0052195178200201645,-0.006296560950865226,-0.0001804866502774618,0.0001422619666723959,-0.00012258889395722555,8.954440686179547e-06,4.637840149116219e-05,-0.00034848097190804593,7.46340521900556e-05,-0.0003847853203146587,8.67219723005013e-05,-0.00034996546867409583,2.2093873001683957e-06,-7.386005413578523e-06,1.8137027990547556e-06,-2.3048901913918e-06,1.8419519484206362e-06,-6.9682884925552886e-06,1.673638949222016e-06,2.803559623193177e-07,4.009269711830762e-06,1.4324812741502066e-06,-2.9682492591264e-06,2.823324876570057e-06,1.5195690700572455e-06,1.6872893803074437e-06,-1.100386985849461e-06,3.274854518499435e-06,7.320102173239329e-07,-4.107575317020045e-06,2.7358761878073444e-06,1.5494901834804672e-06,-7.233177077935261e-06,1.7961214712231975e-06,1.6071618073407615e-06,3.017626970731649e-06,1.4190917930055668e-06,-2.0808685631634958e-07,2.720674586481698e-06,-5.0175034287362495e-06,3.0188752611142092e-06,-9.152416202439951e-07,-3.559595887410921e-07,1.3986457623248018e-06,-7.560987761145003e-06,8.425481926976686e-07,-9.80980569856609e-07,7.862714604173479e-07,-4.2740990932619564e-07,7.403284086636037e-08,-1.088536114868006e-06,7.953188586793601e-07,2.799219432648717e-07,9.231229309715649e-07,-1.6253972620938378e-07,-1.048964026491982e-06,3.624075537834212e-08,6.389975052165115e-07,7.826232428835149e-07,6.664377572220199e-07,-1.3544141620547053e-07,1.2688308160606924e-07,-1.4651944320987574e-06,2.2592190847211624e-08,6.11591406684751e-07,-1.5658267019997923e-06,7.211647855900905e-07,6.238921968251396e-07,9.64778562717044e-07,-8.405850255732459e-08,-1.1761078786738707e-07,8.455015727543016e-07,-1.3585839020133313e-06,4.984407942659864e-07,-9.111107905862362e-07,-1.4054556002095839e-07,5.289368746833721e-07,-1.12434756294365e-06,1.8533460583731548e-06
5000.000000000002,-0.004571702923546023,0.31064786571655395,-0.3201494156333334,0.007732878504943007,0.32970610656463034,-0.3146911455333333,0.008459728681354545,0.3307158193762831,-0.3046608120999999,0.007101289147547419,0.3306648680108523,-0.3074397048,-0.014767306724477501,0.3378965803549595,-0.3335888108333333,-0.013045733323746185,0.3372449365342278,-0.3474756092,-0.009298259015124783,0.32727090975351114,-0.3264330795333333,0.041575163651963676,0.3372948772172401,-0.2007307271,-0.07742673776825301,0.292444221053563,-0.2285437771999999,0.020460381971135512,0.3069723989334915,-0.2653984511666666,-0.01162190404218834,0.2781041427826427,-0.3006090997999999,0.12404441830299617,0.21978714578565517,-0.0532720781133333,-0.14492293940527035,0.2585846352884408,-0.0622172462566666,0.24140747796970857,0.09542277512230098,-0.0822026098133333,-0.19474585430515529,0.04404867026038735,-0.1746456261,0.3551386835233473,0.09794812758925614,-0.1786251771999999,-0.12454748768635991,0.07560158129867567,-0.3689301768666665,0.3720319997260513,0.11257636128497424,-0.1933457678,-0.08284640326108714,0.09549100238833393,-0.4413576592666667,0.36328633937198945,0.13214025273836952,-0.2121895914,-0.04977820797937997,0.15642592862388646,-0.4443591524333334,0.3625466270326508,0.09231357805128852,-0.1903421343333333,-0.10746900029251152,0.0994159373093778,-0.412581116,0.07900887150272916,-0.17411977638995144,0.0483366027466666,-0.07718768476718992,-0.18396583864875654,-0.0456687969833333,0.10052186372576087,-0.5142844740729693,0.0512050597,-0.026360289531010255,-0.4587183567302319,-0.0560261835966666,0.08083777358284472,-0.7808617606909696,0.2364230629333333,-0.05744310677934301,-0.7807950902383095,0.1210814632333333,0.06090700493749038,-0.8084823713293166,0.2614145458,-0.05796520140885288,-0.8076759018984127,0.09769250397,0.09155443903411228,-0.844994087948386,0.2235979840666666,-0.04541851448623556,-0.8349063292963594,0.011865748695,onweer_g_ch1_g19_compr.mp4,ch1g19,3.533588174367043e-05,0.00036874737356382695,3.177660702365696e-05,0.0001436895267218509,2.475734741258269e-05,0.0003740360043416847,3.38937336386992e-05,9.80440170957517e-06,1.765392124685553e-05,3.256461682080798e-05,0.0003093027572598292,5.073551792575535e-05,3.239646183874101e-05,3.277960028882416e-05,5.3349214250683574e-05,5.490135291063124e-05,2.3539983733228323e-05,0.0003615056940416738,4.891188031024643e-05,3.087755575975945e-05,0.00042673095110925977,3.00765058663961e-05,3.2256792523726615e-05,2.734441213300287e-05,2.313923179779368e-05,1.1820037625938257e-05,2.184636095690557e-05,0.0002883441886676347,3.5446072153488756e-05,0.0003748514983262656,1.3358246207599672e-05,2.3690444618624855e-05,0.0004374784049400619,0.0004925543781140636,5.41091127600139e-05,7.814436489044218e-05,0.00015742884101915572,0.0001478808914704307,0.00014908765442910897,9.391593383910478e-05,7.888850480279323e-05,7.458817350432283e-05,0.00022884908373954323,-3.984506639247706e-05,0.00019796224231511032,0.00010672601651291431,0.0002796512977461226,1.542916132989443e-05,-0.00045113345234886376,-0.0016900163851047067,-0.004787746207651941,-0.00592830534981039,-0.0060002604323726155,-0.007077194234284617,-0.006219605200470014,-0.006970540371897055,-0.005137154330721323,-0.006061684328939259,-0.00016984817503886597,0.00013452610111320209,-0.00010688890294846884,-1.613251164166752e-05,6.922405843360867e-05,-0.00035267985521284054,8.521148661174671e-05,-0.0003852732297437283,8.682945702148705e-05,-0.00037242496675209466,3.0254912272610205e-06,-7.71019545416731e-06,2.524840553498265e-06,-2.683702402650388e-06,1.8747750560712714e-06,-7.376266270902035e-06,2.3926561259918234e-06,6.479866802600816e-07,5.043823906448576e-06,1.0560076699664708e-06,-3.8110538182041474e-06,2.6081895386779646e-06,2.0324271505887013e-06,2.392453956265316e-06,-3.388795549337082e-07,2.951797958676218e-06,8.541912989662774e-07,-5.201511810239853e-06,2.5392714205032986e-06,2.0322129461751312e-06,-8.021374878650759e-06,2.397353124257534e-06,2.1136824319697495e-06,3.932322665092785e-06,1.30314979543488e-06,-3.423945443139251e-07,3.4650382966949578e-06,-6.09475995606914e-06,3.382165175668596e-06,-1.6881772236139596e-06,-5.177177269510266e-07,1.8564401399095723e-06,-7.77237694100125e-06,6.120880728541679e-07,-7.56307802018525e-08,5.053111687282948e-07,-3.4880109584890203e-07,-1.9898992434887394e-07,-7.911099331166632e-08,5.183504470491915e-07,3.4147298790839936e-07,5.831533209148784e-07,-2.897900780735096e-07,-5.395965923037091e-07,-1.2973871967850813e-07,3.635953096606154e-07,5.04997982444906e-07,5.709473210163758e-07,-3.5691021170873985e-07,-8.720342611306585e-08,-8.264278568914601e-07,-1.4942814092067996e-07,3.3960599308675203e-07,-1.9355248992814735e-07,3.8745025181188436e-07,3.5408217721143267e-07,5.68586069235228e-07,-2.9561967828830566e-07,-1.2669504978861534e-07,4.346413809388039e-07,-6.649644484163837e-07,1.838771844817333e-07,-5.235684643240372e-07,-1.3697302152358043e-07,3.369901759828825e-07,-4.947798837210435e-08,9.463301645899373e-07
5016.666666666669,-0.005070992319220162,0.3107681337800843,-0.3224043298666667,0.0071909379367549745,0.32990029033430274,-0.3170039765999999,0.007934830767829668,0.3309030871260303,-0.3069472919666666,0.0065939389716075285,0.3308527969432179,-0.3097468009333334,-0.015294047130745381,0.3380343084875074,-0.3358066350666666,-0.013575278535798135,0.33736997511138656,-0.3497112830666666,-0.00980227987489201,0.32738852508297395,-0.3286438455999999,0.04102758001375444,0.3375426742047912,-0.2030114387333333,-0.07778271393367625,0.29244983834743804,-0.2305808488666666,0.020044007535290623,0.30720952753040065,-0.2675846104666667,-0.011964131569784165,0.2782528806019488,-0.3027887055666666,0.12397698239232131,0.22006513981890746,-0.0554439451433333,-0.14550319574087237,0.2586327408045139,-0.06389742681,0.2407032453625477,0.09497485283989193,-0.0831452602599999,-0.19640971097446752,0.04252090173004088,-0.1742829671,0.35481919540002643,0.09323550312756314,-0.1782647349999999,-0.12610498013566418,0.06989827617171722,-0.3684912452999998,0.37205161762118366,0.10667711028278402,-0.1928533023,-0.08460571688964348,0.08864318900552742,-0.4411699136,0.3632987997959156,0.12597738613099035,-0.2123245745666666,-0.05115493065685475,0.14965586506893472,-0.4447663068,0.3623085306868882,0.08723601740067269,-0.1902214542999999,-0.10889521034372575,0.09357217379527896,-0.359305859,0.07914579072346364,-0.17429437840643536,0.0481300547699999,-0.07732494884564,-0.1838297821880159,-0.04546188095,0.10063953290797761,-0.5143715751571496,0.0509435768566666,-0.02688130487015035,-0.4587209651872741,-0.0556431537199999,0.08043057167735412,-0.7807946418369549,0.2364688352999999,-0.05820030817500154,-0.7811655581112356,0.1213085762999999,0.060453162322269535,-0.8084002724913956,0.2614517594333334,-0.058755832927740566,-0.8080836802970632,0.09789881477,0.09110050312556953,-0.8449718352129354,0.2234140734666666,-0.046283053081675775,-0.8352775672865355,0.0117575134181666,onweer_g_ch1_g19_compr.mp4,ch1g19,3.8772332787849565e-05,0.0003601796443549438,3.459435680154078e-05,0.00013967292506163664,2.642262564449576e-05,0.0003652926422007581,3.654993903748766e-05,1.0469761499855017e-05,2.3713697998969585e-05,3.3349372067701785e-05,0.00030366596575062747,5.255160683425384e-05,3.4748270587937216e-05,3.547293315959373e-05,5.363063498740132e-05,5.6910750239684914e-05,2.3543285421703533e-05,0.0003545955221689487,5.063584875384677e-05,3.319692827771107e-05,0.0004168427382237394,3.285454415364501e-05,3.4655127517367365e-05,3.1779015628565514e-05,2.409349470915175e-05,1.1456437775797094e-05,2.5833100019330357e-05,0.0002801604011354782,3.938154968154418e-05,0.0003719241953840648,1.2810924977406541e-05,2.597450617055674e-05,0.00042859716001422216,0.00048021245045965985,5.607571369427561e-05,0.00016823899268438483,0.0002422283411140256,0.00023260561862839158,0.00023425596748289084,0.0001799633498505481,0.0001681603225268276,0.00016360773269662282,0.0002996773940874174,5.547650905754177e-05,0.0002858292301673994,0.00019522370106716803,0.0003700056732074044,9.562891971467803e-05,-0.00028378823336974566,-0.001544571030039102,-0.004651170851913752,-0.005725521117904052,-0.005871624477190784,-0.006866158957669152,-0.00615589053626186,-0.006764663007584634,-0.005040187273717665,-0.0058639309361169034,-0.00015784149341730152,0.00012525180562040404,-7.977949719453735e-05,-3.750212233061194e-05,6.517509770220443e-05,-0.0003620215911428046,6.350758748533386e-05,-0.0003949216871800107,6.933976056803341e-05,-0.0003976389437255618,3.5655809218731643e-06,-6.4703484591252375e-06,2.969134202975593e-06,-2.616258060319482e-06,1.4308924590721818e-06,-6.059860969710811e-06,2.8397672414463656e-06,1.0712830664658592e-06,5.6049467662351515e-06,6.816850563435284e-07,-3.826425328906888e-06,2.215745043081891e-06,2.3393689567989524e-06,2.8307728155457686e-06,4.958027669988628e-07,2.4633179071225543e-06,5.648462000268483e-07,-5.377689346793609e-06,2.1730088753512988e-06,2.32525225279987e-06,-6.646479845255158e-06,2.711803065940556e-06,2.420064904614645e-06,4.399193672650143e-06,8.286509032728362e-07,-4.7576478193939003e-07,3.8118506902144983e-06,-6.120694878439096e-06,3.461300016973572e-06,-1.849517450180345e-06,-6.701851067768153e-07,2.253373149674511e-06,-6.3218905993682805e-06,2.907612315392252e-07,6.124764815678338e-07,1.6551973541176808e-07,-1.8374620301164695e-07,-4.799911363586103e-07,7.160248481797674e-07,1.8117858695369228e-07,3.610177804834648e-07,1.2350534394675379e-07,-3.4374813271100045e-07,7.356540770772252e-08,-2.7204984244973623e-07,6.472235177162796e-08,1.7040656427477874e-07,4.427843463169834e-07,-5.302653646888191e-07,-2.892452866396246e-07,-8.384160061142569e-08,-2.9233245677491353e-07,4.791798887511402e-08,9.419290887842698e-07,1.613236595915329e-08,6.017877264205208e-08,8.685132312466867e-08,-5.026342429844337e-07,-1.1919294668194107e-07,-2.2064436949581775e-08,1.3387140068335465e-07,-1.1050498801479223e-07,-2.1076048892248885e-08,-1.1550518589180528e-07,1.4326525761031518e-07,7.187586944997439e-07,7.892209049811035e-07
5033.333333333336,-0.005535383870298961,0.31108230637360884,-0.324192653,0.006665481859215084,0.33028491130553644,-0.3187360577999999,0.007428028918764568,0.3312795982269544,-0.3086539656666666,0.006103786176439114,0.3312309998609954,-0.3114911885,-0.015798821530889944,0.3383525824084478,-0.3375790109666666,-0.014083409584103163,0.33768039147531864,-0.3514853149666666,-0.010281552536049267,0.327692500811881,-0.3304019749999999,0.040455112184153284,0.33795706148544674,-0.2046329215,-0.07820211109544799,0.29261301719434635,-0.2323974831999999,0.019618973550874465,0.3076358086948631,-0.2692713752333333,-0.012312774587399428,0.2785817512813648,-0.3045879998999999,0.12384254590931763,0.22050143056388744,-0.0572326993466666,-0.1461861556812541,0.25878273335868746,-0.0655507788166666,0.23993390120275104,0.09478200395536415,-0.0836879497966666,-0.19814999865084634,0.041075844541231615,-0.1739223322,0.3547559588322099,0.08872542787775953,-0.1778428577999999,-0.1281434338749761,0.06444999164750378,-0.3679602841333331,0.37244124592667566,0.10091420490661261,-0.192385228,-0.08694052729080523,0.08203815881597004,-0.4408430765333333,0.3636591593011066,0.11994308659952847,-0.2124987194666666,-0.053125372871869636,0.1432070581171542,-0.4450802087,0.36231858880348666,0.08232535826863122,-0.1900909867,-0.11081305442611465,0.088005092382452,-0.354517579,0.07928563194489431,-0.17444419399457076,0.0479584554833333,-0.07746569774323418,-0.1837123990042267,-0.04528996998,0.10083754991325063,-0.5144403089077624,0.0510997325833333,-0.027409643103351138,-0.4588024362004132,-0.0552966162899999,0.07999082591518394,-0.7807002180359363,0.2366985252999999,-0.059040502884531366,-0.7816310497688886,0.1214475211666666,0.05995478568332609,-0.8083178601412631,0.2616428862,-0.059633086115527145,-0.8085898590538344,0.0979995821366666,0.09064649462442909,-0.8449272871514806,0.2234786094,-0.04717156383038562,-0.8358132125037956,0.0115641140565,onweer_g_ch1_g19_compr.mp4,ch1g19,4.265306690971994e-05,0.00035260127336590003,3.7735820329795666e-05,0.00013522677841008718,2.79522543169893e-05,0.000358062874365088,3.9567046942210186e-05,1.1808009761450897e-05,2.965892263938594e-05,3.371150277556286e-05,0.00029946402856040365,5.508523379976018e-05,3.700682081701966e-05,3.849473219963879e-05,5.422545042100385e-05,5.953885672383764e-05,2.3576446943656468e-05,0.00034865100245801215,5.300964092502306e-05,3.5401207966925136e-05,0.0004090433469925518,3.554020424117331e-05,3.6944626989371626e-05,3.626185882143239e-05,2.4897301799915932e-05,1.091952777318949e-05,2.945673942575501e-05,0.00027364408714637066,4.277287292651458e-05,0.000369674316183287,1.2104484795011403e-05,2.811459802899158e-05,0.0004209326597505441,0.00046950551166302217,5.8565328206337046e-05,0.000270698029518043,0.00033964997977909924,0.00032973144937041755,0.0003319416263778451,0.0002733095531251809,0.0002649501804922565,0.00026004870504218677,0.0003809956282746899,0.00014489102960858028,0.0003845127695605945,0.0002893432365473457,0.00045698320049251197,0.00016718761459703826,-0.00013014411874758968,-0.0013943869210386504,-0.004548382634312813,-0.0055611317494600136,-0.0057692315177006355,-0.006702331462120656,-0.0061179596252586505,-0.00661454667686481,-0.004975083511394349,-0.005712394659913093,-0.00014439826133979918,0.0001141345976189063,-5.932938022568489e-05,-6.86128424939692e-05,2.1866026866836332e-05,-0.00040010284064956634,9.396552001720698e-07,-0.0004358622075626396,2.7726083551660923e-05,-0.00043857064896872066,3.6513659173210854e-06,-4.656822981845277e-06,2.9657366541781014e-06,-2.4470130300260226e-06,7.884806953541887e-07,-4.018106554448251e-06,2.8460999866783733e-06,1.434897153598711e-06,5.479483801383092e-06,3.5851432439604536e-07,-3.125146630279284e-06,1.6425726287463199e-06,2.293051534336887e-06,2.831544741683343e-06,1.1418785162651273e-06,1.8110090729012483e-06,1.6613266870120316e-07,-4.798148078917217e-06,1.615373900419489e-06,2.2756640643716376e-06,-4.092004651808504e-06,2.594182035231385e-06,2.372641508772856e-06,4.217847288278843e-06,2.2009084122528097e-07,-5.78088572463052e-07,3.576461774703331e-06,-5.2373353003458575e-06,3.182495784103558e-06,-1.347535376937417e-06,-7.665169256119228e-07,2.3527400996687446e-06,-4.319415752076191e-06,-8.127119999343094e-08,9.264077740179664e-07,-1.8158629975203412e-07,-3.5451975224384984e-08,-6.903851779806114e-07,1.0938973218586732e-06,-1.6590150531383916e-07,3.268009639981848e-07,-3.7835080772338664e-07,-3.3035204888657346e-07,5.976337165332913e-07,-4.128114799562811e-07,-2.0698117830142462e-07,-1.7078557950981072e-07,2.823400064249566e-07,-6.899337067705993e-07,-4.3521836359142545e-07,5.59654060442286e-07,-4.2874656759959695e-07,-2.159599698894367e-07,1.5465241094727808e-06,-3.229981656589426e-07,-2.0898167946394076e-07,-3.922136030412916e-07,-6.37762461921578e-07,-9.429681007658775e-08,-4.358958178003697e-07,8.096456995719556e-07,-3.396665234370376e-07,4.369069895355974e-07,-7.742239519105312e-08,-3.2923246557105595e-08,1.00544888485211e-06,1.2628262922396096e-06
5050.000000000003,-0.00599960224961496,0.31143570263766995,-0.3259623884,0.006141760042159318,0.3307004520184265,-0.3204326802,0.0069215951058747525,0.3316851191547445,-0.3103192220999999,0.005613902005896647,0.3316375822368575,-0.3132004510333333,-0.01630281529191705,0.33868588116200526,-0.3393255909666666,-0.014592839335019262,0.3380146647807845,-0.3532384375999999,-0.010760350743581613,0.32802610796106635,-0.3321350933,0.03984131370930701,0.33840305341531635,-0.2061930730666666,-0.07863943708530484,0.29281391203476875,-0.2342107881333333,0.01919006829091873,0.3080901286501478,-0.2709420189333333,-0.01266928426525365,0.2789448606499537,-0.3063624867999999,0.12361423207067669,0.22102530026477907,-0.0589920716266666,-0.14691534489518204,0.2589983537830635,-0.06720460493,0.23904896665136158,0.09474801489257166,-0.0841623170899999,-0.19995271104476608,0.03976963936107559,-0.173668931,0.3549290969513304,0.0842603688139079,-0.1772133150333333,-0.13021745604915486,0.0591613719636622,-0.3677102048999999,0.37316850478806435,0.09517775792587244,-0.1917066882333333,-0.08927412132575757,0.07560697637847978,-0.4408753425,0.36436048105829294,0.11385584798147791,-0.2124214877333333,-0.05503974025304548,0.13692772283807628,-0.4456994314333334,0.3625857009502265,0.07740150741284474,-0.1897386239,-0.11273112807444728,0.08257659865958586,-0.415234387,0.07942882189864503,-0.1745690441302527,0.0478027506433333,-0.07761116029177957,-0.1836133380277411,-0.04513475042,0.10105099464634662,-0.5144495023789489,0.05144157882,-0.02794949259711342,-0.4588866757996436,-0.05488673787,0.07965140407205241,-0.7804580326825757,0.2369702716666666,-0.05980826405062744,-0.7819538329432814,0.1215627456333333,0.05956716579971612,-0.8080973840221511,0.2618436937666666,-0.060410457417055634,-0.8089391901495739,0.0980691216333333,0.09030236550749575,-0.8447216098777918,0.2235041504666667,-0.048052476258497366,-0.8362279490269929,0.0114439488884999,onweer_g_ch1_g19_compr.mp4,ch1g19,4.6619107224368905e-05,0.0003480424848044642,4.0658797590889137e-05,0.00013191737921778096,2.9141332956864636e-05,0.00035423073236870716,4.241492772223429e-05,1.3483287642735412e-05,3.550242805246219e-05,3.335391965454005e-05,0.000295607733346592,5.6853363020136384e-05,3.897723612564134e-05,4.1286572710450425e-05,5.493765939004857e-05,6.074103822402787e-05,2.3751593312211366e-05,0.00034230997706205936,5.466612019763816e-05,3.736270439653535e-05,0.0004052398239172134,3.779982535151544e-05,3.8984359044404645e-05,4.041160294618064e-05,2.5472114180160907e-05,1.0192912145189314e-05,3.26764875458136e-05,0.0002680410683367434,4.556955404939644e-05,0.000366240064411124,1.1225675016248416e-05,3.0231555603391083e-05,0.0004167324634556197,0.0004619522993804807,6.030931352842426e-05,0.00037822042169600626,0.00044433284807169227,0.00043411582034574684,0.0004368466537840405,0.0003694449681480778,0.00036348403700478353,0.0003584222172949122,0.00047106616238189387,0.00022162608941354565,0.0004891210165417979,0.0003845026993399875,0.0005404871353560392,0.0002274393798176363,-1.8762462513729629e-06,-0.0012584251119885969,-0.004461050897533598,-0.005473893893517483,-0.005662438082440141,-0.006625808609454599,-0.006061984496070885,-0.0065515990672622626,-0.004915809564805398,-0.005641167141650792,-0.00013007676883598106,0.00010156765518445316,-2.9147469111788088e-05,-9.718561600734577e-05,-1.2922864829888202e-05,-0.00044140981384119526,-4.8141360601991056e-05,-0.00047962221519602617,1.324952330655597e-05,-0.0004662054550358499,3.391990704532089e-06,-2.889747259220723e-06,2.6036018851780106e-06,-2.3094293431390304e-06,1.3288967063180591e-07,-1.9998420377202506e-06,2.4979770033631092e-06,1.7515517486761222e-06,4.722642144056843e-06,1.2761036043201626e-07,-2.0583425430645165e-06,1.353260998808812e-06,1.9499994704909652e-06,2.4825944314438723e-06,1.4222859157063429e-06,1.1819418989848747e-06,-2.3084199394340653e-07,-3.7526006386536564e-06,1.2782154294996885e-06,1.9325450694934137e-06,-1.2493744375333972e-06,2.0815949136804412e-06,2.034311477665115e-06,3.5196312766373814e-06,-3.763468010525255e-07,-6.531669113503441e-07,2.866314141230446e-06,-3.7999444044216335e-06,2.6482671669348663e-06,-4.902390213154476e-07,-8.075847990673581e-07,2.1979183629902205e-06,-2.490726993445291e-06,-4.6916242151116484e-07,7.418306295192603e-07,-4.980385872477977e-07,-2.9019308090413295e-08,-8.145479899201397e-07,9.210746627314958e-07,-4.846026527438477e-07,2.5583913159247706e-07,-8.648252023322089e-07,-2.7344123168430014e-07,9.749365126877879e-07,-5.305140040739835e-07,-4.3289217057623063e-07,-4.814737782929226e-07,1.1201835978027707e-07,-8.075013515425093e-07,-5.280681349868201e-07,1.0432754563979883e-06,-5.393603600394547e-07,-4.3725189309043386e-07,1.4559137788682326e-06,-5.927328618537185e-07,-4.3709155019279964e-07,-8.110068761234663e-07,-6.932452950924599e-07,-5.369142503043439e-08,-7.65993001504523e-07,1.2786623137335955e-06,-4.98139178901174e-07,8.145425212093971e-07,-2.6766421844944625e-08,-2.0199012875421263e-07,6.955665490740158e-07,1.4827947358368265e-06
5066.66666666667,-0.006465478655467993,0.3118391620111476,-0.3275442728,0.005617049114943495,0.33117067417173784,-0.3219502065333333,0.00641405948153355,0.3321460036006716,-0.3118056655666666,0.005123000190952332,0.33210128809259615,-0.3147374391,-0.01680706597288557,0.3390858222984752,-0.3408978253999999,-0.01510362000285047,0.33840905336673816,-0.3548045903666665,-0.011239119639951863,0.3284154193814039,-0.3336903801333333,0.03919796562806369,0.33893194154116085,-0.2076300387333333,-0.0790996968935955,0.2931007783378291,-0.2359137424999999,0.018756503392837708,0.3086163572102854,-0.2724325036,-0.01302816013993451,0.27936805805822656,-0.3079520085666666,0.12331561409052445,0.22166487963939852,-0.06060552317,-0.14767622736954364,0.25928571247866133,-0.0688245587166666,0.23810006460393215,0.094940643135163,-0.0842901548966666,-0.20181407437589569,0.038550405063775856,-0.1733172069666666,0.3552567775820692,0.07981723450965787,-0.1760834722333333,-0.13234847181059625,0.05379420618011416,-0.3668320059666665,0.37411371820768635,0.08946068816075883,-0.1904204542666666,-0.0915867455556452,0.06912456928140742,-0.4401593655666666,0.3653575516500984,0.10764965660482051,-0.2118122572333333,-0.0569165417824142,0.13051191764859807,-0.4455436964333334,0.36305627123129336,0.07246696632803822,-0.1889204607333333,-0.1146868078641077,0.07705886780763384,-0.378670305,0.07957026123199379,-0.17468845134121716,0.0476937208333333,-0.07775467821852086,-0.18351928359172878,-0.0450260765,0.10128759423427562,-0.514519816353447,0.0516511583133333,-0.02851045582342822,-0.45899585411189137,-0.0544477587266666,0.07930697936524156,-0.7804398519185016,0.2367792631333333,-0.06058424976996005,-0.7822862318927817,0.1217830674999999,0.05917198602133461,-0.8081286407436997,0.2615579019333333,-0.06119245824318689,-0.8092992259379712,0.0982461933733333,0.08996233941874192,-0.8446663860795388,0.2231134628666666,-0.04891163813952342,-0.836664880373921,0.0115923334704999,onweer_g_ch1_g19_compr.mp4,ch1g19,5.030329623314079e-05,0.0003470748671072313,4.336081015538082e-05,0.00013021772425306235,2.9604205844515586e-05,0.00035466273226360636,4.505982800564395e-05,1.5140404327926323e-05,4.000045290382452e-05,3.3102931185642614e-05,0.0002939211813058161,5.852873302992596e-05,4.088638600209152e-05,4.384383501294405e-05,5.6434625443965115e-05,6.179756870453597e-05,2.4385308935238263e-05,0.0003388114634675699,5.6236531747438414e-05,3.9251136746285655e-05,0.00040738801391954917,3.970334202485696e-05,4.099174538219307e-05,4.3725881870158474e-05,2.547505878748196e-05,9.444639013092288e-06,3.5229986335152514e-05,0.0002652577612439647,4.732882917665976e-05,0.00036512722196188114,1.035174268364942e-05,3.221775541803187e-05,0.00041699171039226305,0.0004593083560488636,6.173755844869726e-05,0.00047104907908835535,0.0005348668678411759,0.0005239047597059908,0.0005271171545362609,0.0004506272659540596,0.00044622909921486476,0.0004411449472761902,0.0005474001761262675,0.0002775969103811827,0.0005786785541335758,0.00046400672332954566,0.0006032428586931309,0.00027140714018674317,7.908813855599965e-05,-0.001157200837040019,-0.004422028182553365,-0.005475001312211414,-0.00560761241082691,-0.006652383372720984,-0.006050131719828842,-0.006604629836374708,-0.0048952214962891556,-0.0056656023967664995,-0.00011670330066031625,8.911714232736209e-05,-7.440389007302231e-06,-0.00012437438162845246,-6.716277960907927e-05,-0.0004854749741089819,-0.00011299962650072442,-0.0005261452001670427,-4.158943889814208e-06,-0.0004816299108410514,2.7262785693289767e-06,-2.0135077587731774e-06,1.9038441405497588e-06,-2.300969934476459e-06,-5.1850103731923e-07,-8.835633496209399e-07,1.8165458366678896e-06,1.9611015665883043e-06,3.381009700552138e-06,-5.373202615210568e-08,-6.843799133137203e-07,1.1148607680179407e-06,1.3364872210399073e-06,1.803691833641129e-06,1.3087047480585454e-06,5.391801817996813e-07,-6.406164764577985e-07,-2.3167484166299596e-06,9.78569206765225e-07,1.322797168541664e-06,6.323554926540241e-07,1.2574692234361475e-06,1.4204659897125112e-06,2.380123847161285e-06,-8.952386469743383e-07,-6.987031362690326e-07,1.7810727814956606e-06,-1.9982851357364722e-06,1.979728687228412e-06,6.072491119720738e-07,-8.08006934193708e-07,1.8024684222393759e-06,-1.692296053127422e-06,-8.248695922014792e-07,8.483558687379352e-08,-7.534925873834074e-07,-2.0675020564925912e-07,-8.298014003490049e-07,2.1487391563587727e-07,-7.434266105180444e-07,1.6310278394121717e-07,-1.2393072382054694e-06,-2.2630400755684286e-07,1.1307861298404214e-06,-6.499353954538637e-07,-6.022787249041875e-07,-7.323075653097041e-07,-6.374149160027916e-08,-9.289901957550084e-07,-5.68400838048928e-07,1.2405708389859744e-06,-6.482656623038954e-07,-6.057107480368538e-07,6.435155427714894e-07,-7.690739677277647e-07,-6.1154825263093e-07,-1.1062794348701108e-06,-6.559975324994284e-07,-7.891421337909525e-09,-9.699715198478577e-07,1.4538507819950442e-06,-5.680771004610837e-07,9.796045721599134e-07,2.389791252006852e-08,-3.478728146279177e-07,-1.683301770993097e-07,1.4723069647309498e-06
5083.333333333337,-0.0069266963947747975,0.3122733077357631,-0.3292128432333333,0.0050852845085580375,0.33167252810073033,-0.3236082090666666,0.005899323883940655,0.3326378520938648,-0.3134302666333333,0.004624055521791931,0.3325969904878131,-0.3164109458,-0.017311614543621442,0.33951922860534084,-0.3425891717666666,-0.015612611221986736,0.33883197985335356,-0.3564868231666666,-0.011714497078244564,0.328831587061548,-0.3353606174666667,0.03853980350600227,0.3394779302603145,-0.2093573868333333,-0.0795581556216823,0.2933940303369583,-0.2378065654666666,0.01830681088407982,0.3091751496503799,-0.2740369941,-0.01338327103709476,0.27980847871488673,-0.3096419333666666,0.12297311932178107,0.2223038703496782,-0.0623917158033333,-0.14841884132613953,0.25959051252058335,-0.0704719967,0.2370856761784087,0.09518273476072069,-0.0843819902566666,-0.2036744554945342,0.0373974293770555,-0.1731140058,0.35558049357534416,0.07541986009674934,-0.1741368585333333,-0.13430660350985837,0.04823046583902442,-0.3659038861333332,0.3750281234786201,0.08384312705144702,-0.1882519191,-0.09361567052177472,0.062388942447411944,-0.4393243044666666,0.3663357821246041,0.10151439296398518,-0.2101418852333333,-0.05845473517118736,0.12378261130996461,-0.4451676626666667,0.3635309620484015,0.0675796575671979,-0.1872095590666667,-0.11643431115494485,0.07130429245777607,-0.414798617,0.0796970604226133,-0.1748052523530105,0.04759076834,-0.07788418196647931,-0.18342750362192295,-0.0449241165466666,0.10155431514818941,-0.5145470636459899,0.051730959,-0.029051555927348562,-0.4591254152913537,-0.0539948900866666,0.07895698955370548,-0.78063621309451,0.2362510089999999,-0.06135619109601455,-0.7827656174180492,0.1217192813333333,0.05875853943452638,-0.8083775917065866,0.2609171947,-0.06197134088052372,-0.8098195390703568,0.0981066810033333,0.08962893521783331,-0.8446918674362306,0.2224378660666666,-0.04975980407710553,-0.8370841829760879,0.0114494293471666,onweer_g_ch1_g19_compr.mp4,ch1g19,5.2594835160112025e-05,0.0003483296028465236,4.496752089478458e-05,0.000129414274380749,2.835556709685719e-05,0.0003575869656372814,4.657939403653816e-05,1.7359887664704122e-05,4.272942517020756e-05,3.2943914821755756e-05,0.0002953016572636787,5.909683714446875e-05,4.197773803433845e-05,4.5324194109701554e-05,5.840338818195432e-05,6.24928704214921e-05,2.3722326557456106e-05,0.00033849917547319747,5.67334741228477e-05,4.037644958982086e-05,0.00041218677710092835,4.069127711646559e-05,4.219995067885874e-05,4.5652387711980315e-05,2.411618434552269e-05,8.716822370437941e-06,3.667332710977412e-05,0.00026567502965767366,4.884790230732787e-05,0.00036678483311726267,9.480720355940058e-06,3.3761939771552404e-05,0.00041922739915061484,0.00046051682245869203,6.164639027092392e-05,0.0005258076591555355,0.0005861379778238809,0.000573827110564215,0.0005775868665347545,0.0004954852434191752,0.0004917451097399736,0.0004869270342651896,0.0005861537314653251,0.00029190117427579877,0.0006306152419569893,0.0005107040778316256,0.0006353513903606858,0.0002827875523825071,0.00011581791324449011,-0.001107918528490897,-0.004434860396704652,-0.005535921249814915,-0.005610550207564486,-0.006734581970622963,-0.00608766923934766,-0.006718297368397398,-0.0049254558251951705,-0.005750560533637689,-0.00010304012850764931,7.586240272821914e-05,8.851194560219336e-06,-0.0001454086587609647,-0.00010884283553157844,-0.0005127173347664187,-0.00015797052005906152,-0.000553530775076526,-5.0173271164615736e-06,-0.0004755909068457256,1.714726422450743e-06,-2.609660281794289e-06,9.94464805066403e-07,-2.551400131094584e-06,-1.3509518673303014e-06,-1.3382998261261755e-06,9.202500535878207e-07,2.082521159410398e-06,1.7925627342840207e-06,-2.2318253232378712e-07,6.447291195865936e-07,6.291767551532638e-07,6.060938719787229e-07,9.178837066152953e-07,8.888954056594039e-07,-2.5881535728211753e-07,-1.124920255902153e-06,-8.708353038365956e-07,4.649688250739932e-07,5.967203998920107e-07,5.987107337368653e-07,3.3938132983811095e-07,6.775175498541516e-07,1.0525313355551563e-06,-1.5150194187908148e-06,-7.007270384334627e-07,6.233077809288967e-07,-3.0536755139011013e-07,1.3634676591910367e-06,1.7187868707422749e-06,-7.692932447776957e-07,1.3228414010245242e-06,-2.662848967868211e-06,-1.0950808700088676e-06,-8.287190548336188e-07,-9.13515870039852e-07,-5.239035366330567e-07,-7.037368128605079e-07,-7.830137686677859e-07,-9.056918249641266e-07,4.748563475455814e-08,-1.4442490858887836e-06,-2.153890406312482e-07,1.0197721615587115e-06,-7.564144899882845e-07,-6.971017102348246e-07,-8.908026205376203e-07,-2.148046261876758e-07,-1.0467656349000548e-06,-4.971829674729399e-07,1.1217867666007582e-06,-7.41319702363559e-07,-7.035041688137106e-07,-5.704351183328992e-07,-8.376545490197974e-07,-7.127770584797036e-07,-1.2477692347914106e-06,-5.079618767834167e-07,3.5206071263186415e-08,-1.0340683994242682e-06,1.3142416024625261e-06,-5.888181989677658e-07,8.758812358743034e-07,6.683132027400115e-08,-4.6520910685430627e-07,-1.27572220495054e-06,1.6536693153759148e-06
5100.000000000004,-0.007440090491881032,0.31279120606949734,-0.3310350218,0.0045137104966115164,0.332249864210719,-0.3253507498666666,0.005340124931587538,0.3332032959779338,-0.3151395788333332,0.004078881898657322,0.3331659441193632,-0.3181644200666667,-0.017878129001574608,0.34001877638447076,-0.3443273524999999,-0.016180594395466777,0.33932177702540084,-0.3582192977333333,-0.0122480563914005,0.32931475662889714,-0.3370825201666667,0.037866602124845515,0.3400531537073258,-0.2109995474666666,-0.08008738875102205,0.2936967467003472,-0.2395279605333332,0.017807912922464905,0.30979521423330847,-0.2757601276333333,-0.013796053291298616,0.280311265291256,-0.3114289104333333,0.12261651190146419,0.22295484358356854,-0.0641010729566666,-0.14919881523065284,0.25989118096435365,-0.0719188834366666,0.23607747324476672,0.0954115320164401,-0.0847763589399999,-0.20553908917993116,0.03638702093874572,-0.1732456024333333,0.3558037459697145,0.07110797833146677,-0.1733220412,-0.1358927388498274,0.04272864464559215,-0.3662964105333332,0.3757240161978962,0.07834892888113412,-0.1873885627,-0.09511136694442335,0.05568261168310562,-0.4400511950333332,0.36704623003703424,0.09550553048360531,-0.2098394177333332,-0.059350546083750955,0.11702362981712844,-0.4462728937,0.3638700723259102,0.06277181237519654,-0.1866316518,-0.11772559849338524,0.06555870397204203,-0.411834806,0.07981584280757106,-0.17491099895053216,0.0474864946066666,-0.07800608477837948,-0.18334696276761456,-0.0448152049499999,0.10180187777335728,-0.5145112481630432,0.0516702435966666,-0.029596450826750793,-0.4592547473107688,-0.0531989151299999,0.07856575440666108,-0.7808772842046623,0.2361273996333333,-0.06218877417039583,-0.7832796317791134,0.1223113285666666,0.05830611988118883,-0.8086801053217885,0.2607663184666666,-0.06282740201773183,-0.8103774205871153,0.0986752956699999,0.08923601995061647,-0.8448410345911871,0.2220568071333333,-0.05066740752796682,-0.8375506421253359,0.0117180759871666,onweer_g_ch1_g19_compr.mp4,ch1g19,5.3325543945224104e-05,0.0003494893681459395,4.5255993079700226e-05,0.0001287734786283861,2.7229161368317783e-05,0.00036017758634014727,4.676876330799019e-05,1.9941894063209214e-05,4.3361830511446263e-05,3.3015575943748675e-05,0.0002985451131438429,5.8730968859678786e-05,4.204954015449649e-05,4.5543124880635835e-05,5.956398741795089e-05,6.174407880718376e-05,2.379511690910364e-05,0.00034076821804918545,5.640852544721042e-05,4.0477207362783945e-05,0.00041709311185000425,4.042524602761288e-05,4.238236550357852e-05,4.578592850980074e-05,2.2975850603705563e-05,8.053863977964423e-06,3.659215644623002e-05,0.00026817624714949343,4.995014306065782e-05,0.00037155279386933565,8.716063762995173e-06,3.477196730559611e-05,0.00042040477076636055,0.0004628085947531824,6.090822156402519e-05,0.0005246374709794856,0.0005835385076956858,0.0005693621253385321,0.000574019558195136,0.0004915880623881712,0.0004858857103815268,0.0004810533232886777,0.0005769776906404896,0.00026094629398801304,0.0006297346579297796,0.0005078096825936093,0.000629850402979542,0.0002585323364518146,0.00012876056092383896,-0.001101038509711496,-0.004472510061229285,-0.0056106597393974006,-0.0056512029990594724,-0.006819133444264417,-0.006166584361696111,-0.006850039174904429,-0.004975857001470604,-0.005845277580818708,-9.10545442106235e-05,6.396806363562517e-05,1.5336674070786825e-05,-0.00015539355006004909,-0.0001267819286653897,-0.0005186140890340695,-0.0001712119792905911,-0.0005563214872381625,1.7835382804591026e-05,-0.0004494858943588004,4.520521598675157e-07,-4.179028263484789e-06,-4.9292133624950406e-08,-3.1697250051504736e-06,-2.209858029719957e-06,-2.877412353779804e-06,-1.0759940860121442e-07,2.1075344272134953e-06,1.963711920250952e-07,-3.984116774765033e-07,1.7870025261555344e-06,-1.6749328629068255e-07,-1.9781332883806615e-07,-1.006646412129141e-07,4.0519316385789003e-07,-1.3254251175587633e-06,-1.691078127205821e-06,3.9148630264449387e-07,-3.091273505051749e-07,-2.1335273587210693e-07,-8.212715599337374e-07,-6.080138972327975e-07,-1.4837615893034115e-07,-3.1884687345488635e-07,-2.145712013509527e-06,-6.578912588327494e-07,-5.054692478153838e-07,1.1002348875810325e-06,7.560891525358683e-07,2.7651383651195216e-06,-6.935056980989362e-07,7.520627580682585e-07,-4.741132881760793e-06,-1.2502338303690641e-06,-1.699677809786509e-06,-9.655647010765545e-07,-9.19527041466348e-07,-4.827224280587392e-07,-1.7320117486254298e-06,-9.593997899091296e-07,-7.418457806194421e-08,-1.4468325384190384e-06,-2.4679127446397264e-07,7.099278028492048e-07,-8.169333710491029e-07,-7.161625287594748e-07,-9.458778880754236e-07,-2.869204823932656e-07,-1.0824534320731088e-06,-3.299163100384778e-07,7.568319783647114e-07,-7.930336653011182e-07,-7.256493055685007e-07,-1.7791633256207097e-06,-7.962888791683561e-07,-7.370870986208063e-07,-1.2200683469578839e-06,-2.922758617124523e-07,6.853670657969272e-08,-9.553962712938973e-07,9.424195231475477e-07,-5.730509545056082e-07,5.19157023765261e-07,9.299290006385255e-08,-5.435244005779994e-07,-2.2407566441855854e-06,2.16908103995562e-06
5116.666666666671,-0.007933287140920944,0.3133467682018789,-0.3333467609333333,0.003947770237073698,0.3328606245584368,-0.3275570942666667,0.0047864715140288495,0.3337974174825487,-0.3172992697,0.003537763738628881,0.3337661971201843,-0.3203722794333333,-0.018440195780582726,0.34053427469761827,-0.3464996986999999,-0.01674211967359961,0.33983041431474775,-0.3604005734333332,-0.012779301206087751,0.32981852118728655,-0.3392355979,0.037187059390389084,0.34063584299258703,-0.2129872704666666,-0.08062081247071833,0.2939955648561026,-0.2415117143666666,0.01731583037845681,0.31044216234543176,-0.2779362375999999,-0.0141987850689063,0.28083709178513144,-0.3136853843333334,0.12225365979125427,0.22358279822381402,-0.06590886881,-0.14999045857532964,0.2601758375036908,-0.0735589506733333,0.23511436018731022,0.09555149378057191,-0.0851950130366666,-0.20733674910503921,0.03543253781370421,-0.1740174105666666,0.35581805496659974,0.06669942555605611,-0.1727765453999999,-0.13704925664141596,0.03716104785847915,-0.3678007393999999,0.37606450140710385,0.07288603250975476,-0.1868519976999999,-0.09611387043301457,0.04891425826752074,-0.4420528401999998,0.36742725353567957,0.08951512051790071,-0.2099140690666666,-0.05976811485877113,0.1102057486753982,-0.4485391626333333,0.3639876152228471,0.057858865530143,-0.1863284767333333,-0.11858199348622553,0.05972995094125952,-0.40179044,0.07991652152021553,-0.1749991967126044,0.04738281394,-0.07811098816525723,-0.18328943166898246,-0.0447014710933333,0.10216979435776993,-0.5145153635825014,0.05178406537,-0.03013147949000427,-0.45940876249987844,-0.0520393327166666,0.07824632550136057,-0.7811851050316395,0.2364135689666666,-0.06298767965613787,-0.7838687714752182,0.1234096017666666,0.05792026560471066,-0.8090385276713853,0.2610773583333333,-0.06366208486358722,-0.8110092206112739,0.0997869419366666,0.08887451024321273,-0.8449971922566617,0.2221807783333333,-0.051607192035449646,-0.8380200794119171,0.0125242055871666,onweer_g_ch1_g19_compr.mp4,ch1g19,5.2753114878438584e-05,0.00034461537092975587,4.458805343239344e-05,0.00012544523344819983,2.43004586416699e-05,0.0003567380754878253,4.6004953616303824e-05,2.2111595404322473e-05,4.20988981576818e-05,3.2731785594317486e-05,0.00030162413705258706,5.798597959567536e-05,4.152319622506466e-05,4.483329465491582e-05,6.0234415777147045e-05,6.0229692727359343e-05,2.1525886163553367e-05,0.0003426228275898914,5.5554939560173583e-05,3.9954856407799234e-05,0.000415818734201001,3.940713178332945e-05,4.192727883416137e-05,4.4655396310291725e-05,2.0255143876448216e-05,7.4497523329435055e-06,3.550153730349793e-05,0.0002706573450559641,5.027615470523089e-05,0.0003756903841005452,8.084005930161409e-06,3.537990811158564e-05,0.00041444770301286133,0.00045976063745462595,5.913224300658785e-05,0.00048327267157153176,0.0005380634896431149,0.0005212496791478238,0.0005265320845865161,0.00044853285825224696,0.0004405393487873804,0.00043576950001648576,0.0005251777610907132,0.00020508502776245773,0.0005863931107752859,0.0004693007371381091,0.0005925602424954369,0.00021416096468928686,9.919424043200547e-05,-0.001085665763600895,-0.004504955763734928,-0.005583597160967752,-0.005684125428243287,-0.0067846503414777225,-0.0062332333382494436,-0.006878136442065774,-0.005018599861645943,-0.005841291185349932,-8.272199778860271e-05,5.477438678621737e-05,8.01103545073008e-06,-0.00014988797080361314,-0.0001246943207432212,-0.0004980018831570302,-0.00015748289891892104,-0.0005309993751764289,3.8063131317656115e-05,-0.00041015515138899714,-8.973109150068344e-07,-6.56486648839539e-06,-1.0283822007524105e-06,-4.169564144551611e-06,-2.756240172037252e-06,-5.375141836218535e-06,-1.082227877634065e-06,1.9272719666049424e-06,-1.2367745012481719e-06,-6.192235512353536e-07,2.307210697559905e-06,-1.1644901982139134e-06,-8.791471745925834e-07,-1.0568600192650691e-06,3.2980656586799755e-08,-2.5418946552834574e-06,-2.0426172939709607e-06,1.0900524750059627e-06,-1.242948292471787e-06,-9.109468191494507e-07,-3.5838744820253924e-06,-1.340995347999796e-06,-8.564628112001256e-07,-1.4824353432953754e-06,-2.4768955512883364e-06,-5.529457592446748e-07,-1.3471154219106387e-06,1.753451353457107e-06,2.5002622514865845e-07,3.357522539280587e-06,-5.726954911097701e-07,2.4139726374991427e-07,-7.773508730860252e-06,-1.2759630839817878e-06,-2.126203719764275e-06,-9.035826992144161e-07,-1.2181793566547363e-06,-1.3951808828996865e-07,-2.220413108300505e-06,-8.990492379313426e-07,-1.6485098111529586e-07,-1.2624072740858715e-06,-3.008992306490013e-07,3.6410525994282094e-07,-8.350347286917338e-07,-6.606326752001354e-07,-8.902949362418007e-07,-2.7891041387994723e-07,-1.0341252452403712e-06,-4.764017333786462e-09,3.614196720133988e-07,-7.985671294692123e-07,-6.701504774104022e-07,-2.4943387086831907e-06,-6.530707036298897e-07,-6.838227260811733e-07,-1.0364324629026556e-06,1.7089231252801138e-08,8.90213314326971e-08,-7.553218941941109e-07,5.226646409683113e-07,-5.316342647962633e-07,1.313935718859082e-07,9.960426356379426e-08,-5.805302705002141e-07,-2.6298812331383345e-06,2.5210459235817985e-06
5133.333333333338,-0.00836614071929809,0.31386667923941797,-0.3362871713333333,0.00340556330356,0.3334285610475246,-0.3304225905333334,0.004252477371326971,0.33434315234485074,-0.3201153358333333,0.0030099642756486345,0.33431814725917125,-0.3232278227333333,-0.01898113733044718,0.34097942496382455,-0.3493597341999999,-0.017275966731967563,0.34027684581343437,-0.3632827997666666,-0.01328755753522155,0.33026295587501925,-0.3420761715,0.03648759451846595,0.34114228755443227,-0.2156155199,-0.08117382704197443,0.29413780112731636,-0.2443143118333333,0.0168608659995079,0.31104550456203706,-0.2807421779,-0.014555096047534584,0.2813170122934902,-0.3166220922666667,0.12188998905629796,0.22413790801021236,-0.0682501758866666,-0.15080620620117946,0.2603304362119725,-0.0757497351566666,0.23415281712057254,0.09542012064459317,-0.0862270063799999,-0.20902296644398402,0.034277938455016664,-0.1754411956666666,0.35561120548081454,0.061990813581885344,-0.1730706759333333,-0.1379263773411373,0.03143140184600025,-0.3699963450333333,0.3760361356122976,0.06710886195637536,-0.1871395374666666,-0.0968500501574606,0.04199502924408406,-0.4446395685333332,0.3674245607550575,0.08322421715846064,-0.2107124926666666,-0.059929798857274695,0.10320108700270644,-0.4513522207333333,0.3638424476353255,0.05263933055451175,-0.1868119717333333,-0.11915790098326685,0.05371090891832643,-0.354564041,0.08001155862806814,-0.1750689914325027,0.04727001724,-0.0782114394243351,-0.18325090099192037,-0.0445737275366666,0.1025734266660467,-0.5144496599925826,0.0519029552766666,-0.03063587996823918,-0.45956988319400166,-0.05096129337,0.07798027650631484,-0.781250915955471,0.2368847014666666,-0.06371676568944686,-0.7844529685804235,0.1245491342999999,0.05759822121063893,-0.8091297705583,0.2616035769666667,-0.06442258656124672,-0.8116346042970316,0.1009707674366666,0.08855188316748765,-0.8448888079009401,0.2225690141666666,-0.052566871393860334,-0.8384735644494248,0.0134637889304999,onweer_g_ch1_g19_compr.mp4,ch1g19,5.0985199938641565e-05,0.00033809829131378993,4.289567235462664e-05,0.00012019592992250158,2.0375277347163296e-05,0.00035135551701465415,4.427118564684821e-05,2.369277200657205e-05,3.947371186732862e-05,3.2077813877258446e-05,0.0003051924390581477,5.667728077881198e-05,4.026133580231954e-05,4.315009680155221e-05,6.038197526516138e-05,5.6937769960233504e-05,1.8317763832086646e-05,0.00034537116704394126,5.407577922525282e-05,3.864285334548732e-05,0.00041331873223501565,3.753027018210948e-05,4.064589662519387e-05,4.216265556298932e-05,1.6599944307256882e-05,6.9684130207651785e-06,3.335225757399234e-05,0.00027368446719098577,5.011289551686334e-05,0.000381375783810256,7.645092913240153e-06,3.544323946085525e-05,0.00040641324860966535,0.0004553094405761598,5.656631550509822e-05,0.0004020401560008477,0.0004526341223930378,0.0004325514182456414,0.0004383240375869411,0.00036970694022982886,0.00035924692565788863,0.00035471364533316716,0.0004342884745984602,0.00013207232696548112,0.0005039729243250363,0.00039747169923938914,0.0005297737211378096,0.00015633426017290064,4.58827847455527e-05,-0.001079398137480022,-0.004541909961763143,-0.005521245622826646,-0.005731036695085535,-0.006705649517029524,-0.00632520213782847,-0.006876141385070144,-0.005065515063916783,-0.005798881972737333,-7.765881720127782e-05,4.81513518454158e-05,-1.4405645479325043e-05,-0.00013076484751634157,-0.00010324972345020901,-0.0004520792147566793,-0.00011890865984658673,-0.00047875484420866913,6.183605650082665e-05,-0.0003598565319697696,-2.186352919278728e-06,-9.346518921278267e-06,-1.893703830596453e-06,-5.535717279486007e-06,-2.7910828527137704e-06,-8.375006643002922e-06,-1.9524031698165767e-06,1.6272959270907306e-06,-2.2816363982442208e-06,-8.95162576763609e-07,1.9356992188005176e-06,-2.1501595109964407e-06,-1.4436263749737152e-06,-1.9056624943826034e-06,-1.8465732241502096e-07,-3.6823795782176383e-06,-2.045291330096287e-06,7.653139777139924e-07,-2.1508254656992657e-06,-1.4928301430692391e-06,-7.129941065254204e-06,-1.8759386483798605e-06,-1.4442958318298343e-06,-2.3761479230481325e-06,-2.366058890861019e-06,-4.2643682877145054e-07,-1.9117123072413575e-06,1.4222292725009825e-06,-1.5337211030458265e-07,2.925712049684415e-06,-4.465248077116223e-07,-2.388484464290784e-07,-1.1166539819088518e-05,-1.1734377904773631e-06,-2.091982943189724e-06,-7.357387876148703e-07,-1.3574328863982067e-06,2.687956098795194e-07,-2.21066131481115e-06,-7.347626925600333e-07,-2.0533709703383017e-07,-9.513058896621293e-07,-3.57094067339843e-07,4.725988096073916e-08,-7.897038715760915e-07,-5.341404695963124e-07,-7.320893057892609e-07,-2.0667007195107515e-07,-8.51547411921902e-07,4.1195727298034603e-07,-5.868270949412547e-10,-7.404962468053642e-07,-5.383478983700717e-07,-2.651730960929974e-06,-4.266385973517267e-07,-5.538507195279936e-07,-7.253669862419532e-07,3.731678419395397e-07,9.377463362761798e-08,-4.647864610226167e-07,1.3848806886221024e-07,-4.888900997134703e-07,-2.584658637059632e-07,8.600255401655426e-08,-5.720865523840211e-07,-2.446319910808364e-06,2.506174004240239e-06
5150.000000000005,-0.008802058182370145,0.3143083862165577,-0.3391849713666666,0.0028550376262277306,0.3339230256011744,-0.3332726551666667,0.0037114022320455437,0.33481578495200526,-0.3229226808333333,0.0024755933649018226,0.334796951809266,-0.3260710428,-0.019524657192388682,0.34136702069944797,-0.3522017240333333,-0.01781285885486495,0.34065823790616845,-0.3661409964333332,-0.013797274221557488,0.3306405398291369,-0.3449022294,0.03577280394739313,0.3415936565274351,-0.2183281610666667,-0.08172541003895337,0.29420110072343575,-0.2471557938999999,0.016408616765509365,0.31159501151819813,-0.2835396543666666,-0.01490647465699619,0.2817392044789391,-0.3195164729666667,0.12152798755662628,0.2246110799452665,-0.0707799959866666,-0.15157890163729576,0.26040312007924277,-0.0779182922966666,0.2332041996009104,0.09525572959620279,-0.0874865570699999,-0.21066718492333622,0.03312229299800711,-0.1765659854666666,0.35539553906435717,0.057360316513793426,-0.1728662315,-0.13876026997214666,0.0257215428045772,-0.3706291973666666,0.3759904937167993,0.06133233540647151,-0.1867132499999999,-0.09753019146070445,0.03502797754586989,-0.4452431569666665,0.3673902454314719,0.07690412377695216,-0.2107515088666666,-0.06005765842405626,0.09603056776594239,-0.4523244738,0.3636772387625481,0.04751366055753129,-0.1867330864999999,-0.11968590528365795,0.04769602579151748,-0.356708467,0.08010525620583328,-0.17513806043251648,0.04715327012,-0.0783099317923442,-0.1832129438212486,-0.0444439797733333,0.1029890698249401,-0.5144789773575487,0.0516800773666666,-0.03114513870236017,-0.4597360078208556,-0.0502379746166666,0.07772627817404915,-0.7813289768944588,0.2368917199,-0.06446235929834168,-0.7849948137532026,0.1256442427333333,0.05729279907507993,-0.8092136327880722,0.2616279989666667,-0.06520219344666439,-0.81221346354813,0.1021466821366666,0.08826505496725176,-0.8447659228622567,0.2225743452999999,-0.05353575752657405,-0.8389159512461233,0.0144536726338333,onweer_g_ch1_g19_compr.mp4,ch1g19,4.8243681186048064e-05,0.0003251016365003459,4.042320698214846e-05,0.00011326378224309318,1.7347736100918912e-05,0.0003391379960274452,4.176032285288129e-05,2.5017965812333068e-05,3.6422084902984286e-05,3.124757689650581e-05,0.00030572795531494965,5.513792079576167e-05,3.838349168413024e-05,4.069077659247037e-05,5.863128861635325e-05,5.304250736288054e-05,1.5624208628516157e-05,0.0003445718888446187,5.231937579223471e-05,3.669292158313893e-05,0.00040232542276800803,3.519158636086364e-05,3.8736395079210825e-05,3.906976060106261e-05,1.3977674615441768e-05,6.6058699615599704e-06,3.084172697656127e-05,0.00027369250875649035,4.97973223624593e-05,0.00038301595003113656,7.315259012907255e-06,3.478826547846132e-05,0.0003909968446282962,0.0004436946875695601,5.415433935470213e-05,0.0003103137353293793,0.00035462012468929046,0.00033147809590039436,0.0003375518270370753,0.00028150419761432613,0.0002693704962044325,0.00026521557004645976,0.0003311904086524796,6.703922028868037e-05,0.00040964489193025445,0.00031896801963772763,0.00046210988693139307,0.00010388179637215789,-4.794220284611855e-06,-0.0010552336219306778,-0.004526219917259556,-0.005333644547398398,-0.005717382468447535,-0.006481712283646299,-0.006347887200568864,-0.006714956941503818,-0.005059539895264557,-0.0056265533219727,-7.304475751050577e-05,4.1920646498484675e-05,-3.594801511316885e-05,-0.00010913107368465425,-5.398216199522645e-05,-0.00039441560823259586,-5.385198178282833e-05,-0.0004147741386731681,9.016390845380464e-05,-0.00031962288047283026,-3.3378839966480643e-06,-1.198807549192917e-05,-2.535860409318108e-06,-7.200319007449753e-06,-2.3689712722887146e-06,-1.1253479556619494e-05,-2.6031326535212275e-06,1.383822905529464e-06,-2.9804417382796766e-06,-1.3255211347886316e-06,1.4844335401811569e-06,-3.075490182696321e-06,-1.8636022263394583e-06,-2.5456311806836613e-06,-2.0412711431462623e-07,-4.686471135071172e-06,-1.561210001480577e-06,1.9491917444906285e-07,-3.0071864839397136e-06,-1.9212933302777238e-06,-1.079027886007681e-05,-2.148090629269167e-06,-1.889024681517958e-06,-2.92051908656372e-06,-1.8794510223539496e-06,-3.0894011467880157e-07,-2.164359748804119e-06,9.447851754568871e-07,-4.601349456669849e-07,2.1852036055202088e-06,-3.4866965598867076e-07,-7.045868726505419e-07,-1.4291262652672575e-05,-9.734287854157174e-07,-1.4391881048255257e-06,-5.060294846381356e-07,-1.2905904962436778e-06,6.299365201324947e-07,-1.532155747336828e-06,-5.088644109216927e-07,-2.1631220456628468e-07,-5.969842544370572e-07,-3.974045547553887e-07,-1.1298381715768904e-07,-6.979595985570712e-07,-3.6804245168377275e-07,-5.127415630726493e-07,-6.597722503794818e-08,-6.003282833143421e-07,8.070492286156311e-07,-1.6222395398080002e-07,-6.386387208154557e-07,-3.6294953269249046e-07,-1.9705515895607437e-06,-1.765140247134298e-07,-3.8007003285954495e-07,-3.7032918761556417e-07,6.744025998170221e-07,8.358251515941735e-08,-1.5899666538944752e-07,-6.737169440446634e-08,-4.5736749530174314e-07,-4.515648420718561e-07,5.869897163900514e-08,-5.139442113762943e-07,-1.53402658332974e-06,1.9354012941755586e-06
5166.6666666666715,-0.009253146490769106,0.314598890067345,-0.3420689361333333,0.0023007937849678123,0.33425670601182916,-0.3361732188666667,0.003166726004552275,0.33512634881074127,-0.3257835343666666,0.0019371550048093334,0.33511283817235904,-0.3289619187333333,-0.020075991992200407,0.3416341694626305,-0.3550826579,-0.01835831303970011,0.3409095485858291,-0.3690291484333333,-0.014314816479681611,0.33088793357847096,-0.3477668375666666,0.035073175516309396,0.34189268083290497,-0.2212164685333333,-0.08229151030634274,0.2942261442263664,-0.2501103499666666,0.015947456547175245,0.31198088473746827,-0.2863380755666667,-0.015274968735018128,0.28204168316416994,-0.3223734477666667,0.12116894930188572,0.22501574048670006,-0.0734520929,-0.1523978356940127,0.26045871189989905,-0.08000134624,0.2322335431560949,0.09509244681690929,-0.0887191386533333,-0.21224647290278292,0.03201247600598924,-0.1775132751333333,0.3549592789902928,0.05270059663748185,-0.1726671167,-0.13968436322203978,0.020303326811212382,-0.3709548344,0.37570499379874295,0.05543370545459255,-0.1862600937666666,-0.0983241395546148,0.028437026764386596,-0.4455826848999999,0.36706302820882664,0.07038076477613703,-0.2106969179666667,-0.06022089086931868,0.08918272525577049,-0.4530437131333333,0.3632734028485564,0.042315189097617056,-0.1865867084,-0.120276503005918,0.04197675055032032,-0.34701252,0.08020350387253054,-0.17520238906701138,0.0470313936466666,-0.07841404846880676,-0.18318036514550484,-0.0443071881066666,0.10343421477447316,-0.5145068235190134,0.0512433927533333,-0.03161590823004157,-0.4598564147467421,-0.0497496823766666,0.07756653156267226,-0.7812518445152982,0.2371623702,-0.06518235164527268,-0.7853827573307389,0.1266829122999999,0.05709460659100817,-0.8091133174271623,0.2619858632666667,-0.06595638090319887,-0.812606260848088,0.1032714560366666,0.08805930546112693,-0.8445300823008829,0.2230016956999999,-0.054287217484039085,-0.8391813093766504,0.0154887578304999,onweer_g_ch1_g19_compr.mp4,ch1g19,4.4684106033587775e-05,0.00030855790895775113,3.7585561661507234e-05,0.00010446894436776067,1.5274612494144958e-05,0.0003229591260389206,3.8878829315004625e-05,2.6114922100468024e-05,3.3307282246759416e-05,2.9663981166712825e-05,0.0003061704052180225,5.2131906238177694e-05,3.618950505355085e-05,3.786975455414174e-05,5.732593638080928e-05,4.809584958079439e-05,1.4014085081103121e-05,0.0003437885255010481,4.9276596652295334e-05,3.440296887619732e-05,0.0003860521750347972,3.277297687175905e-05,3.649128697119408e-05,3.599216153651014e-05,1.2410798629689618e-05,6.324002804854365e-06,2.8493532873673504e-05,0.00027349473249972607,4.939472550803739e-05,0.0003844707778937525,7.035392966113708e-06,3.362516223050879e-05,0.00037166153688929004,0.0004291938666904822,5.081545926447688e-05,0.0002249189743237128,0.00026046676635303224,0.0002353517193374441,0.0002411103799552062,0.00020059220161474137,0.00018749040589982708,0.00018325744191722662,0.00022940065143849217,2.3653825513018002e-05,0.0003184065676943759,0.00024818621895597413,0.00039629760221001253,5.995933412843017e-05,-6.904756910086755e-05,-0.001013914073736002,-0.004503694069629444,-0.005062692801467401,-0.005698783525947525,-0.006161332197688049,-0.0063617787928936225,-0.006438943679276413,-0.00504768698653607,-0.005363075273231825,-6.82827117578683e-05,3.577086900373567e-05,-5.569564005609449e-05,-7.836887328254877e-05,2.1925039647252184e-05,-0.0003174195152364452,3.592083468455137e-05,-0.0003314066610416914,0.00012358189930483939,-0.00027480437062328767,-4.1673120704440145e-06,-1.3507418493367233e-05,-2.8746963558500143e-06,-8.795018585793979e-06,-1.407435672572694e-06,-1.2921990994718373e-05,-2.9466542568062603e-06,1.176361706370282e-06,-3.298161415660262e-06,-1.7723989049982864e-06,9.779513840702614e-07,-3.72128695779894e-06,-2.1163171856879487e-06,-2.8998317580141903e-06,-1.585255380366495e-07,-5.141532039901434e-06,-6.000975265745876e-07,-4.657372904715176e-07,-3.609700065354026e-06,-2.182598919347551e-06,-1.3054722820023895e-05,-2.1302630988208854e-06,-2.159856084593871e-06,-3.039477495062312e-06,-9.268090187840127e-07,-2.2568189352034738e-07,-2.096896518275453e-06,4.37265511428296e-07,-8.554754125084243e-07,1.2439682926595113e-06,-2.961734008193359e-07,-1.209636941494248e-06,-1.586823626174862e-05,-7.029588241387151e-07,-3.5826538056506787e-07,-2.486351559682552e-07,-1.0074664866567854e-06,8.835650563529374e-07,-3.768243878614721e-07,-2.5388433670372297e-07,-2.0373272573696678e-07,-2.5664623690142005e-07,-3.763212741477204e-07,-2.1443920633191315e-07,-4.930441969865812e-07,-1.8279308483192127e-07,-2.6439652716847815e-07,4.354568394768496e-08,-2.441687458019563e-07,1.1161118012877372e-06,-2.4327725218947256e-07,-4.385250235019463e-07,-1.661875749408241e-07,-6.488409015877678e-07,6.118799510208368e-08,-1.855615138543942e-07,-3.1642220536259395e-08,8.695602739904976e-07,6.260322203243343e-08,1.1243967711924555e-07,-1.8086197828033428e-07,-4.3670804766575213e-07,-5.620172568521332e-07,2.589456750198673e-08,-4.171122344422595e-07,-1.4182409663543638e-07,1.0853340897741798e-06
5183.3333333333385,-0.009694814219141364,0.3147565078456262,-0.3448855009666666,0.0017544691298192602,0.33444440698468664,-0.3390339477666667,0.002630468330268339,0.3352906061419431,-0.3286019032333333,0.0014081764646500033,0.33528205341562617,-0.3318171441333333,-0.02061403811615916,0.3417841135093074,-0.3579592128333333,-0.01889297933737614,0.3410413493424024,-0.3718916194333332,-0.014818843102322345,0.33101541022187214,-0.3506204248333333,0.034382341337142776,0.3420698100013496,-0.2241031388666667,-0.08283507073793062,0.29422641852096704,-0.2531853998,0.015489019994760643,0.3122372501440976,-0.2890806064666666,-0.01563714715413557,0.2822460434464637,-0.3251892894000001,0.12079040817509255,0.22539357712571437,-0.0762319276033333,-0.1532201564143685,0.26050875800167816,-0.0821597333666666,0.23122062850665642,0.09502306480376556,-0.0897697808666666,-0.21365764113089328,0.030977434248942073,-0.1781086545,0.3542181123693373,0.048203198165901275,-0.171783907,-0.14065546603872714,0.015247454528331943,-0.3701796144,0.3750568334851376,0.04964714634242262,-0.1850220878999999,-0.09912960333393078,0.022264523744060835,-0.4445128888333332,0.3662548503536117,0.06394427086781591,-0.2098245955666667,-0.060551617170573224,0.08273036853853888,-0.452391989,0.36249876768426215,0.037286496819920974,-0.1857465630666666,-0.12088660059888282,0.036640707685379505,-0.394162953,0.08030228502736221,-0.17526810855149622,0.0469156389433333,-0.07851779564505948,-0.18314695684093046,-0.0441810867833333,0.10386769325660627,-0.5145371052027214,0.0507634633566666,-0.032076330108252636,-0.4598867475391146,-0.0493774190866666,0.0774169137796469,-0.7810948008805504,0.2372077780333333,-0.06591296818299766,-0.785515948368761,0.1277090326,0.05690973342226215,-0.8089256863142469,0.262075157,-0.06673158193874061,-0.8127363715028636,0.1043577501699999,0.08792045902640531,-0.8442592074359225,0.2232286781333333,-0.054963071293411894,-0.8393020255271086,0.0163520236371666,onweer_g_ch1_g19_compr.mp4,ch1g19,4.0425552863013474e-05,0.00029251702082770453,3.474947510732586e-05,9.515700905352027e-05,1.431632551610717e-05,0.0003071023195283851,3.597650636057481e-05,2.7243848976368268e-05,3.03836910680611e-05,2.7731964881707067e-05,0.00030589475856992516,4.850966164143275e-05,3.4058546584078804e-05,3.500078583053677e-05,5.6723694880599884e-05,4.269615550835827e-05,1.3799840696798238e-05,0.0003421335801514771,4.58287408311626e-05,3.2198409664520045e-05,0.0003689192417645233,3.071619357721246e-05,3.4290249916710114e-05,3.3213162509240394e-05,1.201217266981946e-05,6.086942368430865e-06,2.668753914983777e-05,0.00027270581852851985,4.871817290536059e-05,0.00038393836176445277,6.692415715017899e-06,3.2417684443551584e-05,0.00035304647430573524,0.0004149784390376744,4.7376848548836883e-05,0.00015327906983090254,0.0001790521207123469,0.00015145100248481456,0.00015728086620814068,0.0001289068952677661,0.00011694198395484974,0.00011404008399064377,0.0001369873370799282,-3.91971649892087e-06,0.0002380298366734078,0.00018934313939194896,0.0003388287507907035,2.590786437790622e-05,-0.00014290692927645404,-0.0009719884355075625,-0.004472248344138935,-0.004780688484153688,-0.005660629749548507,-0.0058317986666025145,-0.0063402720124232075,-0.006132216298330823,-0.005024331307146036,-0.0050867307239028485,-6.049607839104244e-05,2.7469747484252955e-05,-7.349927933978722e-05,-5.462748602028336e-05,0.00011132874776044238,-0.00023686074433242505,0.00013456458913813435,-0.00024400793229610658,0.0001750234380355042,-0.00024389224854111282,-4.667190806810418e-06,-1.3532241113780768e-05,-2.9384832564966304e-06,-9.896442262626857e-06,-2.741868667121036e-07,-1.2917192075199386e-05,-3.0098393165495358e-06,1.0235319040950682e-06,-3.317795278544329e-06,-2.2013784598818753e-06,7.430507131771763e-07,-3.9951249560403226e-06,-2.21387712956838e-06,-2.987883194155365e-06,-4.63782095318311e-08,-5.120428050632788e-06,6.640026747610169e-07,-8.926077989356344e-07,-3.853441552621556e-06,-2.2672465193619367e-06,-1.3276587018386306e-05,-1.9062631499668128e-06,-2.2596091333596285e-06,-2.833191868631222e-06,1.502270483780363e-07,-1.859628761704202e-07,-1.821673882940036e-06,2.4326486787123373e-07,-1.3124023659876945e-06,4.5932064603742957e-07,-2.9730264962341617e-07,-1.6474159353999656e-06,-1.5535578113321937e-05,-3.942135406760735e-07,8.334611180556335e-07,-9.854789924603771e-09,-5.703730636694753e-07,1.0300442397358287e-06,9.174233425332704e-07,-1.4340936072381996e-08,-1.8255537329342993e-07,2.09985284217575e-08,-2.9547411791674206e-07,-2.615583476989577e-07,-2.0123797620062085e-07,-1.5978465048770306e-08,-3.0082221931393986e-08,7.974743369264727e-08,1.678107323927723e-07,1.300634089217053e-06,-2.4993416681853276e-07,-1.68577303832881e-07,9.41580438656254e-09,9.283452926077756e-07,2.374262104158885e-07,-8.450808878513854e-09,2.3660027887630846e-07,9.647428857453527e-07,3.8302867457475e-08,2.993615903166273e-07,-2.1778888080057984e-07,-4.151205726775106e-07,-5.622459300809226e-07,-9.584990517985614e-10,-3.1001414986169845e-07,1.3451210908270937e-06,1.0362309186909945e-06
5200.0000000000055,-0.010127396698066955,0.3147222317110669,-0.3480822838333333,0.0012268865102125273,0.33442438785223577,-0.3422930373666668,0.00211468997708307,0.3352397030553348,-0.3318187857666667,0.0009015652714075773,0.33523799431659695,-0.3350636987999999,-0.021123178891596556,0.34174718263978193,-0.3612172792333333,-0.01940129520524576,0.34098978347245684,-0.3751274930333332,-0.015291102750856916,0.3309619904051259,-0.3538523506,0.03377459012639245,0.34203855290820556,-0.227340059,-0.08335638951332888,0.2941505775788691,-0.2565412684333333,0.015036742622412324,0.31228683452425476,-0.2922031696333333,-0.015997012057225438,0.282287269216043,-0.3283371775666667,0.12042223481823337,0.2256753562014975,-0.0792466210166666,-0.15400791815886947,0.26050236721761016,-0.0845046810533333,0.23028170622635682,0.09502632492486619,-0.09077937179,-0.21473101398623887,0.02998681661197959,-0.1788701306666666,0.3533049482843298,0.04376792885056819,-0.1706627021666666,-0.14166797693543184,0.01071528309909359,-0.3696430196333333,0.37423085566541797,0.04390178447273628,-0.1835493574666666,-0.09994847862140026,0.01676851830505089,-0.4436937342666666,0.3651945659184799,0.05741780507189406,-0.2086949499666666,-0.06109878530505766,0.07685662061708146,-0.4519344518333333,0.36151144935742674,0.03225953383304885,-0.1846558521999999,-0.12152521819876007,0.03180635590487724,-0.362858,0.08040219790182129,-0.17533018270561646,0.04681235142,-0.07862172064687907,-0.18311596323610585,-0.0440718287366666,0.10430752250483732,-0.5146915148260947,0.0502832246366666,-0.032531663298530626,-0.45991584168956046,-0.0490933594566666,0.07738368203978752,-0.780960626772509,0.2372304407,-0.06660607059214187,-0.7856297864591972,0.1289335310666666,0.05685696154218624,-0.8087626591068607,0.2621372094,-0.06746542283293473,-0.8128467305453185,0.1056751509133333,0.08790563488390812,-0.844090574882884,0.2234680855666666,-0.05557319700471762,-0.839480893676443,0.0178289308704999,onweer_g_ch1_g19_compr.mp4,ch1g19,3.535510266485208e-05,0.0002776187065628704,3.175171396929336e-05,8.47220601972221e-05,1.4609638504605544e-05,0.0002928706231011297,3.291123781383361e-05,2.813999317457291e-05,2.750755991258822e-05,2.5330630931984317e-05,0.00030569743194520975,4.277353871913567e-05,3.185497351910709e-05,3.1938803616328286e-05,5.6890749633955394e-05,3.6776997652092775e-05,1.5275447858740896e-05,0.00034009031500803553,4.057691590131293e-05,2.995240068368543e-05,0.0003532631252100554,2.8996809227239432e-05,3.201151696962215e-05,3.053476211311471e-05,1.2904148472406963e-05,5.988641766257275e-06,2.520957147557586e-05,0.000271828933921004,4.735572968610297e-05,0.0003828425029359637,6.407304588553433e-06,3.071810365726302e-05,0.0003362594411909878,0.0004017181853342537,4.2579374723686874e-05,9.703604397184335e-05,0.00011118430808326842,8.112075341739639e-05,8.695636233677647e-05,6.723657816364327e-05,5.8269065590183e-05,5.7429466320155134e-05,5.57993697054051e-05,-1.6035134274925547e-05,0.0001698475540791759,0.00014399084954810134,0.0002915232557128377,4.731070879287318e-06,-0.000225965300085688,-0.000909085716512607,-0.004444941356421444,-0.004517981794254376,-0.005615818195903668,-0.0055318176208695976,-0.006310295754301931,-0.0058552157427346875,-0.005007377247784341,-0.004838210120946849,-5.037924705997368e-05,1.757756553963042e-05,-8.169706792121855e-05,-3.676335411224675e-05,0.00020674066146692948,-0.0001684678738092301,0.00023452921771403273,-0.00016993749643953043,0.00024115883674752025,-0.00021956277600299496,-4.76801823614763e-06,-1.1765676478741303e-05,-2.7384831383988955e-06,-1.0182940515193031e-05,1.0287251339953071e-06,-1.0974964988966176e-05,-2.806970868068282e-06,8.450971660211325e-07,-3.027244493001718e-06,-2.522540157654396e-06,5.924687247101412e-07,-3.951610167793282e-06,-2.111475337606697e-06,-2.818735620643696e-06,1.3108425526936385e-07,-4.723608079712469e-06,2.257412734655785e-06,-1.1471454733843373e-06,-3.797333932635794e-06,-2.1301794558020102e-06,-1.1157284410294947e-05,-1.5101427305680967e-06,-2.135998928342631e-06,-2.330530841275624e-06,1.3496114130991227e-06,-1.856865203955075e-07,-1.35120374465495e-06,1.9926744268561586e-07,-1.7268559002751665e-06,-2.534367164152894e-07,-3.4096601250245275e-07,-1.9127092027045303e-06,-1.2944249140741522e-05,-6.43706182493975e-08,1.9183286129848058e-06,2.0409493675089493e-07,-6.385811382210752e-09,1.0263095485106852e-06,2.0933251211927295e-06,2.0295074515613274e-07,-1.5220566684178072e-07,2.1951794291948057e-07,-1.5477972413479687e-07,-2.910229100302302e-07,1.7932400300193662e-07,1.3350648812853288e-07,1.8420379751954955e-07,3.9431385882300465e-08,5.812098547699353e-07,1.2941722899052387e-06,-2.170608914748264e-07,1.7540458735128726e-07,1.6167819115530212e-07,2.418460991565018e-06,3.4945801865826855e-07,1.5047145904872334e-07,4.2791541400598855e-07,9.277920969600216e-07,1.2506958969585551e-08,4.066230941398534e-07,-2.1585330431839784e-07,-3.5964775760408e-07,-5.025213312560052e-07,-2.0629581957331813e-08,-1.7813776737606117e-07,2.6456582475195588e-06,1.9308477229344077e-06
5216.666666666672,-0.010567932503291768,0.3146928453436867,-0.3507140658333333,0.0007366896372510608,0.3344090387311398,-0.3449408177333334,0.0016381702644233634,0.33519437807357516,-0.3344307586666667,0.0004310812550780221,0.3351994996877224,-0.3376997906999999,-0.021600174286432888,0.34170925363633003,-0.3638728300666666,-0.019879437280713414,0.3409390405434818,-0.3777474172,-0.01573449357441383,0.330909444895273,-0.3564791104333333,0.03324547338074347,0.3419986356119105,-0.2298953116,-0.08384303324360841,0.2940907519141476,-0.2593115820666667,0.0145787312666467,0.31233865593752347,-0.294747457,-0.016373230135139003,0.2823295267346438,-0.3309113462333334,0.12005391622472707,0.2259270348749772,-0.08165232097,-0.15480974227522284,0.26047737931107356,-0.0863673074666666,0.22940403304997437,0.09494659695158215,-0.0914423415866666,-0.2156526525338477,0.029179636290421588,-0.1795233057,0.3522357500750381,0.03950048321076141,-0.1696330999999999,-0.1427672353575513,0.006647260696028255,-0.3691056807666666,0.3731879787614257,0.03844075499682934,-0.1822855845333332,-0.1009140112282128,0.011762854825582161,-0.4428582083,0.36385278819303973,0.051187662282709254,-0.2077254377,-0.0617540533875503,0.07148102210395806,-0.4513408988333333,0.3603194078710617,0.02740234834192343,-0.1836424118,-0.12227504327922625,0.02743000027331199,-0.411438972,0.08050057526675962,-0.17538596365520112,0.04671969985,-0.07872288279946946,-0.1830914819016169,-0.04397225235,0.10477357444265585,-0.5148053716392237,0.0498176501466666,-0.03292100558701519,-0.4599079269068549,-0.0488825481366666,0.07742386769658981,-0.7807024874836034,0.2374144651,-0.06724236044388637,-0.7857122260501335,0.1300227344333333,0.05688040129066508,-0.8084738573346778,0.2623781204333333,-0.06814703511958092,-0.812929587552267,0.1068414543599999,0.08793921013230588,-0.8438864088306665,0.2237943291333333,-0.05604561438379537,-0.839700490657921,0.0192429700738333,onweer_g_ch1_g19_compr.mp4,ch1g19,3.0323458462473637e-05,0.00026795078320244434,2.907803025265263e-05,7.43699053703917e-05,1.6381546866228355e-05,0.0002841632361710368,3.0151909689826583e-05,2.8920940222694983e-05,2.5137631301115215e-05,2.2372481440539746e-05,0.0003054880276162941,3.771042831038735e-05,2.9876822707707396e-05,2.9162292092642404e-05,5.80962623666794e-05,3.15348919930599e-05,1.8574196044045034e-05,0.0003378990461622428,3.5849687594803206e-05,2.795116571082694e-05,0.0003440892319982904,2.7763449156481127e-05,3.0025178121600705e-05,2.8520353016409488e-05,1.4948524054967993e-05,5.913517849847724e-06,2.431990436952767e-05,0.0002712189713033108,4.538009054275718e-05,0.0003814519827211513,6.1189892525738485e-06,2.8826362068643857e-05,0.00032558243630582213,0.000392763810883091,3.884145301178811e-05,6.622702021941069e-05,6.94367801763671e-05,3.749376541400801e-05,4.3424928746937934e-05,3.0419659354580013e-05,2.41555194379636e-05,2.4984336868441945e-05,-7.311278378651237e-07,-8.314178152555969e-06,0.0001271408198537755,0.00012004384655204982,0.0002576432873391954,-4.105509003891727e-06,-0.0003156510742732231,-0.0008415711249382932,-0.0044234891110520175,-0.004344503468038857,-0.005565944680220624,-0.005337072370817364,-0.006273118075618363,-0.005690536355336698,-0.004991215646408365,-0.004682446549306304,-3.987377861815911e-05,7.537769653151831e-06,-8.418904210769328e-05,-2.6546848337548057e-05,0.0002635521750772228,-0.00013020656118981942,0.00028960815840476544,-0.00012929085661538028,0.0002890391269197531,-0.0002134489990589063,-4.641714973298518e-06,-8.477275954406383e-06,-2.4109913986275017e-06,-9.635426773928212e-06,2.0835945045930715e-06,-7.360916452462654e-06,-2.4747606534117795e-06,7.244645843870949e-07,-2.717562902716317e-06,-2.632236489902539e-06,6.41387696595023e-07,-3.6361830795720053e-06,-1.9104048641871556e-06,-2.5177989392726895e-06,2.650675266711486e-07,-3.88817751044531e-06,3.7746830690171206e-06,-9.323859577988127e-07,-3.481837616055934e-06,-1.8803113347861286e-06,-6.881473436232144e-06,-1.1049407206184727e-06,-1.9073975612270176e-06,-1.7995337079118313e-06,2.293656608381455e-06,-2.006537967887148e-07,-9.030741446655437e-07,3.9612251203295126e-07,-2.170819135065381e-06,-4.5313005787212855e-07,-3.9473998690350056e-07,-2.0690333913301507e-06,-8.54948020913174e-06,2.3141883217733785e-07,2.62658614167766e-06,3.6849516694899505e-07,5.907338452468313e-07,8.664502121546083e-07,2.86850833467617e-06,3.733033673248974e-07,-1.2299216750300937e-07,3.2414818818445905e-07,2.0855225532822432e-08,-3.0296340027319174e-07,5.130036086164673e-07,2.533693930081449e-07,3.5371346344751564e-07,-6.492810112292209e-08,9.084036985074622e-07,1.0731325597045141e-06,-1.6649320666463593e-07,4.762420560669465e-07,2.7737621891748243e-07,3.4390520458059085e-06,4.0014117965563486e-07,2.744428927519014e-07,5.268865616989013e-07,7.659146799846575e-07,-6.306279132274383e-09,4.380008626158104e-07,-2.0683803145487646e-07,-2.569454306127926e-07,-3.964247858705638e-07,-2.799384956540002e-08,-3.388925307093249e-08,3.453405240345584e-06,2.7009107473489013e-06
5233.333333333339,-0.01106676447041479,0.3147354204620484,-0.3519791764,0.00020935621783341546,0.3344618960381481,-0.3461620448666667,0.001126143446722673,0.335213155162572,-0.3356254533,-7.970970108747631e-05,0.33522350218033015,-0.3389251608666666,-0.022131526836069927,0.34171716927656354,-0.365062803,-0.020412195827427947,0.34093996398672544,-0.3788856523333333,-0.016232642789804172,0.33090937843685836,-0.3576462816333333,0.032735082286707504,0.34197366025386594,-0.2310601199666666,-0.08434572251342502,0.29411904959265184,-0.2605783392333333,0.01409095903732882,0.31244154059503343,-0.2959589677333333,-0.01679541677238219,0.2824183571096481,-0.3320879677333334,0.11971552792856713,0.2261784809868824,-0.0828282140599999,-0.15558829608489963,0.2604983797984878,-0.0870423422466666,0.22852606599877023,0.09464841513871947,-0.0911327208199999,-0.21651201585961818,0.028479595336951855,-0.1788307101666666,0.3511536109689209,0.03525002997282323,-0.1680371484,-0.14398333770559169,0.0027195540160399757,-0.3673636059,0.37211350146727457,0.0331027310994486,-0.1805136084666666,-0.10205190164660595,0.006905546250614444,-0.4409424663333333,0.36256319650174423,0.04509838977991403,-0.2062850815333333,-0.0626724459718447,0.06623332059442728,-0.4497085213333333,0.359119668813816,0.022582974715934526,-0.1820986341,-0.12314944075608406,0.023168425812816154,-0.407838,0.08059468920006069,-0.17543284221916847,0.0466367507999999,-0.07881885084250151,-0.18307843859966358,-0.0438794833066666,0.10521098434733756,-0.5149186773191522,0.0494508930799999,-0.033339322303612924,-0.45990910932353357,-0.0485834944966666,0.07742829618234473,-0.7804776259094882,0.237993214,-0.06786028786140627,-0.7858351332416219,0.1310993364,0.05687172981673878,-0.8082240085686324,0.2630477508333333,-0.06879798450276116,-0.8130557948828259,0.1080107439933333,0.08797436180288178,-0.8436819957246523,0.2244282066333333,-0.056461343255463876,-0.839942238128936,0.0205752635871666,onweer_g_ch1_g19_compr.mp4,ch1g19,2.554339440693693e-05,0.0002629028976974974,2.6941175074706833e-05,6.512066350308498e-05,1.9261285681136188e-05,0.0002803193128880652,2.792764088250094e-05,2.9412001628468985e-05,2.2613432854065147e-05,1.9507421323261044e-05,0.0003064009659555055,3.408565473220665e-05,2.8240417090006325e-05,2.689838480251192e-05,5.9627479369810716e-05,2.7857063558659662e-05,2.2849831337575526e-05,0.00033721675418824456,3.2374648670220076e-05,2.634081957070593e-05,0.00034091369034872294,2.7092341022968823e-05,2.842143548358782e-05,2.71541921797102e-05,1.7902112019979856e-05,5.771634315785189e-06,2.384108588289951e-05,0.0002719853011882008,4.2924669041719227e-05,0.00038103377349444403,5.759746446974238e-06,2.6721540152542158e-05,0.00032100899107555085,0.0003884457166596851,3.699464138623443e-05,5.5024058948853164e-05,4.9673507017688166e-05,1.660169912705336e-05,2.276397200273579e-05,1.2815369850851273e-05,9.0916061866147e-06,1.1512620835227553e-05,-3.748618451641467e-05,6.2899052363496786e-06,0.00010384254431352524,0.00010932434882549233,0.00022700905484397576,-9.976760981669408e-06,-0.00041811507167367296,-0.0007711647770071119,-0.004420153973456129,-0.004259532350312415,-0.005535525223288018,-0.005256787967158764,-0.006244127293682449,-0.00563634965522909,-0.004987772260168735,-0.004616567311979431,-2.906552431814324e-05,-2.6854824879585614e-06,-7.255113840686545e-05,-2.0875139632508836e-05,0.0002912342391672047,-0.00013076004781980807,0.0003128913826279031,-0.00013235032980085114,0.00032270355513129643,-0.0002267944028478866,-4.345731315129191e-06,-4.567717275257929e-06,-2.0202062959313994e-06,-8.50425765189204e-06,2.835199938950846e-06,-3.083294285148687e-06,-2.08311394442286e-06,7.064555274525903e-07,-2.4188566022037997e-06,-2.5815796162839718e-06,8.247367480393616e-07,-3.116884236493646e-06,-1.652129659092967e-06,-2.1398427262756284e-06,2.1708893762638844e-07,-2.8011559447282144e-06,4.904422961488058e-06,-4.6960424407831975e-07,-2.9908426671205706e-06,-1.576714433982028e-06,-1.7663560615391414e-06,-7.324981024754084e-07,-1.6179803815000017e-06,-1.273260356187302e-06,2.953511364208967e-06,-2.218436641946093e-07,-4.955023394339992e-07,6.868705991318398e-07,-2.458670302285241e-06,-2.401124831966577e-07,-4.435859908307742e-07,-2.062748819364027e-06,-3.589883531862305e-06,4.6048112382777703e-07,2.8538236280453195e-06,4.674691315386829e-07,1.1042888999200686e-06,5.750435744381477e-07,3.1211124004851717e-06,4.798297575059533e-07,-9.281107758433395e-08,3.635416931081052e-07,1.950139657165698e-07,-3.604291309617464e-07,7.137261116014429e-07,3.343867634266983e-07,4.61415510098173e-07,-1.877768586681921e-07,1.0656359558774278e-06,6.689689125531093e-07,-1.8755657277397275e-07,6.570294548170521e-07,3.46607813735518e-07,3.8118689631723518e-06,3.950649727295894e-07,3.5299383553019035e-07,5.403448047396189e-07,4.99967140540592e-07,-1.149374761376803e-08,4.138024536699269e-07,-2.655648513324162e-07,-1.1077106243295638e-07,-3.198604163379277e-07,-1.9230278707474538e-08,1.0964458989353992e-07,3.631250627133518e-06,3.0772630881013294e-06
5250.000000000006,-0.011560084225421137,0.31488367437834347,-0.3535429271,-0.0002827532522657846,0.3345943612645302,-0.347623211,0.0006491223229042283,0.33531210925506133,-0.3370543415333333,-0.0005605116827004582,0.3353260886753789,-0.3403801956666666,-0.02263693338036466,0.3418043538267957,-0.3664598057333333,-0.020917352107913147,0.3410332207208153,-0.3802564657666666,-0.016704827258865105,0.33100612542396113,-0.3590251367333333,0.03230502707036375,0.34196982681817556,-0.2323259949666666,-0.0847965343762575,0.2942235766734065,-0.2618212133,0.013613283471347335,0.31261799337403107,-0.2974392163,-0.017215527554605245,0.28260803957229375,-0.3335442791,0.11940459267448451,0.22642971071590645,-0.08400172544,-0.15631620280863948,0.26053990884711176,-0.08773955764,0.22767178624149098,0.09408561718566322,-0.0909870661933333,-0.2172370645285196,0.027815083194841706,-0.1782147314333333,0.3501492014529994,0.030779783408095236,-0.1663523853666666,-0.14515936860239964,-0.0014451112702372506,-0.3665579597,0.37113882927633074,0.02761551577907097,-0.1788115670333332,-0.10328584060417796,0.001734079088411677,-0.4402029753333333,0.36145972212930894,0.03891904019942534,-0.2048352263666666,-0.06367469556356636,0.06066936941580375,-0.4491031318666666,0.35802680543481996,0.017548997379267857,-0.1804375986666666,-0.12405489532198836,0.018606598152157997,-0.361940563,0.08068004689565789,-0.17545646330107514,0.0465572687533333,-0.07890720100758178,-0.18308920026104603,-0.0437881893533333,0.10566092622235904,-0.5149887425533821,0.0495156151566666,-0.03368778405754602,-0.4599368847961127,-0.0481534603333333,0.0774638850663943,-0.7802411327979439,0.2391966253,-0.06842946212060064,-0.7859936012016773,0.1323188549666666,0.05690106982330057,-0.8079714490424627,0.2643716246333333,-0.06940160996370014,-0.8132214577880578,0.1093385544266666,0.08808982165013933,-0.8434364283954723,0.2256326491,-0.056915080026012296,-0.840214322679963,0.0219105891738333,onweer_g_ch1_g19_compr.mp4,ch1g19,2.1599179448848726e-05,0.00026051525621585946,2.5353006172567607e-05,5.7151689362585206e-05,2.34417953505017e-05,0.00027954695814783737,2.6241559330625183e-05,2.9993642167311845e-05,1.9987004946059008e-05,1.7002299033799117e-05,0.0003074439856122852,3.217121403957428e-05,2.6927186766170005e-05,2.5162189455997135e-05,6.039439072164007e-05,2.6467864500248984e-05,2.9171112308740526e-05,0.0003368102584122434,3.0416405837982904e-05,2.512250581163916e-05,0.00034184408067608636,2.689016355329584e-05,2.7177260050120405e-05,2.6330825802488756e-05,2.201423197776849e-05,5.533874622587784e-06,2.3727439407841796e-05,0.00027296139186425546,4.044837888145275e-05,0.0003806365715922807,5.2883514831513245e-06,2.4658844876792378e-05,0.0003199708893782083,0.0003863805354793666,3.754709247960333e-05,6.200034941296325e-05,5.019646792375809e-05,1.5765543743207102e-05,2.2205996082551244e-05,1.1238196623400524e-05,9.806173560243721e-06,1.354851361353769e-05,-5.659873791336863e-05,2.035497830864664e-05,9.813797763459706e-05,0.00011155323256414494,0.00020166409796781913,-1.8244627567586128e-05,-0.0005205798141902353,-0.0007020743700509444,-0.004421277105297944,-0.0042361575338363995,-0.005510493535636585,-0.005253456803795931,-0.006215095814975626,-0.005662021527640623,-0.004987337596182088,-0.004615001199068146,-1.671499771511996e-05,-1.4507098546730753e-05,-4.585416938462391e-05,-1.4913157623306208e-05,0.00032415456623351553,-0.00013444863571638875,0.0003409311197955008,-0.00013896780024202844,0.00036598104302246236,-0.00023901311263251808,-3.885988007785989e-06,-1.1333717698410177e-06,-1.593141708629222e-06,-6.996715710392938e-06,3.2508753478251584e-06,6.281878898594188e-07,-1.649418210375887e-06,6.910718350042172e-07,-2.203208634514816e-06,-2.290247356572049e-06,6.710948817764579e-07,-2.3787102623115497e-06,-1.3448885556655342e-06,-1.7098410919383363e-06,-1.0960338560847244e-07,-1.7128237007170396e-06,5.5142332044884376e-06,-2.5327766384813615e-07,-2.2984951613758775e-06,-1.2482834386034134e-06,2.8298865510509548e-06,-4.373791103663421e-07,-1.2883409488952716e-06,-8.532985343543661e-07,3.293586029118667e-06,-2.3442576165727599e-07,-2.0719910177614854e-07,6.368787369347016e-07,-2.603618363316778e-06,-3.3297466084566036e-08,-4.5636747762038213e-07,-1.921597386504661e-06,5.737011002359242e-07,5.953265393105328e-07,2.6586927722298954e-06,4.907709177161851e-07,1.4527494660026071e-06,1.9558965317551704e-07,2.9004462986169384e-06,5.115723241424765e-07,-7.672765431472387e-08,3.4531903735292186e-07,3.3471556047765136e-07,-4.422319010140986e-07,7.563394187250825e-07,3.635560987215907e-07,4.95516933617951e-07,-2.73199316921019e-07,1.0187358408411025e-06,1.1632213450861754e-07,-2.633637421678299e-07,6.959285015214464e-07,3.580100359709714e-07,3.576303182316713e-06,3.356150368841207e-07,3.734816856114908e-07,4.7392509003759914e-07,1.631304130551666e-07,-1.2230542451879282e-09,3.385717284039095e-07,-3.7182183313604216e-07,4.7088830191032086e-08,-2.652083888545242e-07,5.6784540368905e-09,2.2149490889410376e-07,3.268776533678711e-06,3.064639882668289e-06
5266.666666666673,-0.012005751826793878,0.3150206953361917,-0.3556278554999999,-0.0006984292819198075,0.3347108197316467,-0.3495998043333334,0.0002453014328019401,0.33539519627958486,-0.3390004491,-0.0009690209738441384,0.335415960060706,-0.3423277317333333,-0.023079867811549935,0.34187501704383566,-0.3683342754666666,-0.021351509560652307,0.34110464979604965,-0.3821318712666666,-0.01710983030267079,0.3310820822180824,-0.3608895124,0.03199554318230284,0.34195930783748313,-0.2340755969,-0.08516419703235788,0.29428609083111046,-0.2633521223666667,0.013184983683850475,0.31278082123475764,-0.2994529324,-0.017597537573390432,0.28278434817226206,-0.3355327546333333,0.11915064501068583,0.226650740540803,-0.0853904729433333,-0.156971207109824,0.26053551118662743,-0.0886575680066666,0.22688376040697186,0.09349287318533107,-0.0913314131533333,-0.21781740178617406,0.027106393557679583,-0.1782892293,0.34916185928688737,0.026336842047629407,-0.1658027749,-0.14593674722721656,-0.005795101490983222,-0.3669930329,0.37020813694883525,0.022149312865745716,-0.1782222221666666,-0.10412456357568085,-0.003635077760652989,-0.4407525003666667,0.3603989728568705,0.03279457623675817,-0.2045719283333333,-0.06430821233863193,0.05497571819536176,-0.4498602678333333,0.356969232788846,0.012542571042952458,-0.1799502487666666,-0.12459631538958842,0.013881284135075788,-0.36389327,0.08075617854544098,-0.17545532553873427,0.0464827885266666,-0.07898744823117808,-0.18312040513131084,-0.04370419846,0.10619251075902711,-0.5149697959596978,0.0498783577233333,-0.033893528755797556,-0.45996090772646947,-0.04750371662,0.077809524976035,-0.7798766791971556,0.2406821637666666,-0.06882579022892558,-0.7861463308992511,0.1337549474,0.05728251861292291,-0.8076056000436427,0.2660094082666667,-0.0698131342901743,-0.8133824200396038,0.1108795371533333,0.088641580554681,-0.8429859589978524,0.2267799277333333,-0.05722589784450328,-0.8404448713793112,0.0229537723438333,onweer_g_ch1_g19_compr.mp4,ch1g19,1.821788925941758e-05,0.00026231685934869595,2.4177087079803745e-05,5.0578102372443424e-05,2.6846704710544937e-05,0.0002834445458155094,2.50552036141019e-05,3.125865337486254e-05,1.777089952544551e-05,1.4772918474989588e-05,0.0003092598640449025,3.1010342630552886e-05,2.5712754682671167e-05,2.384518551981879e-05,5.969354567781015e-05,2.597109386042965e-05,3.496184318426187e-05,0.00033735055355289546,2.9139518566400002e-05,2.4023409235736258e-05,0.000349301939669138,2.6756519349564313e-05,2.6023691616933067e-05,2.5902033132353178e-05,2.5336994117862715e-05,5.135913647038817e-06,2.3714979952506203e-05,0.000274903658060556,3.7625154657116696e-05,0.0003814534220396004,4.687011061375967e-06,2.2514184492366424e-05,0.00032453045029347017,0.0003879479601039613,3.86144378854617e-05,9.055790149768417e-05,7.44115881920534e-05,3.943594435434504e-05,4.61294733230954e-05,3.101435545545636e-05,3.118870497953099e-05,3.5315402547288936e-05,-4.8376022136280905e-05,4.1262151517187095e-05,0.00011714384989449927,0.000131620025570786,0.00018939857665075174,-1.955661179677453e-05,-0.0006106543869007483,-0.000637062254276719,-0.004442337039722636,-0.0042793164368250735,-0.005505684610636989,-0.005335793443198862,-0.006210434046245455,-0.005785329688590137,-0.005003939231595462,-0.004683546891576302,-4.675633674240602e-06,-2.6470160146913352e-05,-1.8721705386747676e-05,-1.3410531648881918e-05,0.00034742590663421427,-0.0001494315801656708,0.00036078827523228576,-0.00015747086673943453,0.00042280888695526053,-0.0002465965880138116,-3.269172609429493e-06,1.1552168487432226e-06,-1.1626122734029516e-06,-5.47595353718288e-06,3.055223532117321e-06,3.148084280192386e-06,-1.2004497973685897e-06,5.868662971767032e-07,-2.0095253238259986e-06,-1.7732236639376005e-06,1.0513827128378588e-07,-1.4069037629639717e-06,-1.0066830397704453e-06,-1.2659402324738095e-06,-5.210333901528083e-07,-5.565235162103749e-07,5.135691427297388e-06,-5.590819656390698e-07,-1.4220853653526982e-06,-9.225130591381582e-07,6.16665676796047e-06,-2.1841860563623473e-07,-9.467771542393244e-07,-5.374159494563648e-07,3.0804246840853834e-06,-2.3175491886869983e-07,-1.7424730668890264e-08,1.3459875792340656e-07,-2.5359746333855797e-06,-2.1019918631674408e-07,-4.274669290659879e-07,-1.6412711353338736e-06,3.3109158623823016e-06,6.393168548485747e-07,2.0572023452358092e-06,4.4325232893660083e-07,1.5773392080746074e-06,-1.587007396873001e-07,2.2169132314221504e-06,4.689019675209152e-07,-8.05445929531501e-08,2.741010613687465e-07,4.173093454853408e-07,-5.362819984979272e-07,6.670756787687326e-07,3.4123943752594957e-07,4.579708155801734e-07,-2.9076185150104745e-07,8.092341154962945e-07,-4.410604114152731e-07,-3.8044508769135455e-07,6.160344037712678e-07,3.1773096822301185e-07,2.7217512705452486e-06,2.4090486702816683e-07,3.382148062848807e-07,3.4636559526946014e-07,-1.429046963447452e-07,2.3025301923995803e-08,2.3059655202459553e-07,-5.18130008107242e-07,2.09277327636149e-07,-2.443804381440481e-07,4.17822864418614e-08,2.864151791718865e-07,2.3936388262103414e-06,2.659526579329989e-06
5283.33333333334,-0.01242370190217991,0.31518991906898514,-0.3582797505999999,-0.001069865425076427,0.33485328430537975,-0.3521228490666667,-0.00011625816271829793,0.3355028684869447,-0.3414846385666666,-0.0013378078179041263,0.33553112366064797,-0.3448137123,-0.02349332142437031,0.34196534137541557,-0.3707378655333333,-0.02175400845711323,0.34119816890510196,-0.3845602072,-0.017486135776972517,0.33118055755272824,-0.3632879774666666,0.0317674709864574,0.3419557572145041,-0.2362994188666666,-0.08549231140072372,0.2943467990349934,-0.2652659992,0.012791893533245093,0.31296054182402294,-0.3020229893333333,-0.01795572595792525,0.2829798966404667,-0.3380766977666666,0.11898727665010488,0.22683935984032094,-0.08706733589,-0.15751583195938887,0.2605053138264995,-0.0899664293699999,0.226215620149942,0.09273579096032901,-0.0922950605633333,-0.21833014386163271,0.026438250299302062,-0.1789888984333333,0.348185356416734,0.021907476240410218,-0.1661810344333333,-0.14661482634729398,-0.010181571893158813,-0.3677526881333333,0.3692344572035493,0.016740647446781675,-0.1786090265333333,-0.10488524987623626,-0.009106456683980437,-0.4415819208,0.35924836754885475,0.026776180389704682,-0.2052873003,-0.06479824419892304,0.04909843285685524,-0.4508998651999999,0.35589946975449094,0.007574522197196471,-0.1803975588,-0.1250501824843732,0.009057261392829296,-0.332524151,0.08082164894778977,-0.17544413089720773,0.0464024963499999,-0.07905792380395635,-0.18316140263267205,-0.04361230933,0.1067490808297378,-0.5149035948606581,0.0503411871666666,-0.0340806546075397,-0.4599927747792303,-0.0463538839766666,0.07815609257939955,-0.7794398926581105,0.2425012970333333,-0.06919694067407518,-0.7863162617209917,0.1356746337,0.057658419977187556,-0.8071717405618501,0.2680004393333333,-0.07020392455744541,-0.8135608202073624,0.1129202474866666,0.0891746596910706,-0.8424569196326653,0.2283824006,-0.05758489529806492,-0.8406845402883765,0.0246092607428333,onweer_g_ch1_g19_compr.mp4,ch1g19,1.539575976707174e-05,0.00026497403226354526,2.330650047227858e-05,4.5990300246262164e-05,2.9743151549757362e-05,0.00028842368839005476,2.4192237194186057e-05,3.2165815175455046e-05,1.5721702638106858e-05,1.3361062367185836e-05,0.00031160179768315233,3.0246707135488926e-05,2.4730350784105836e-05,2.28525476083239e-05,5.861821557896865e-05,2.6333303794318278e-05,4.016423305162122e-05,0.00033915050063562034,2.8264442332266205e-05,2.315464269628079e-05,0.0003578390438082106,2.6644115681904263e-05,2.5116384510185127e-05,2.5628176963933984e-05,2.824787282253868e-05,4.820128247732457e-06,2.374995675030402e-05,0.0002772515954658402,3.497371430840688e-05,0.00038352533219127103,4.178155865803289e-06,2.0735502022193917e-05,0.00032998023911200657,0.0003906800326056606,3.996024298415015e-05,0.00012560171357654814,0.00010668485095300746,7.16679855397823e-05,7.817702057348212e-05,5.7120520260745084e-05,5.8719328415571097e-05,6.222676750497527e-05,-2.8791428023781558e-05,5.1883587087966984e-05,0.0001453533348165328,0.00015718900646382634,0.00018063834645079682,-2.8045843053887256e-05,-0.0006949579683795008,-0.0005921119537335863,-0.0044710622491555925,-0.00432837419876788,-0.005521103641885792,-0.005421269042559325,-0.006225284186818059,-0.0059167075931427495,-0.0050294946135700964,-0.004761302924019358,6.494209660560849e-06,-3.734128052897575e-05,2.0213533772099912e-05,-1.053125967754657e-05,0.00039600508612719126,-0.00014973172149347443,0.00040766861694908093,-0.00015986222965299306,0.0005038360580559447,-0.00023727176318069803,-2.5490715802800042e-06,2.5992053071581393e-06,-7.588859019645771e-07,-3.898478407169082e-06,2.5759737247992323e-06,4.668495198123463e-06,-7.654898772510746e-07,4.204135690013455e-07,-1.7771063786084387e-06,-1.2074386487645625e-06,-6.414960262388868e-07,-5.244480538832016e-07,-6.807225546370201e-07,-8.361656272757028e-07,-9.44721389978639e-07,2.4155863593530847e-07,4.224447759646075e-06,-1.1111807742327075e-06,-6.32589480239998e-07,-6.411457497333359e-07,8.257440316379218e-06,-7.396009030113163e-08,-6.347857812957434e-07,-3.2005024159294904e-07,2.6280449389365138e-06,-1.9719312375318986e-07,8.215611927046771e-08,-6.178457748951299e-07,-2.171363307729327e-06,-4.392945679222385e-07,-3.509074582172806e-07,-1.2849921927634431e-06,4.889883180624678e-06,5.985266716346977e-07,1.2271393931176717e-06,3.2388363704905096e-07,1.4467707960463778e-06,-4.34275814414114e-07,1.2672153797964243e-06,3.5146280820057393e-07,-6.728614913813201e-08,1.7754168143879207e-07,4.178943543195605e-07,-5.816286408165153e-07,4.91289951080383e-07,2.488896162087953e-07,3.459063520278855e-07,-2.6086955840810076e-07,4.928587132626068e-07,-9.030960771753473e-07,-4.883086125103242e-07,4.572771360231927e-07,2.1255221331880927e-07,1.5184784304794514e-06,1.0283598404543824e-07,2.3070264274282997e-07,1.6816629714923838e-07,-3.791438744286396e-07,4.8484280541923165e-08,8.240511165092018e-08,-6.28951449224407e-07,3.3426523186436933e-07,-2.2819820711217517e-07,7.511041514734712e-08,2.704473064017236e-07,1.2677352145038143e-06,2.0156015673786814e-06
5300.000000000007,-0.012831259027181819,0.3153416009817654,-0.360683922,-0.0014351616876903627,0.3349861073495829,-0.3544753341333332,-0.00046894514827782455,0.33559919028311536,-0.3438036506666667,-0.001698470958871431,0.3356349419659841,-0.3471447844,-0.02389774678876905,0.3420357660853539,-0.3730211028999999,-0.022147916381511455,0.3412741192391795,-0.3868484563333333,-0.01785388581802745,0.3312615830229392,-0.3655631285,0.03155925328627552,0.34193908598542966,-0.2384870737333333,-0.08581420480985279,0.2943731799956525,-0.2672266691666667,0.012412308294736336,0.3131251296464891,-0.3043567078666667,-0.018301412402748306,0.283154873985492,-0.3403981655666667,0.11884603236720072,0.22698667670726247,-0.08882372135,-0.15803716137670876,0.2604453587036448,-0.0912999851999999,0.2255411001709546,0.09185723270078552,-0.09333323887,-0.21875065229099075,0.025833722293074977,-0.1791906457666666,0.3470592408772802,0.0172649676928478,-0.1668576410333333,-0.14735812861297518,-0.014836266112698594,-0.3663443813666666,0.36805276176307733,0.011053449209766827,-0.1793075020666666,-0.10572131245308855,-0.014950172067895036,-0.4397879859,0.3578554695249817,0.020397216772510177,-0.2061280655333333,-0.06538569250693824,0.04270699049322108,-0.4493281553,0.35465539047197625,0.002390939423048239,-0.1810607325,-0.1255905969289696,0.003936473702534951,-0.325483322,0.08088577636707178,-0.1754290536779236,0.04633617749,-0.07912411702517265,-0.18320698711467456,-0.04354069776,0.10728394552507577,-0.5148930094215513,0.0504861296466666,-0.03425332399045998,-0.4600271735974522,-0.04543773718,0.07843394785891586,-0.7790414048313926,0.2434189741333333,-0.06958786362092603,-0.7864920364240706,0.1370015006333333,0.05796640399173005,-0.8067599804895143,0.2690014645666667,-0.07062146698063228,-0.81374300781873,0.1142882756866666,0.08967648687090848,-0.8418761964874426,0.2292578517666667,-0.05795537808340176,-0.8409001641142798,0.0257450702161666,onweer_g_ch1_g19_compr.mp4,ch1g19,1.3411908825784153e-05,0.0002701014304166013,2.246134639655062e-05,4.363655475361668e-05,3.188078707946594e-05,0.00029586087500021595,2.3368409786282998e-05,3.2224521177443476e-05,1.4072531969360455e-05,1.2624012575771443e-05,0.0003106905722948115,3.019201066615758e-05,2.3872659207560068e-05,2.1967238674429438e-05,5.6893366174473785e-05,2.7178889074694806e-05,4.4066814344689644e-05,0.00033867584150151054,2.8107622893640476e-05,2.2367022092310574e-05,0.00037028092392414266,2.6174117844286487e-05,2.4324367956088636e-05,2.5117097750200936e-05,3.0488011086096854e-05,4.601715730062659e-06,2.343056840237757e-05,0.00027655501614006617,3.2565755678616515e-05,0.00038380580428393874,3.82950112907502e-06,1.9439168889061632e-05,0.00033825028704629966,0.00039316467757258473,4.146754495647249e-05,0.00014894317059316648,0.00013117345290528,9.673102289514484e-05,0.0001029521999239649,8.175525616086791e-05,8.218758022619705e-05,8.334075788557156e-05,-8.529922370021282e-06,5.911305186046249e-05,0.0001669494288306801,0.00017513327668230793,0.00017081509038537193,-3.938950428370254e-05,-0.0007395387771255124,-0.0005583075157062755,-0.004459318233134576,-0.004405532472906811,-0.005509620006649133,-0.005539524125814413,-0.006222879088524943,-0.00610089069488161,-0.00501214127778547,-0.004867965795201834,1.4378276633594202e-05,-4.4986250282114274e-05,4.723213777345578e-05,-5.333053516165466e-06,0.0004261723961363028,-0.00012727826327676599,0.0004364779627523805,-0.00013627216726281577,0.000567497682338714,-0.00019732896579019847,-1.8809292808269388e-06,2.523926071182091e-06,-4.7462983885045443e-07,-2.5189947696156844e-06,2.0308135693693475e-06,4.523170664834217e-06,-4.499844934157027e-07,3.700871934765353e-07,-1.5517194183426827e-06,-7.068561338735772e-07,-1.6668429760106984e-06,6.885247411053491e-08,-4.5656127173912414e-07,-5.218491525892025e-07,-1.4128237614487785e-06,6.794976997656929e-07,2.969364824687987e-06,-2.1926818877996205e-06,-1.0018866949918059e-07,-4.7648872898057224e-07,8.02669258180644e-06,-4.165013158669437e-08,-4.33937320558076e-07,-2.1983042019992833e-07,2.1725407006664402e-06,-1.3096636371953437e-07,9.928827487323216e-08,-1.734904906446154e-06,-1.6481697619786e-06,-1.2029095742380537e-06,-2.4708909880148506e-07,-9.743621487166033e-07,4.535124588360161e-06,4.891002172876623e-07,3.061323701648517e-07,1.5601951158343186e-07,1.0956425897938161e-06,-5.742288169212523e-07,2.172430857828661e-07,1.81867615907835e-07,-9.914218832084146e-09,6.341916589046e-08,3.3739526430693553e-07,-4.2073729343637234e-07,2.6465858363473995e-07,9.637536342807402e-08,1.8046095638536528e-07,-1.6742789993927273e-07,1.3235143649479193e-07,-1.1744722176258784e-06,-4.179499906964603e-07,2.513406029098351e-07,5.649580342921862e-08,1.4499582166634517e-07,-5.8592019426451816e-08,6.458784870986292e-08,-2.9684537655251157e-08,-4.966376396507177e-07,7.017258805457656e-08,-8.692412118344686e-08,-5.398815631024464e-07,3.928827825860527e-07,-8.166704743058707e-08,9.855377495977835e-08,1.7021145296196662e-07,7.036164463683054e-08,1.2702967828381155e-06
5316.666666666674,-0.013219966028104711,0.3154944550494732,-0.3632699162,-0.001778541911761928,0.33512174668701417,-0.3569922842999999,-0.0007984324357245908,0.3356981460906605,-0.3462878133333333,-0.002037101273995758,0.3357412835186704,-0.3496432730333333,-0.0242789034929447,0.3421108590915911,-0.3754824032,-0.022519161594931083,0.3413533533907128,-0.3893076585333333,-0.018199937183861186,0.33134530896293923,-0.3680125078333333,0.03136104844808468,0.3419274084559194,-0.2407891243333333,-0.08611917009740701,0.29440672863210016,-0.2693498154333334,0.012050663392051618,0.3132925985341264,-0.3068495370333333,-0.01863404033507341,0.28333112744641437,-0.3428843150333333,0.11872616253964106,0.22714167070733582,-0.0905974418266666,-0.15855322362880736,0.26038917058665023,-0.0927790518466666,0.22500086420650475,0.09110383993253447,-0.09409968556,-0.21918431882899891,0.025257520892627755,-0.1792095975666666,0.3459326133364835,0.012764961621752889,-0.1666414378333333,-0.1481990441118898,-0.019423769560214584,-0.3644522110666666,0.3668532714460999,0.005476336320875837,-0.1789511097666666,-0.10666744505689899,-0.020724746541218673,-0.437469399,0.35641008647555905,0.014099703673537247,-0.2060021383,-0.06610533963027503,0.03632493325826574,-0.4471888512333333,0.3534005655927216,-0.00267143355039658,-0.1808547443,-0.12624044783030497,-0.0011354487876928936,-0.32072857,0.08094860010093381,-0.17540723416758422,0.0462898124033333,-0.07918832302831426,-0.1832585680353786,-0.04349147016,0.10784150572611885,-0.5148469517965122,0.0507227636866666,-0.03445663477004584,-0.46007393485274195,-0.0446988852066666,0.07870501739415005,-0.7786060375296562,0.2443760797,-0.07001508974972494,-0.7866859373810315,0.1383187796666666,0.058265567382513206,-0.8063095826668922,0.2700366303666667,-0.07108484785615282,-0.8139448925608107,0.1156843279866666,0.09020335539556514,-0.841259655286689,0.2301778475333333,-0.05835807621218517,-0.8411471097766862,0.0269189244628333,onweer_g_ch1_g19_compr.mp4,ch1g19,1.1651109143208112e-05,0.0002735907102462503,2.1830393382656595e-05,4.240483745784605e-05,3.286659814563636e-05,0.0003013108384261401,2.273581555130369e-05,3.231355448625146e-05,1.2659583475301945e-05,1.19457965880321e-05,0.00030848477327995595,3.026070505344113e-05,2.33987378271007e-05,2.1351570061575123e-05,5.5034841347706756e-05,2.7302011094581295e-05,4.629530933760854e-05,0.000336604659600911,2.8078927935896753e-05,2.1974193876122892e-05,0.0003794721488745894,2.571109663757952e-05,2.3868571729638658e-05,2.4571023431556733e-05,3.168239438524955e-05,4.515163087929237e-06,2.3121586456045538e-05,0.0002742626266877847,3.117973827061555e-05,0.00038289106416106443,3.642603933210556e-06,1.8954837084518043e-05,0.0003435920984546001,0.0003935719364140747,4.233438682692564e-05,0.00015637483515379972,0.00014076329412377703,0.00010765236779358552,0.00011296196298427242,9.655696655093131e-05,9.471348224565241e-05,9.259040459609589e-05,3.427950746197907e-06,6.341930746256738e-05,0.00017352150159809316,0.00018106923319929447,0.00016510574824288925,-4.82298484028866e-05,-0.0007503702551752353,-0.0005351365256379725,-0.004423354235677984,-0.004444864611134599,-0.005475146007684501,-0.005597326583905115,-0.006205433623328977,-0.006221658834494682,-0.004976197405573675,-0.004933542792687029,2.0092429325620902e-05,-5.06957697844639e-05,7.184532194016314e-05,5.133094390284834e-06,0.0004640247663055767,-6.92992003309755e-05,0.00047361782263892287,-7.252793743703007e-05,0.0006222472531595662,-0.00012117250900655339,-1.3405080911081387e-06,1.844832781918597e-06,-3.338101965977432e-07,-1.5106657940073827e-06,1.451502664614576e-06,3.6489924293649955e-06,-2.8032751026724487e-07,3.770948155133409e-07,-1.407675700128153e-06,-4.034045307505891e-07,-2.0992015130240134e-06,1.800911884257481e-07,-3.6808145936927396e-07,-3.4928557758947566e-07,-1.452169023166026e-06,5.543314211175237e-07,1.5513824538106375e-06,-2.736285197212871e-06,1.4302740996622677e-08,-4.488855252147134e-07,6.676173072292191e-06,-1.2745855861209596e-07,-3.8101202000414354e-07,-2.535385936616592e-07,1.7119993848523932e-06,-4.4755359567628976e-08,9.63853534155874e-09,-2.325944919146838e-06,-1.0872125065860811e-06,-1.4037924283018953e-06,-1.315955704563687e-07,-7.526742931982607e-07,3.355222563741321e-06,3.637497079952887e-07,-4.1535965080237195e-07,-3.978927853138829e-08,6.566654317140222e-07,-5.501524159212534e-07,-6.115983580371108e-07,-2.0035124837192407e-08,7.063373712725526e-08,-2.7158539452818732e-08,2.1713430957906383e-07,-8.32511157953499e-08,5.7182220370509753e-08,-1.001115890387967e-07,-1.684712646537889e-08,-2.015093056065201e-08,-1.6898214031367724e-07,-1.2004270351974602e-06,-1.5165324273603216e-07,6.44425794787629e-08,-1.331928744572119e-07,-9.590877153384046e-07,-2.3638484605943316e-07,-1.3954606060909367e-07,-2.2507051265365344e-07,-4.709881591470352e-07,8.280625804110291e-08,-2.69757953038348e-07,-2.5374576168713757e-07,3.6176855060908495e-07,1.9335157803624698e-07,1.0756161544406339e-07,4.875023817930717e-09,-8.281802137558748e-07,8.176344539581716e-07
5333.333333333341,-0.013582007119840938,0.31561217939932024,-0.3655114472,-0.002107933363030562,0.3352248408957662,-0.3591851947999999,-0.0011125011274491098,0.3357694431351779,-0.3484498406999999,-0.002356260129458911,0.33581630838002147,-0.3518210747666666,-0.02462648754703224,0.34218320051937473,-0.3776334186,-0.02286108321773181,0.34141756451043775,-0.3914429492666667,-0.018516883971709384,0.33140326898989586,-0.3701555361999999,0.03115752267767146,0.34190662266491473,-0.2428427904666666,-0.08641060247943702,0.294450089903484,-0.2712781836333334,0.011706171894105338,0.3134329266056057,-0.3090197828666666,-0.01894461571612646,0.28348021282179053,-0.3450445661999999,0.11860526493627277,0.227302233436619,-0.09233621513,-0.15906932761393205,0.2603212394250115,-0.0940761439133333,0.2244575342241144,0.09040731767342056,-0.0946571024866666,-0.21961972617728964,0.024738198919608226,-0.1787569628666666,0.3446743136683031,0.008352296856995777,-0.1656317542666666,-0.1491534872189612,-0.023935208022168766,-0.3612770299,0.36549187245258424,-8.759184741475239e-05,-0.1775647688,-0.10778892065564412,-0.026415322160561642,-0.4336070428333334,0.35469182663363885,0.007742512747657908,-0.2047726300666666,-0.06718864899046642,0.02992169111022271,-0.4436134745333334,0.3519720054118957,-0.007652630900489991,-0.1797920580666667,-0.12709733447249186,-0.006136389660760426,-0.353208661,0.08101107934867566,-0.1753867675187476,0.0462436250133333,-0.07924814740102706,-0.18330884861159136,-0.0434468471399999,0.10837839084301303,-0.5147494467547193,0.0506739139533333,-0.03464293888135674,-0.4600503165612311,-0.04395085182,0.0788928663934788,-0.7781333102800024,0.2449722344333333,-0.07047783618892314,-0.7867837133444819,0.1397593077,0.05847127577017378,-0.8058255100940482,0.2706956481333333,-0.07159724581708686,-0.8140538562052332,0.1172040546866666,0.09058470707014939,-0.8406369073273614,0.2307748282666667,-0.058830949558872345,-0.8412747653289978,0.0284033707528333,onweer_g_ch1_g19_compr.mp4,ch1g19,1.0354423193435815e-05,0.0002740488824310889,2.1350121625404105e-05,4.128150245249752e-05,3.4112431415801725e-05,0.0003033171101845139,2.2292055228114992e-05,3.2720901757916634e-05,1.1211992973171767e-05,1.1811170660181393e-05,0.00030461550115534985,3.0201814993523116e-05,2.3036346651720476e-05,2.0890545101378516e-05,5.3208440945488106e-05,2.7679859941994943e-05,4.748004802974827e-05,0.0003325923144741237,2.791098156776611e-05,2.148723966387697e-05,0.0003839001952795666,2.524446454247565e-05,2.3455055066558913e-05,2.39597450751311e-05,3.320919011491977e-05,4.58505772079938e-06,2.2879607449999643e-05,0.00026996777660977375,3.038257607353567e-05,0.00038048834680797373,3.654156316487044e-06,1.8448890935740266e-05,0.000344939815963207,0.00039053897501009876,4.3380562469440905e-05,0.00015813450099905297,0.0001420399195985289,0.00010979551441015976,0.00011398405374875618,0.00010446720090886851,0.00010134338826798961,9.546899951572747e-05,6.293674321833035e-06,6.512386792151459e-05,0.0001747653206761389,0.00018529581257873141,0.00016509686327196467,-5.944748298833586e-05,-0.0007297948419089269,-0.0005196802364835697,-0.004353371487211176,-0.004429207528199448,-0.005409511653844046,-0.005585365193616825,-0.006163779253778605,-0.006260914606994933,-0.004911747239370216,-0.004940416705035711,2.4706396796977546e-05,-5.5325549697202283e-05,9.99971186813432e-05,2.1701099724390615e-05,0.0005039441298370855,1.378675776233844e-05,0.0005107321633973688,1.7146561772388277e-05,0.0006616672955501972,-3.01815221024472e-05,-1.0179972731397814e-06,1.0296626472848027e-06,-3.56317622532976e-07,-9.615269210457266e-07,8.953921154183909e-07,2.5689864775968036e-06,-2.8510320877662743e-07,4.88023631726434e-07,-1.3772020153286254e-06,-2.6649044901884885e-07,-2.147309716983381e-06,-6.539628701785215e-08,-4.343253817609188e-07,-3.500547712163766e-07,-1.2431667034845935e-06,3.3477938453721626e-08,2.7615296679053247e-07,-2.953502266453862e-06,-1.6996378415748154e-07,-5.502595401486204e-07,4.928185567653155e-06,-3.088346612209322e-07,-4.973119493045177e-07,-4.437167025250699e-07,1.2603797208353286e-06,4.9810877550448694e-08,-1.9008724209140267e-07,-2.5506836949162503e-06,-6.404317886710115e-07,-1.3755700481288968e-06,-2.3096166063765633e-08,-6.953576631661591e-07,2.0040460831974173e-06,2.49681872472746e-07,-8.087476439007629e-07,-2.326227905401696e-07,2.5087253809118444e-07,-4.08929489598617e-07,-1.0750013058951885e-06,-2.2576628070403665e-07,1.6256097951002133e-07,-6.203955577526159e-08,7.608717338689452e-08,3.9874418929408374e-07,-7.971775734822757e-08,-3.007298205370783e-07,-2.1223304993100143e-07,1.7314717030176188e-07,-3.8067825007861127e-07,-9.980744801021577e-07,2.9251270892155167e-07,-5.576497846435349e-08,-3.105307290095629e-07,-1.6074484891602462e-06,-4.1107062760315854e-07,-3.39409016476037e-07,-3.936860401676507e-07,-3.504312272088755e-07,8.334868086960719e-08,-4.479324989086039e-07,2.128800583530238e-07,2.7027248846560064e-07,5.680403009491028e-07,9.98624125358927e-08,-1.5960808901930524e-07,-1.2947628398928069e-06,8.901166461263614e-07
5350.000000000008,-0.013960892546384822,0.31568650740489107,-0.3673496514666666,-0.0024549957611541755,0.33529598458570536,-0.3609876782333333,-0.0014419212764616401,0.3358101986650246,-0.3502275333333333,-0.0026898887234170082,0.3358613096735717,-0.3536171604,-0.02498429077575563,0.3422347390913477,-0.3793929963999999,-0.023215736043194827,0.34145724667257427,-0.3931657788,-0.018845606684681035,0.33143342204441417,-0.3719034116333333,0.03094686583933712,0.34187137552289587,-0.2445903052666666,-0.08670467510421112,0.29447738747574753,-0.2728662778666667,0.011354759770451266,0.313539758864358,-0.3108255353666665,-0.01926317063181896,0.283587941225814,-0.3467982411666666,0.1184785298544413,0.22743774411627662,-0.09393135066,-0.15958310429683842,0.2602337175518758,-0.0950672809966666,0.2238718173793272,0.08974812040366882,-0.0948059156666666,-0.2201168524690503,0.024207640672366963,-0.1779043580333333,0.3432841254898578,0.00398757213400564,-0.1636415261333333,-0.15032753322445347,-0.028342240171885115,-0.3574850022666666,0.36398355271286226,-0.005583745495835348,-0.1750695259,-0.10912363821071391,-0.031954899634170156,-0.4290627688333334,0.3528337686153317,0.001433256975636341,-0.2024125543666667,-0.0685868071421148,0.023669020433458886,-0.4394094089333333,0.35040355418440805,-0.012573793663473809,-0.1777143797,-0.12823609020231036,-0.01101548773459074,-0.410217196,0.08106486412073372,-0.17536909671824397,0.0462061895733333,-0.07929597456925089,-0.183358204980503,-0.0434125425566666,0.10890870309407538,-0.5146597270089144,0.05037149377,-0.03485463852510583,-0.4599702665004565,-0.0437663826466666,0.07899199979791674,-0.777648079186925,0.2452994966999999,-0.07102098069373905,-0.7866397051633061,0.1409279312666666,0.058579694427012594,-0.805324536303139,0.2710792189,-0.07219516497561004,-0.813904470980924,0.1184829592533333,0.09090696080679782,-0.8400088334049809,0.2312247658666666,-0.05930178297810133,-0.8412228604210932,0.0298490970561666,onweer_g_ch1_g19_compr.mp4,ch1g19,9.12951413058602e-06,0.0002722849966363505,2.074140724625006e-05,4.008972320360382e-05,3.4098454298878184e-05,0.0003027763302255086,2.174455754324264e-05,3.349955643422804e-05,9.641963428541285e-06,1.1689931128397186e-05,0.00030109654957071505,2.987258948278834e-05,2.243874460371368e-05,2.031851897688901e-05,5.1637466024522785e-05,2.7443071020124475e-05,4.6074745294122444e-05,0.0003280774848213771,2.7493463990997688e-05,2.0683782400970324e-05,0.0003849477100848579,2.46348623859166e-05,2.272932657575752e-05,2.3009225146174998e-05,3.3699866531977355e-05,4.756227539397872e-06,2.240996011380215e-05,0.0002658549168190768,2.9861205259726148e-05,0.0003781196597313991,3.7891303736389087e-06,1.7734737266234113e-05,0.00034281710504216483,0.00038612377548411983,4.349220121467036e-05,0.00014996276735436745,0.0001330608782829159,0.00010091974418603928,0.0001041598518158582,0.00010251858218297659,9.882961007960375e-05,8.87727853652788e-05,-2.9730933572619046e-06,6.203434753885575e-05,0.00016479128372610878,0.00018104999970116185,0.00015823967352608022,-7.499780456010257e-05,-0.0007041439361398649,-0.0005118551451379225,-0.004289291454137533,-0.0043731878527445735,-0.005341296307131627,-0.005514969649436217,-0.00612974366729362,-0.006244030689309767,-0.004856604793629629,-0.004905028585325156,2.8226509662734122e-05,-5.899448373411111e-05,0.00011769135962858053,3.0022847953959546e-05,0.0005320127595183995,8.685365696368223e-05,0.0005340676919240404,9.640534359026854e-05,0.0006705144415907663,4.523892620876777e-05,-9.177802870469377e-07,1.1394154347894381e-07,-6.492521924065957e-07,-1.0130931093294448e-06,5.994085358949963e-07,1.4072272300229528e-06,-5.764455697403022e-07,6.803298199733674e-07,-1.4349700970467821e-06,-3.5163357015914956e-07,-1.6167854684252596e-06,-6.265782281590084e-07,-7.757050505638929e-07,-6.272114612589288e-07,-8.380169637889763e-07,-6.781253330845262e-07,-5.870357144043795e-07,-2.619391866804802e-06,-6.45061589634942e-07,-8.900954831893347e-07,3.0605254723570903e-06,-7.111326959064894e-07,-8.855009027285254e-07,-8.585669649296027e-07,1.030745966465579e-06,1.5720943980781762e-07,-6.136238595697125e-07,-2.255685625130997e-06,-4.1948254125018706e-07,-8.170978308473158e-07,8.760205568664543e-08,-9.125710430247499e-07,6.105847867598765e-07,1.774577493815456e-07,-7.933675642160035e-07,-3.833378172515651e-07,-2.93158777990031e-08,-1.876584748948166e-07,-1.0712476860845275e-06,-3.971086374885845e-07,2.68095483775409e-07,-4.1421481135902144e-08,-3.8203007238782135e-08,8.823614152726587e-07,-1.273398273030598e-07,-4.5777738952950805e-07,-3.6674171159558923e-07,3.622923129247044e-07,-4.736177749390248e-07,-5.813749769252935e-07,7.878480317011342e-07,-9.33994132230635e-08,-4.3195714600096856e-07,-1.6553035844220182e-06,-5.505033421765883e-07,-4.858950350130592e-07,-5.029498449425406e-07,-1.6363550793376172e-07,7.19058347309208e-08,-5.850506595912786e-07,7.115465832993962e-07,1.4959357609287177e-07,9.290757103425403e-07,7.886383885391888e-08,-2.768607496197563e-07,-1.2197285968339422e-06,1.1259865775623335e-06
5366.666666666675,-0.014347934445879527,0.31580111218246515,-0.3690367529666666,-0.0028038445863302025,0.33540159864027996,-0.3625918676999999,-0.0017742406839579225,0.3358841535316088,-0.3518048719,-0.003026395441511219,0.33593867890194684,-0.3552103697,-0.025347460408549058,0.3423190153356047,-0.3809247831333333,-0.023577794079682954,0.3415329887988704,-0.3946656174333333,-0.019180055534689436,0.3314948185573825,-0.3734270990666667,0.030777966437898818,0.34186017163464577,-0.2460915793666666,-0.08699992943391578,0.2945377958021134,-0.2742319633333333,0.011004391303737177,0.3136794923259705,-0.3124793844333332,-0.01958499782264127,0.2837400541607162,-0.3483745137999999,0.11845296926216872,0.22759249958066405,-0.0954125064633333,-0.16009630383486365,0.260157525623596,-0.0959954653866666,0.2233870854818421,0.08916740489044445,-0.09516526586,-0.220601503444483,0.02376436664868767,-0.1772996937333333,0.3420848966903148,-0.00023716761442993276,-0.1625685933666666,-0.15161914133550827,-0.032445859531196324,-0.3542357454666667,0.36270364345517886,-0.010902824486003328,-0.1737002765666666,-0.1106936620015042,-0.03718033748048616,-0.4250442813000001,0.35120041201350677,-0.0047175823737583234,-0.2012619483,-0.07017309029988995,0.017696953504697112,-0.4355367620333334,0.3490215857541845,-0.017380879200066177,-0.1765982474333334,-0.12951685901740664,-0.015648249305272144,-0.451005965,0.08112323902256145,-0.17534601556422058,0.0461558186833333,-0.07934898711739889,-0.18341362529957503,-0.0433599161266666,0.10946062450587668,-0.5145511876121431,0.0500616937866666,-0.03509934533072477,-0.45990169630900424,-0.0428032957033333,0.07904754029266796,-0.7770843543890976,0.2459399316999999,-0.07150202546123229,-0.7864652542832614,0.1434135591999999,0.05863418144298474,-0.8047499534866599,0.2718487834,-0.07271448310404605,-0.8137174293612921,0.12114677452,0.09116815475311202,-0.8393402032994133,0.2320605074,-0.059755237884935995,-0.8411268810929934,0.0327625670761666,onweer_g_ch1_g19_compr.mp4,ch1g19,8.888366269593562e-06,0.00026900556270888627,2.0514991757379634e-05,3.883612106271372e-05,3.507699519907956e-05,0.0003003342985886959,2.1574534618667035e-05,3.405088266763498e-05,8.775371635264962e-06,1.1770670772041555e-05,0.0002987842538678766,3.005360550297155e-05,2.206748273309801e-05,2.0110098639133627e-05,5.146514281205957e-05,2.6944785990459358e-05,4.460214581500504e-05,0.0003239065950514173,2.7539700553951297e-05,2.00581311571869e-05,0.00038289715121400615,2.43626943279069e-05,2.2249191004439848e-05,2.261573250020932e-05,3.5143895282579685e-05,4.9880658138824035e-06,2.224762074666847e-05,0.0002627678487078907,3.03774904238991e-05,0.00037595668950290967,3.9825811209592605e-06,1.723122707465215e-05,0.0003389773814015271,0.0003815335375910759,4.4648947157063314e-05,0.0001413150939023835,0.00012371140003358656,9.124670978492658e-05,9.365968688640423e-05,9.674135776800183e-05,9.361816166568102e-05,7.966610004534957e-05,-1.7926069847931788e-05,5.350143962395582e-05,0.00015181179445993896,0.0001737374784399584,0.00014096906325515088,-9.762760873392743e-05,-0.0007005284296637128,-0.0004987931940206371,-0.004238475922946037,-0.00429194695863835,-0.005274736321395464,-0.005416485987892669,-0.006093650490243756,-0.006179654176580234,-0.004816630994905317,-0.004840191473331286,3.156852592151552e-05,-6.279974659123758e-05,0.0001430798688355179,4.351829446122121e-05,0.0005752378210849581,0.00017122155006474364,0.0005723769817668767,0.0001876723638002333,0.0006761312133639752,0.00012478276466283691,-8.845000911727498e-07,-3.5916915299049254e-07,-1.1261549273930114e-06,-1.3221082809948882e-06,4.970402422412701e-07,6.399459001483785e-07,-1.0771830116254327e-06,9.678363299078127e-07,-1.4948915199379553e-06,-5.500657135154391e-07,-4.951275069571652e-07,-9.73083706199882e-07,-1.3179679859971222e-06,-1.0950081591506028e-06,-2.1583263098420353e-07,-1.3403297015068196e-06,-9.639968316835738e-07,-1.5901377200324025e-06,-9.36341098341896e-07,-1.390096126315496e-06,1.7029110491746724e-06,-1.3016948623448758e-06,-1.4546982125079651e-06,-1.4138177997722298e-06,9.235223149704504e-07,2.3452859557799192e-07,-1.2210223916760298e-06,-1.2957257144606593e-06,-3.945083154957255e-07,3.098456759637638e-07,1.631893974026343e-07,-1.3037306611317897e-06,-2.5554092152756095e-07,1.7024869430228192e-07,-5.483053630506193e-07,-4.6155215075965543e-07,-1.1952546548029441e-07,1.2184753425123812e-07,-8.153534999219197e-07,-4.999345293996966e-07,3.73934126385363e-07,6.861824373776813e-08,-1.0225437404906533e-07,1.365673205731646e-06,-8.004722336009414e-08,-5.329343747109274e-07,-4.459453641344376e-07,5.793187993078627e-07,-3.958516154248841e-07,-6.74946975774149e-08,1.3654878957784594e-06,-4.588626105697297e-08,-4.7076275388394156e-07,-1.385818609967036e-06,-6.264078339217012e-07,-5.450726511562354e-07,-5.403849597824471e-07,8.951277789038501e-08,5.5311545637095384e-08,-6.536933710737043e-07,1.2445888730793042e-06,3.5396499901559216e-08,1.3306237920762867e-06,5.269705016097971e-08,-3.02473181493868e-07,-8.862911737510084e-07,1.483083558762846e-06
5383.333333333342,-0.01471465491489065,0.3159928203833403,-0.3707897633333333,-0.0031323211147525998,0.33556873869454035,-0.3642405798666666,-0.002091312349882661,0.33601814024121307,-0.3534260347999999,-0.0033482850203489277,0.3360734850938254,-0.3568424829333333,-0.025697666168485393,0.34245881865715927,-0.3825111984999999,-0.02392835768030766,0.34166992640500377,-0.3962284392666667,-0.01950228350834046,0.3316141001493664,-0.3750054161333334,0.030644777315022367,0.3418778378819619,-0.2476080194,-0.08727758165367662,0.29463601047685284,-0.2756240805,0.010672993640721815,0.3138736266734498,-0.3141929225999999,-0.019896446830282122,0.283961625771759,-0.3500098138999999,0.11846856583724118,0.22776488038828524,-0.0969100773833333,-0.16058914857542184,0.2600987852748071,-0.0970564834466666,0.22292702309077309,0.08853977651099217,-0.0956108870733333,-0.22098222495037573,0.02334292199891973,-0.1773538500333333,0.3411883254849131,-0.004323443214095332,-0.1618649774333333,-0.15303212749424633,-0.036510092369700056,-0.3525957653666667,0.3618001865291722,-0.01595086333699457,-0.1727749115,-0.11245358163647348,-0.04233780466742693,-0.4229725967000001,0.35003463306319377,-0.01060260508387522,-0.2005600683333333,-0.07192745993691775,0.011720224682511597,-0.4336169014000001,0.3479795543727313,-0.022052225497223302,-0.1758638321,-0.13092411714682964,-0.02030585588975256,-0.455592781,0.08117913772959645,-0.17531380933858276,0.0461121565433333,-0.07940085412828603,-0.18347715281661378,-0.0433110738699999,0.11001362117194953,-0.5143887098800705,0.05012539749,-0.03528013566321555,-0.459847206811918,-0.0413194217733333,0.07908166330703996,-0.7764364010541505,0.2474035734333333,-0.07183130229446033,-0.7861835435238701,0.1470017155999999,0.05866676490602109,-0.8041047943207202,0.2735177393,-0.07306470696925538,-0.8134056064228803,0.12499592825,0.09140419763390875,-0.8385996917726279,0.2337956438,-0.060069819513566346,-0.840891171733393,0.0369984502114,onweer_g_ch1_g19_compr.mp4,ch1g19,8.541337336916544e-06,0.00026717890488025067,1.9574445684726632e-05,3.787245509761092e-05,3.556012414367906e-05,0.0002992288651390366,2.0709351900957756e-05,3.494554538257444e-05,7.777219446369762e-06,1.1771378352434379e-05,0.00029819810646967873,2.9404688682755194e-05,2.086229396291291e-05,1.9182248016293646e-05,5.2347518787377646e-05,2.5629282838664454e-05,4.2831359279632904e-05,0.0003214568242228648,2.6919669175090686e-05,1.873562478554581e-05,0.0003820586751423916,2.3216432417924184e-05,2.0893590062718096e-05,2.134441877509392e-05,3.609461954113676e-05,5.254760608476887e-06,2.109228360742739e-05,0.00026142044971424555,3.0637575687554944e-05,0.00037513664763223054,4.186551102031071e-06,1.6015575076419703e-05,0.0003369201857619648,0.0003793412768472789,4.5027659813893715e-05,0.00014423205481329412,0.00012542339398559092,9.204696462190108e-05,9.38824720581494e-05,0.00010048226269620433,9.818480697380736e-05,8.034486197363112e-05,-2.690148524470511e-05,5.568486225988657e-05,0.00014834397019858803,0.00017564081968352366,0.00012574450006109275,-0.00011511897264424083,-0.000713953064277859,-0.0004935408680954914,-0.00421564668369072,-0.0042448933779194705,-0.005234138574267854,-0.005361447581705628,-0.006078696159755006,-0.0061482581142446,-0.00480409100958707,-0.0048082821873337775,3.567417696637074e-05,-6.760581130082496e-05,0.000164143160274458,4.814774992179367e-05,0.0006061683139334603,0.0002328407772727734,0.0005968849362075512,0.0002540709341214322,0.0006641725114749571,0.0001816296043221273,-7.999020783063129e-07,-5.744696905579089e-07,-1.6548320145045058e-06,-1.6330507595148472e-06,6.86723184779065e-07,1.314908947802385e-07,-1.6580322618911232e-06,1.3499721993660993e-06,-1.5261227555545084e-06,-7.241791114884319e-07,1.3387224417657114e-06,-9.632625592810813e-07,-1.9269849007652644e-06,-1.6178782216399642e-06,4.7027821474809715e-07,-1.671731334497187e-06,-8.02273748415864e-07,3.3366329755186693e-07,-9.052049931216725e-07,-1.9137896474979538e-06,7.541954986550739e-07,-1.9588058940782156e-06,-2.068464784884855e-06,-1.9991054933421145e-06,1.0415031076171546e-06,2.723989907240596e-07,-1.9235116974699994e-06,4.230009867243693e-07,-4.825403811485284e-07,2.1837488080684097e-06,1.953775338953848e-07,-1.7335009220962845e-06,-6.852785355763111e-07,2.4756670854735905e-07,-2.0753098267012106e-07,-4.2259651735308865e-07,-3.092501654684804e-08,4.326116595160329e-07,-4.3230234626968075e-07,-4.877461362701779e-07,4.5833527688019696e-07,2.5977362471208775e-07,-8.568309131213659e-08,1.6903477489316868e-06,7.332061370040066e-08,-4.782740904870558e-07,-4.0593251152256595e-07,7.579908560136263e-07,-1.9723054431716684e-07,4.256242425731411e-07,1.797875259366225e-06,9.508666774125492e-08,-3.8804043093326296e-07,-9.083867007308388e-07,-5.88522466557765e-07,-4.69380406854604e-07,-4.5722703405878225e-07,3.463259858995782e-07,3.414117569606198e-08,-5.994132145209563e-07,1.6387553111402092e-06,-1.0112875639936187e-08,1.5874570149107097e-06,2.5722646162073797e-08,-1.9479203582954617e-07,-4.40265746912293e-07,1.8177168572159314e-06
5400.000000000009,-0.015086658248172662,0.3162050417956754,-0.3723893295,-0.003460345478416132,0.3357563469114601,-0.3656727850999999,-0.0024089856942769855,0.3361762674196691,-0.3548346296666666,-0.003671172992944067,0.33623218815945505,-0.3582570472,-0.026050793869090948,0.3426233536559049,-0.3838312218333333,-0.02428378518221062,0.3418362265106565,-0.3975370731333333,-0.019829024997357555,0.33176002484829764,-0.3763240308333334,0.03054355659613276,0.3419092414694607,-0.2487802827999999,-0.08755348558265298,0.29475619335927555,-0.2764868140333333,0.010342314590685379,0.31408273703162276,-0.3157331493333333,-0.020216047081096852,0.28420102887575005,-0.3514446199,0.11851892542264723,0.22792978340943426,-0.0980155801333333,-0.16108401951155768,0.26002150805917895,-0.0977089849333333,0.22245594764000265,0.08781457665991659,-0.0962315475,-0.221386536620863,0.022892012203539147,-0.1772527064333333,0.340230414849319,-0.008502335346082156,-0.1622087695666667,-0.15459793407701314,-0.04065410608238602,-0.3511027763,0.36084764184601675,-0.021076738451797528,-0.1730915939333333,-0.11442585771584254,-0.04757201238328242,-0.4210936755000001,0.34881452477342767,-0.016561166553723448,-0.2011340809333333,-0.07385007057973117,0.005693453817512468,-0.4319582501666668,0.34686096432688696,-0.02681788356795027,-0.1762393378666667,-0.1324855076036775,-0.025047300004342632,-0.40669176,0.08124415695505846,-0.1752782381702027,0.04606167923,-0.07946268232938954,-0.18354473229547216,-0.0432523071666666,0.11055687066105152,-0.5142411007961947,0.0503105615566666,-0.03546557724720847,-0.4598220321072139,-0.0395179786146666,0.07911842778470425,-0.7758660026309595,0.2492537507666666,-0.07213082496657887,-0.7859487494324137,0.1507764146666666,0.058704108446570785,-0.8035603083335116,0.2755913958333333,-0.07338535471044576,-0.8131480088915368,0.1290151839333333,0.0916279138365521,-0.8380051238961411,0.2359009519,-0.0603957829703508,-0.8407081714142217,0.0413483455719,onweer_g_ch1_g19_compr.mp4,ch1g19,8.161608033614682e-06,0.0002680139227263308,1.8067884696388463e-05,3.6440258268905757e-05,3.684274151804968e-05,0.0003009993938099639,1.9206391412515384e-05,3.6549531823494137e-05,6.758073044124455e-06,1.0659487187491598e-05,0.0003015698534017894,2.8079666378578416e-05,1.8979379577188304e-05,1.7705803653129962e-05,5.4104126816328234e-05,2.3743655135636156e-05,4.233642342032097e-05,0.0003232693459929116,2.5653350376180878e-05,1.688754197481586e-05,0.00038422052846623855,2.1432054050550616e-05,1.8884224257299238e-05,1.9676576602809342e-05,3.7739555650406335e-05,5.5320817648144606e-06,1.9359804615420477e-05,0.0002637876652392099,3.057363924282686e-05,0.00037843375478030067,4.345086418434452e-06,1.4431800518379703e-05,0.00033824168540426923,0.0003816681072198343,4.563297542581698e-05,0.00014159063761723996,0.00012008271670301197,8.538701094811007e-05,8.727904235106618e-05,9.601762626080486e-05,9.524251868331613e-05,7.473293589475044e-05,-4.3876495869781906e-05,4.687739996020718e-05,0.00013648830397254566,0.00017089782190744286,0.00010327737792233087,-0.0001394356351686592,-0.0007405936289301589,-0.0004980509727153991,-0.00425329177516902,-0.004259976755802397,-0.005262313086460213,-0.005381293929353347,-0.006130186080949729,-0.006184323476209237,-0.0048561985979765415,-0.004839091858104393,4.1570422159043376e-05,-7.392912213212873e-05,0.0001817031882900221,4.393780250364597e-05,0.0006376989604945982,0.0002792094474265451,0.0006221406533648625,0.00030364448922021316,0.0006503544030740026,0.00021623530063856147,-5.365902282191093e-07,-6.112777613422119e-07,-2.1286032368511564e-06,-1.826728703758846e-06,1.3812999873818516e-06,-1.1313396271038918e-07,-2.2070738061687354e-06,1.894628906126396e-06,-1.3354762584486173e-06,-8.153170182580068e-07,3.3827809498023607e-06,-6.063174063759062e-07,-2.486210077113973e-06,-2.0837991874947744e-06,1.1667494087065585e-06,-1.6225916434881635e-06,8.903683062663338e-08,2.5475358816678717e-06,-5.627092905857028e-07,-2.358986366908764e-06,2.2753171579596306e-07,-2.5933362610808946e-06,-2.60542964882458e-06,-2.4938540313436186e-06,1.5998409979742413e-06,2.714836103152968e-07,-2.593950699659874e-06,2.4289132002953216e-06,-5.94297549700399e-07,4.16454107292274e-06,1.841833890650283e-07,-2.039561839533904e-06,-8.091848728416415e-07,4.1597406193501177e-07,1.5792046210239642e-07,-2.452338322722593e-07,2.410113424641719e-07,5.92482683179836e-07,2.8993804243836145e-09,-3.3381275582028707e-07,4.965569446376168e-07,5.128115618705768e-07,1.249075425091957e-08,1.7195462585835245e-06,2.879141166938914e-07,-2.732210807860733e-07,-2.2716510432297532e-07,8.892541820838273e-07,3.893256222105644e-08,7.683121682901451e-07,1.9258049614488067e-06,2.898725348814519e-07,-1.6926159830909592e-07,-2.8874156356615755e-07,-4.1269065321055864e-07,-2.430506418773581e-07,-2.4671371293987616e-07,4.7628839415463564e-07,9.993990368970513e-09,-4.06131524665678e-07,1.7562562313360328e-06,3.4575911845517426e-08,1.5642094912603447e-06,3.0177849564089327e-09,4.710926728335967e-08,4.407249553217729e-08,1.9895311734193157e-06
5416.666666666676,-0.01542175345728583,0.31631145660983123,-0.3748531599999999,-0.003748347139023079,0.3358423456434862,-0.3680316200333333,-0.0026884953346841536,0.33622437113493364,-0.3571587041666666,-0.0039581700172761514,0.33628222402806757,-0.3605938562333333,-0.02636092406451897,0.34267997796877325,-0.3860639234,-0.02459363761290839,0.3418969329994836,-0.3997625684999999,-0.020111397190908854,0.33180112713385496,-0.3785496186,0.030458593426268783,0.341814057784359,-0.2509147256,-0.08779612094380373,0.29475647279904377,-0.2782465885333333,0.010041540405717688,0.31417437009374544,-0.3181167122333333,-0.020503940453934305,0.2843379903497441,-0.3537118047333333,0.11856886590556967,0.2279844892608173,-0.0999098162366666,-0.1615621229468167,0.2598180337175741,-0.0990372888333333,0.2219664265061962,0.08695889047107905,-0.09745622154,-0.2216424346747703,0.022284854416408737,-0.1776608005666666,0.33923340814334435,-0.012729226717847458,-0.1629187517666666,-0.15587539543546705,-0.044984088052710466,-0.3501120944333333,0.3598256708726921,-0.026244475241733317,-0.1737446259,-0.11607662736556998,-0.05295741643958614,-0.4197269350333334,0.34749757502556505,-0.02254509565490941,-0.2020342884,-0.07546189856555714,-0.0004363714240661218,-0.4308583974666667,0.3456880990230175,-0.03164996209907825,-0.1769752302,-0.133740452165247,-0.02995904974612246,-0.416566581,0.08130596002773531,-0.17522819671851164,0.04600463982,-0.07952371487606162,-0.18362653627470116,-0.0431857660299999,0.11111818400458652,-0.5140402987974628,0.0506496554833333,-0.035633514879621415,-0.45978634779745625,-0.0377629385673333,0.0792292498007718,-0.7751902746809609,0.2516602073333333,-0.0723874705161492,-0.7856252319282703,0.1543073928333333,0.05883493084095329,-0.8029119654807942,0.2782519147333334,-0.0736587726602358,-0.8127928358010201,0.1327839314666666,0.09200044432140865,-0.837351113183985,0.2385897348,-0.06074157515122605,-0.8404290264927345,0.0453679772143333,onweer_g_ch1_g19_compr.mp4,ch1g19,7.536495484198974e-06,0.00026951697236403236,1.5923415427624748e-05,3.479864699050794e-05,3.8945152820569845e-05,0.00030297828829263534,1.695664346104325e-05,3.901766485735664e-05,5.353951598075088e-06,8.781006090442311e-06,0.000307334673835095,2.610218450317791e-05,1.639633578734139e-05,1.5615562399620003e-05,5.5902797199954854e-05,2.0711025369883236e-05,4.353572714095412e-05,0.00032829546171368924,2.3900869712298125e-05,1.4538936968729882e-05,0.0003861498145318372,1.887376949294092e-05,1.6208227394529118e-05,1.7281143779780693e-05,3.998900024346179e-05,5.811253835825138e-06,1.6780709484454634e-05,0.00026858940607412014,2.9637867694575344e-05,0.0003847989931744846,4.485827952981148e-06,1.2181139416784326e-05,0.00033973407912674455,0.000386155067317098,4.6587248399919875e-05,0.00012478390438174693,0.00010251309852466579,6.64820703287117e-05,6.915697866480829e-05,7.869368355627739e-05,7.806019633495568e-05,5.568931731103245e-05,-6.438907642548222e-05,2.7413133917167462e-05,0.0001132585151369415,0.0001517676221081221,7.787673477724187e-05,-0.00016823666703578058,-0.0007678104162007756,-0.0005113734751803886,-0.004334156253385948,-0.004301408215646951,-0.005346867616876027,-0.005423769707916239,-0.006236679068018745,-0.006233377152282759,-0.004951604710678709,-0.004887001305687435,4.776661638068979e-05,-8.016097522478975e-05,0.00018696135377432987,3.746939522748714e-05,0.0006629244824394657,0.0003142180379151488,0.0006421319201902931,0.0003395479688102827,0.0006373767741103484,0.00023190674630227617,-7.874968823481939e-08,-1.6902063051566931e-07,-2.388188520498732e-06,-1.5914443580307387e-06,2.137931665136518e-06,2.4902744564411736e-07,-2.553708669342988e-06,2.5011113148040526e-06,-7.456837046910806e-07,-7.791039356202878e-07,5.350643712209771e-06,-3.3704676731778344e-08,-2.8086353299515524e-06,-2.326373350590106e-06,1.9458144743032787e-06,-1.3101401181394093e-06,1.1463745608464904e-06,4.766376453645382e-06,-2.276981644640287e-08,-2.5625738713606544e-06,5.327737104526323e-07,-3.0540009138833505e-06,-2.8823826224855227e-06,-2.7286099403642166e-06,2.194167375487033e-06,2.440592326145224e-07,-3.0480355652674304e-06,4.4960878435651455e-06,-6.765597935619484e-07,5.942786368516951e-06,1.5076890569617259e-07,-2.032284469680338e-06,-2.667713100265089e-07,6.330781383478939e-07,4.141472403121506e-07,3.185197987074993e-08,6.185732787191033e-07,6.951237478080901e-07,3.485930878760963e-07,-7.038129097170911e-08,4.7242270700207377e-07,8.045636958972127e-07,1.9714340735010016e-07,1.4118930506552136e-06,5.713516709406807e-07,4.351571704660394e-08,5.049942800606055e-08,9.75645158500969e-07,3.6526786425915854e-07,9.070125811601666e-07,1.6687432187278606e-06,5.435219528474234e-07,1.4354049772582428e-07,2.6911913268481427e-07,-1.2850726621291122e-07,9.257093412718686e-08,6.013233234779776e-08,5.55264268190185e-07,-1.2117152016682571e-08,-9.701423413820502e-08,1.5357138788128686e-06,1.803054809880749e-07,1.1865227585022198e-06,-1.2702260400509762e-08,3.8572362401094404e-07,4.296608593416132e-07,1.965820803300321e-06
5433.333333333343,-0.015686255180386056,0.31642459787307115,-0.3770119776666667,-0.0039927639832919234,0.33593231584461525,-0.3701234242,-0.0029220930789206415,0.33627724716463503,-0.3592198724999999,-0.004198516572752752,0.336337597750787,-0.3626700717666666,-0.026598003213509233,0.34274736660107485,-0.3880961954,-0.024833334986183963,0.34196536944516304,-0.4017847365333333,-0.020322610624896823,0.3318480928523877,-0.3805718800333334,0.030380311985407495,0.3417181389977312,-0.2530167017666667,-0.08797001853253575,0.2947594714027099,-0.2801642120333333,0.009791202983669861,0.314270462529779,-0.3202529407,-0.02072230545361941,0.2844777987592978,-0.3558044641999999,0.11859677766792116,0.22803557465786353,-0.1019289106033333,-0.1619998878680615,0.2596103664359863,-0.1005649312766666,0.2214604189691685,0.08610789641781696,-0.09853837814,-0.22183474728991484,0.021680608765544816,-0.1776615004333333,0.3382052465901391,-0.017078089060691127,-0.1626608742666666,-0.1571166013419776,-0.04957982148447328,-0.3472560226333334,0.3588025634747703,-0.03158721428216387,-0.1731816421333333,-0.11766797896218535,-0.05872808345826683,-0.4160885721333334,0.3461707068809882,-0.028758722233202114,-0.2016809659666666,-0.07704401838807184,-0.007033113923463952,-0.4274967998333334,0.34449005687062423,-0.0365996590467695,-0.1766966470333333,-0.13495995181027254,-0.03514399338279473,-0.377185851,0.08135932269596181,-0.17517512850622483,0.0459665705833333,-0.07957427529450892,-0.1837122001372112,-0.0431432356333333,0.11177699261409609,-0.5138469371112327,0.0510394647666666,-0.03573141604500795,-0.4597614551051043,-0.0361614314236666,0.07935483272522686,-0.774558358804779,0.2538039762999999,-0.07265456699013688,-0.7853190279987895,0.1574975086666666,0.05897884531433532,-0.8023073812493192,0.2805751538,-0.0739504595479802,-0.8124594484362432,0.1361842704,0.09241843376247183,-0.8367237037314134,0.2410364150666666,-0.061024718136615856,-0.8401707576885273,0.0490905064029999,onweer_g_ch1_g19_compr.mp4,ch1g19,7.001938457645837e-06,0.00027106743442312654,1.3071034327789335e-05,3.2842107376198964e-05,4.110832157014478e-05,0.000305112414084666,1.3886071910500299e-05,4.201625271686327e-05,4.085998732414114e-06,7.726849295373661e-06,0.0003145411001512672,2.5561310448492503e-05,1.3128568256798467e-05,1.2819831576205349e-05,5.801499175723239e-05,1.9130769653706054e-05,4.523159701631645e-05,0.0003354050528590135,2.3467933481368197e-05,1.1666367547925968e-05,0.0003890174187067207,1.536455568344473e-05,1.285561350166273e-05,1.4074891290948294e-05,4.21141236268183e-05,6.0199334844661846e-06,1.3311015887103753e-05,0.0002750187040294753,2.809740264684676e-05,0.0003928158113481756,4.573815505140872e-06,9.717141973156547e-06,0.00034159942384604723,0.00039186373250951626,4.821144377366081e-05,0.00011293724236051796,8.992387263957971e-05,5.2387522174223415e-05,5.592789830102453e-05,6.456779857733983e-05,6.437638259880903e-05,4.1383240624057734e-05,-8.240227647491587e-05,9.261475556978059e-06,9.421250449812188e-05,0.00013475946873147125,4.673746810323785e-05,-0.00019924167095102988,-0.0008085274702633117,-0.0005157911877079119,-0.004434874519302226,-0.004347181349856899,-0.0054557293163396805,-0.0054777459630259975,-0.006356145797305598,-0.006302927746850445,-0.00506130012430509,-0.004941744033341915,5.263398778749503e-05,-8.511971523972252e-05,0.0001846348340622346,3.729980649162532e-05,0.0006862466260256904,0.00034315597775279723,0.0006637205786973529,0.0003688694103194279,0.0006334082836836648,0.0002411555326054488,6.74223192080901e-07,4.781409069578782e-07,-2.2922794979789716e-06,-6.821442658199445e-07,2.9934807156844147e-06,8.993265829168457e-07,-2.5664288421217147e-06,2.958564836157846e-06,2.1830895366917108e-07,-4.869360420706352e-07,6.890511165312711e-06,7.103604081811082e-07,-2.699810296619049e-06,-2.2068387527281783e-06,2.9989494563056095e-06,-7.158961466598216e-07,2.261051368289903e-06,6.630024757075129e-06,6.764545748973977e-07,-2.3430466631091353e-06,1.1025046302171613e-06,-3.1531328024381114e-06,-2.7071580838743085e-06,-2.586069651450807e-06,2.884788956849206e-06,2.2226573785541824e-07,-3.1054075599149205e-06,6.2320951208357955e-06,-4.956457182370585e-07,7.155381528102444e-06,1.2760088845310947e-07,-1.522175463973835e-06,4.286890501650233e-07,8.675691275405507e-07,5.867498380227136e-07,3.931781194068975e-07,1.050692556308136e-06,7.21912983050183e-07,5.937815379779431e-07,2.895721856480775e-07,3.8915279542704075e-07,1.0983958406527648e-06,3.6607623541122e-07,8.828687538486054e-07,7.808198128625439e-07,4.482811081887338e-07,4.118843917868267e-07,1.0369849817139876e-06,6.105606328988402e-07,8.58417464016975e-07,1.1451506212076626e-06,7.287110740060382e-07,5.272286734427319e-07,6.762596812283556e-07,2.589659949494826e-07,5.105674378874715e-07,4.507149817412022e-07,5.72752264273128e-07,-2.8238805764378483e-08,3.1794494638334244e-07,1.0835294235819637e-06,4.1186139587402377e-07,5.999968529509013e-07,-1.982812891563113e-08,7.760878544283098e-07,6.921597325331965e-07,1.922915516700936e-06
5450.00000000001,-0.015914930106887763,0.3165628746234045,-0.3793046236333333,-0.004208062087044143,0.3360322598101786,-0.3723336617666666,-0.0031263838491427456,0.33633796900321217,-0.3613996282666666,-0.004410932934792871,0.33640105919101093,-0.3648584513333333,-0.026803419618626468,0.3428077153006653,-0.3902383048666667,-0.025037606308530223,0.34203285517821064,-0.4039266850666666,-0.020498978382858614,0.33189557388803786,-0.3827053140333333,0.030312489975640563,0.3416187930435621,-0.2552080978,-0.08811566273693947,0.2947511707324358,-0.2821529816333333,0.0095687806548979,0.3143762367419868,-0.3225239969,-0.02090955418911394,0.2846329750412248,-0.3580417513666666,0.11862960689560381,0.22806271461649363,-0.1040893842833333,-0.16243522366993854,0.2593873636394123,-0.1020802673766666,0.2208730017608329,0.08520478364635288,-0.0999873529066666,-0.2219630805179655,0.021174632328196653,-0.1776866083999999,0.3368453443258728,-0.021612433665794323,-0.1633203718666667,-0.1581477998589317,-0.05383218441138617,-0.3452505111333334,0.3573351653394708,-0.037145797784717535,-0.1738497366666666,-0.11900771174077045,-0.06410941530594469,-0.4136299500666667,0.3443159788151395,-0.035202432593500435,-0.2025369035666666,-0.07832217617925895,-0.013176891787612149,-0.4253078242333334,0.3428941530298231,-0.041775925249696276,-0.1773708883333333,-0.13592444534477532,-0.03998016221352933,-0.352799952,0.08140815444100528,-0.17511292336242648,0.0459135005966666,-0.07962284231782205,-0.18380680573129254,-0.0430821855766666,0.11253721084732299,-0.513602005296002,0.0514941796599999,-0.035619347197622116,-0.45972017396780496,-0.0343765546903333,0.07957163490026822,-0.7737934819081503,0.2563836330333333,-0.07283103511030922,-0.784980754268361,0.1607477695666667,0.059226974645411004,-0.8015645185524551,0.2834096765333334,-0.07416495015358238,-0.8120964889921207,0.13964165397,0.09288746320876944,-0.8360437146965457,0.2438677747666666,-0.06124149028388748,-0.8399546107991707,0.0527318009503333,onweer_g_ch1_g19_compr.mp4,ch1g19,7.583273216765827e-06,0.0002734573203527328,1.0520506673023567e-05,3.1733240284012125e-05,4.3782742869270644e-05,0.000307918454905255,1.1010707050385952e-05,4.4707171471177315e-05,4.160627790906847e-06,7.303541807212755e-06,0.0003226985198006461,2.6623054604831218e-05,1.0148292782844386e-05,1.0348967313132087e-05,6.11276848969799e-05,1.8607908185202284e-05,4.818979601131646e-05,0.0003444918362576359,2.448941822282565e-05,9.17322491211817e-06,0.00039351749303762545,1.1881436693552464e-05,9.849659865492388e-06,1.1155405839044282e-05,4.4489475785679776e-05,6.173373827563612e-06,9.819673624473908e-06,0.000282651555963858,2.7210760304351272e-05,0.0004024957962434028,4.662817852669465e-06,7.96214329213441e-06,0.0003446776274531063,0.0003992673296715803,5.078429935104995e-05,8.677510387284293e-05,6.406798825151569e-05,2.4760110850854646e-05,2.9291570341361525e-05,3.588086735104069e-05,3.621016114509675e-05,1.3668540632145807e-05,-0.00011314450248120913,-2.362444264196961e-05,6.122489538406398e-05,0.00010349034160193932,-6.674263997595838e-07,-0.0002419479223364981,-0.0008630851679028716,-0.0005222394930671951,-0.004541672433648522,-0.004407916393913358,-0.005581292908758855,-0.005551225136746561,-0.006480544466247634,-0.006397896507359116,-0.005169572907947736,-0.0050087219420232474,5.633147929413263e-05,-8.85767659407911e-05,0.00018084776774644006,4.8634529067881826e-05,0.0007113408760442958,0.00037489805772958704,0.0006908493629567259,0.0004012434428135973,0.0006440092551348863,0.00025311307576593445,1.7133918087339122e-06,1.6023342747726094e-06,-1.7647959891298446e-06,8.275548973587799e-07,3.657228971036731e-06,2.0775555111366013e-06,-2.1521254223994516e-06,3.2193846576207364e-06,1.551257916511248e-06,-2.7276526417213276e-08,7.4154145083035485e-06,1.6042973455687649e-06,-2.0799842876043883e-06,-1.6472530844281857e-06,4.053143507727503e-06,6.875017570419295e-08,3.1540571453864366e-06,7.5457861412142505e-06,1.5116428592666923e-06,-1.639241264356132e-06,2.535104453774677e-06,-2.7942578950913283e-06,-2.020012440877935e-06,-1.999316525043272e-06,3.4024650373666625e-06,1.8542870558113295e-07,-2.671127852660887e-06,7.071246106448759e-06,7.1689829070675535e-09,7.414103612924335e-06,1.0403755534180855e-07,-4.83927627352014e-07,1.6969854310649183e-06,1.054556393291269e-06,6.21713284602274e-07,7.755692469622017e-07,1.4263241869833204e-06,5.994981100130605e-07,6.752256117321794e-07,6.833795159210614e-07,2.628636502760903e-07,1.3203109503065008e-06,4.626256390026149e-07,2.6136534937313414e-07,8.24659420108539e-07,8.73772059732151e-07,7.914601940174143e-07,1.068417229231441e-06,7.271866270673387e-07,6.030301752929219e-07,4.7369626895951434e-07,7.612362436440763e-07,9.182405534167624e-07,8.227558775964138e-07,6.919799064109874e-07,9.394383905187121e-07,8.60983164796334e-07,4.686631825981658e-07,-3.863252004931737e-08,7.823396656896513e-07,5.187836715380443e-07,6.63888628507746e-07,-9.010421118889252e-08,-2.113375867308193e-08,1.1459518158615544e-06,7.532867931956601e-07,1.957442200474298e-06
5466.666666666677,-0.016048019293459323,0.31662143609186716,-0.3812525610666667,-0.004350540978349365,0.3360610038605548,-0.3742391308666666,-0.0032550400136080802,0.3363211216950694,-0.3632809107666666,-0.004543355203027445,0.3363919577325714,-0.3667527068333333,-0.026912221833416187,0.34280220365423125,-0.3921100496666667,-0.025149440247573263,0.3420298633775994,-0.4057937946,-0.020581449650876577,0.3318702714116722,-0.3845721275333334,0.0302940768557984,0.3414454768730589,-0.2572760630666666,-0.08816574445471193,0.29467785984074296,-0.2840758592666667,0.009434628242598995,0.31439667837844876,-0.3244942513000001,-0.020996812638244728,0.2847060405655926,-0.3599860906333333,0.11869258706256927,0.22799324230565884,-0.1062449052866666,-0.16279587153318822,0.25909325977203723,-0.1036180500666666,0.2202832154600846,0.08426756681760085,-0.1013171750066666,-0.22208763482051788,0.02064000253834309,-0.1772626902333333,0.3354583097921435,-0.026304123875530595,-0.1632708160666667,-0.15916377362492398,-0.05831525843342821,-0.3415767033666667,0.35583823348490856,-0.04293966598760697,-0.1735750108999999,-0.12029163119923482,-0.06977586915912014,-0.4091555814000001,0.34236435958315853,-0.04192250724378601,-0.2023731457666666,-0.07955186151531317,-0.019707144589803806,-0.4210978935333334,0.3412523474911451,-0.04709931270886855,-0.1772580388333333,-0.1368734261704373,-0.04505788685206973,-0.356753558,0.08145777992247626,-0.17505140038609845,0.04590195915,-0.07967100810953343,-0.18390058339387688,-0.0430703585233333,0.11327327409089187,-0.5133652753638275,0.0520083457199999,-0.03549377747909717,-0.45965402229095825,-0.0328399306203333,0.07978397983950156,-0.7730277855006628,0.2588417062333332,-0.07301137692996669,-0.7846221683881879,0.1636737077,0.059471535671281814,-0.8008161646469057,0.286070712,-0.07438402428598931,-0.8117145906148966,0.1427721850333333,0.09337510192584794,-0.8353599808086228,0.2465939372333333,-0.06139163773333107,-0.8397234674613715,0.0561373643769999,onweer_g_ch1_g19_compr.mp4,ch1g19,9.320440637792915e-06,0.0002741389688766636,8.429729095814918e-06,3.2228067326455816e-05,4.7329325156048374e-05,0.0003089315013107777,8.469786699076888e-06,4.8088226680128814e-05,5.976745558259062e-06,7.651009746087762e-06,0.00032914533076559745,2.9265959762676338e-05,7.773465060268454e-06,8.366221984141293e-06,6.430968310849734e-05,1.978783616843412e-05,5.208377099268482e-05,0.0003515309391703738,2.693306552020142e-05,7.3268422762955445e-06,0.00039543403493536266,8.663149709140223e-06,7.551294398823584e-06,8.805242239282388e-06,4.765611098386093e-05,6.323010063841961e-06,6.7794343525931475e-06,0.00028875543030854994,2.7079709559782186e-05,0.0004093761380009188,4.75880020677143e-06,7.333729025382151e-06,0.00034552178100239313,0.0004046062980905637,5.4740249656185645e-05,5.257744597158866e-05,2.972445000993062e-05,-1.1696976973339156e-05,-6.0284179544589405e-06,-2.6852954806722876e-06,-1.6795455463267036e-06,-2.2887393974540115e-05,-0.00015360735818497172,-6.732957585804206e-05,1.9012056943219434e-05,6.295772349806609e-05,-6.138240840934604e-05,-0.00029412044989764473,-0.000922982760668282,-0.0005333744056172301,-0.0046116077275129225,-0.004437996555243977,-0.005658675747992166,-0.005582278683234224,-0.006537589296569727,-0.006443576241884323,-0.005235249954879048,-0.005043022195819944,5.993189531899476e-05,-9.201405188252205e-05,0.00018775123318655207,7.266184909961134e-05,0.0007474859591954815,0.00041482326660354863,0.0007308610870695605,0.0004428385606580406,0.0006703848705052998,0.0002757466346535799,2.858343354711666e-06,2.1927822683958456e-06,-7.655919906909878e-07,2.565204381390832e-06,4.148141507880083e-06,2.7292152184831074e-06,-1.2527040257110987e-06,3.3961148570528417e-06,3.052588646374606e-06,5.211095423647911e-07,7.1748237716798975e-06,2.448427955736316e-06,-9.218755392399549e-07,-6.234429578764411e-07,5.126424197954688e-06,8.485328455159419e-07,3.625346206242245e-06,7.530682291993218e-06,2.294192392750275e-06,-4.417810172007835e-07,3.284027916916984e-06,-1.8694310109897661e-06,-7.991458220360499e-07,-9.127396733789123e-07,3.7761205439384047e-06,1.4788927462873773e-07,-1.633379096081779e-06,7.130795382564206e-06,8.504306010784763e-07,6.788376378442414e-06,8.965300019562587e-08,9.859170945267604e-07,2.303209815764893e-06,1.1407883785239764e-06,6.295688571968767e-07,1.1052405645832114e-06,1.6483881059513011e-06,4.0828932348949424e-07,6.978149823094896e-07,1.0386681863261796e-06,6.773991846762296e-08,1.4242084161568763e-06,5.062476881271046e-07,-2.593345978311515e-07,7.485011830982978e-07,1.235622364159935e-06,1.1165525942022857e-06,1.1199135244115917e-06,7.293436970055276e-07,2.2002810577931603e-07,-1.1393174388737706e-07,6.874347982701523e-07,1.2392510392831782e-06,8.583783759600715e-07,1.0984622266752112e-06,1.2917664997829314e-06,1.2154281811131641e-06,3.0137832833487414e-07,-4.562042795803141e-08,1.2110358950399925e-06,3.4603029289013725e-08,8.831028641126908e-07,-6.322199628570747e-07,-2.014199107970503e-08,1.412785337487254e-06,7.462706121445929e-07,2.090201895891846e-06
5483.333333333344,-0.01614508354302874,0.3165771350556247,-0.3828071912666667,-0.004462786362437592,0.3360119169609341,-0.3757086495999999,-0.0033484661934447555,0.3362304205943012,-0.3647309427333333,-0.004636618274820492,0.33630932731308644,-0.3682112255333333,-0.02696811612418244,0.342722345250949,-0.3935360421,-0.02520692471526576,0.34194508459339096,-0.4072147265999999,-0.020607419135333694,0.3317627031366976,-0.3859976173333334,0.030287145446105262,0.34123920667597485,-0.2587922244333333,-0.088168321386169,0.29453713819252797,-0.2854646206666666,0.009328119812119095,0.31432282229908226,-0.3260544833666667,-0.021039790974814534,0.28466624255143264,-0.3615143457666667,0.11876476070072114,0.2278448495270076,-0.1078468742533333,-0.16310816725533206,0.2587500826397354,-0.1046941071,0.21969784105478424,0.08330394859044064,-0.1024025596733333,-0.22218599218790488,0.020093785945434185,-0.1764409140333333,0.3339651381403865,-0.03107384265257531,-0.1624726632,-0.16021551516672575,-0.06286924499303899,-0.3368754506,0.35417012364856837,-0.048783481693714034,-0.1723357126333333,-0.12162738910718957,-0.0754983771491264,-0.4033781478666667,0.34022047621494556,-0.04867484035402241,-0.2011235541,-0.08087912875910552,-0.02636148899534408,-0.4156637102333334,0.33947607136843605,-0.05248210745060198,-0.1763729058666666,-0.13788277487573092,-0.050213568417176904,-0.392235905,0.08151015143133687,-0.1749971362310592,0.04589501434,-0.07972208774685036,-0.1839878910402425,-0.0430670673533333,0.11404359428897873,-0.5132347881971219,0.0521596632866666,-0.03539979537642328,-0.4595765729980588,-0.0323715129936666,0.07999613672857676,-0.7722832957017198,0.2607774962333332,-0.07325630277394475,-0.7841917908128031,0.1656583640666666,0.05970715667120436,-0.800079607553002,0.2882041226666667,-0.07468507075379702,-0.8112591087664353,0.1449905377899999,0.093856318787763,-0.8347311265929944,0.2488540570333333,-0.06156208776536587,-0.8394760547035016,0.0586386996203333,onweer_g_ch1_g19_compr.mp4,ch1g19,1.2818723382610696e-05,0.0002746430417363638,7.495810279508927e-06,3.5470903680251646e-05,5.206228133280825e-05,0.0003097848434517723,7.002468790160441e-06,5.152458082943253e-05,9.78545334495626e-06,8.67425061503649e-06,0.00033631402840626816,3.3115533168015424e-05,6.7308407051041755e-06,7.600106202052112e-06,6.964431594812125e-05,2.1732552803104702e-05,5.600568922577385e-05,0.0003592104268041125,3.0455208698696944e-05,6.738634658630323e-06,0.00039639667079011104,6.399478209150406e-06,6.724584597471343e-06,7.760528576889483e-06,5.199049852338343e-05,6.453869203698419e-06,4.8584274367701596e-06,0.0002959092930508051,2.828538350342415e-05,0.00041628240035342296,4.858329823256686e-06,8.659650409223383e-06,0.0003455732722019047,0.00041121724895705036,6.025389343097358e-05,2.706167757526642e-06,-2.0450049236031744e-05,-6.436137440086013e-05,-5.7778558274245505e-05,-5.924190927152378e-05,-5.6516483294765894e-05,-7.557638578035346e-05,-0.00021456988313474265,-0.00013235841498336083,-4.081052214371298e-05,6.178119545365289e-06,-0.00014039477813597664,-0.0003652160480547273,-0.0010223980973448172,-0.0005713616636958052,-0.0046933461283257105,-0.0044594990610356535,-0.005737536255205754,-0.005590467284674822,-0.006583029853669626,-0.006461712877206662,-0.00530556169094105,-0.005067455240676182,6.286069837997636e-05,-9.504814219905704e-05,0.00020380328539648906,0.00011320479679462054,0.0008071401720965211,0.00047562739042038754,0.0007958891858538214,0.000506940103806783,0.0007105662382910294,0.00031829352525241197,4.065009170702473e-06,2.427507402150803e-06,5.714745770347373e-07,4.393114709988288e-06,4.5029974678982845e-06,3.0303085110002974e-06,2.5411331897823036e-08,3.4150265924859765e-06,4.56025348979206e-06,1.161286154600072e-06,6.357431045461026e-06,3.10545831392757e-06,5.925708940514042e-07,7.218887684140319e-07,6.24082133223007e-06,1.6022086037248297e-06,3.6865314286113882e-06,6.828109335093512e-06,2.900685724501085e-06,1.0301634391991459e-06,3.659242525036844e-06,-4.953022613096446e-07,7.648852693611452e-07,5.270046969316749e-07,4.054801233458544e-06,1.1602332855167604e-07,-1.1283961240520656e-07,6.5848143363443735e-06,1.91019138994437e-06,5.62453780100873e-06,8.968311763236087e-08,2.6132618402232238e-06,2.5508963749354236e-06,1.0758546719445332e-06,5.912890521998556e-07,1.3104360376862713e-06,1.6282744274886108e-06,1.3322186410313117e-07,6.452080295159084e-07,1.2801637441305911e-06,-1.6219291228400642e-07,1.3646337600967742e-06,4.782199493680377e-07,-7.328759474212642e-07,5.507574850466514e-07,1.4564609112187606e-06,1.3137468820227143e-06,1.0896801123611484e-06,6.201101535784289e-07,-1.974988468996388e-07,-6.7153394007159e-07,5.053944224110536e-07,1.42251311076517e-06,7.929719504487655e-07,1.3996215497985376e-06,1.4901462765931936e-06,1.4374363825782663e-06,5.531792214519843e-08,-5.019108802764918e-08,1.5204708963814483e-06,-4.1882619220560396e-07,1.0020306572820686e-06,-1.104738080565173e-06,-1.9264192909453602e-08,1.4984172678251335e-06,6.74342511527137e-07,2.088951526727611e-06
5500.000000000011,-0.016220581396777147,0.3165233253780972,-0.3845600556,-0.004555997446599787,0.33594338684462044,-0.3773267537999999,-0.0034209184728919337,0.33611796252356324,-0.3663284763666666,-0.004710122854345969,0.33620458559309097,-0.3698367743333334,-0.0270025116352048,0.34261715370038565,-0.3951852072666667,-0.025241391463991764,0.34183765600971605,-0.4088389372666666,-0.020610286502925436,0.33163646342016706,-0.3876326750333334,0.03030947900928003,0.3409963108607243,-0.2605134277666667,-0.0881588727861312,0.2943628594183389,-0.2872223874666667,0.00923326000959965,0.31423069347147886,-0.3278323955333334,-0.02106253008867331,0.2846126719526921,-0.3632674584333333,0.11885494173938396,0.22767896683736694,-0.1096465284766666,-0.16339302145485704,0.2583535379427228,-0.1060687623233333,0.2191365539230196,0.08232450845845235,-0.1038453747733333,-0.22209900061004123,0.019535630705760365,-0.1760620653999999,0.33235472855720866,-0.03581099732384746,-0.1632905556666666,-0.16121476913897842,-0.06733530682432631,-0.3340497136,0.35230083701662235,-0.05462420913303454,-0.1730504562666666,-0.12294995443387127,-0.0811214947650167,-0.4000133862000001,0.3378397427748951,-0.05540163211491298,-0.2019299087666666,-0.08218485117676279,-0.032866400578058334,-0.4125918756,0.3375448404632642,-0.057862813808832396,-0.1771551115333333,-0.13884271690923874,-0.055295766175800905,-0.392044544,0.08156186976403147,-0.174936022874671,0.0458727570966666,-0.07977292097923337,-0.18408079423043058,-0.0430452612433333,0.11489936311492441,-0.5130734519490613,0.0523218112633333,-0.03530970869441709,-0.4594450098910592,-0.032003391727,0.08031910682404911,-0.7714472035115696,0.2626633589,-0.07340345374353294,-0.7836775342286828,0.1672926645666666,0.060072280510105665,-0.7992435005562029,0.2902789568666667,-0.07486163896748776,-0.8107126242818008,0.1468340491166666,0.09454120825745724,-0.8340279596643764,0.2510335142666666,-0.06169758739434678,-0.8391552802311171,0.0607046184643333,onweer_g_ch1_g19_compr.mp4,ch1g19,1.7918585462058452e-05,0.00027656042018024023,8.821560702707833e-06,4.1473976458203236e-05,5.6860907423500735e-05,0.0003120689800166519,7.745673630588205e-06,5.497191727451735e-05,1.539383221705162e-05,1.0530516227443958e-05,0.0003423783190223756,3.765568043621098e-05,8.162406658347097e-06,9.101621499393972e-06,7.677684557807879e-05,2.409556173847194e-05,5.968273632973805e-05,0.000365659927784317,3.4683200684886386e-05,8.55062644892198e-06,0.00039889296182765347,6.54806141260722e-06,8.388951909968711e-06,9.018188655139708e-06,5.626983408317129e-05,6.4950518068404944e-06,5.357650780964426e-06,0.00030261698751305713,3.102619567602796e-05,0.0004211444214454898,4.8982412889316336e-06,1.2349593745182647e-05,0.0003470777617972312,0.0004191389768107048,6.61000653365466e-05,-7.037742598731433e-05,-9.225936402367817e-05,-0.0001390624293922878,-0.00013131263060355003,-0.00013869995837585328,-0.00013379612688097596,-0.00014967758732082118,-0.00029591416355627154,-0.00021970665285982535,-0.0001220335166987504,-7.194096959009104e-05,-0.0002391980454381915,-0.000452439811237622,-0.0011537028271425042,-0.0006348837343496506,-0.004773652077238713,-0.0044961648338924555,-0.0058032995211222006,-0.005612616263810501,-0.006606960199082945,-0.006494822437395806,-0.005365006767174254,-0.005106722716025503,6.423554631065294e-05,-9.653954786655783e-05,0.00021299906444844182,0.00015678441533442406,0.0008694527920054839,0.0005518411652714405,0.0008668976030738719,0.0005895525349736424,0.0007553317661382806,0.0003724250244416186,5.176072345835351e-06,2.409022800574919e-06,2.0740396498552103e-06,6.057584022663824e-06,4.5784580311516555e-06,3.0012189744128114e-06,1.5174995223535783e-06,3.1306479260006303e-06,6.0095304348020384e-06,1.7059240458556974e-06,5.217277069441449e-06,3.5997446387659494e-06,2.267431527623531e-06,2.2240348730181053e-06,7.3843080238963275e-06,2.2412791005549836e-06,3.113518897989656e-06,5.655941770964759e-06,3.346690055369963e-06,2.6176872659316336e-06,3.6799716412491165e-06,1.1602765916200174e-06,2.463733954191398e-06,2.154319256090642e-06,4.0777284658416375e-06,7.955325866357431e-08,1.680817519838632e-06,5.7669716849040275e-06,3.0799610101191813e-06,4.109346066254835e-06,8.808720160613692e-08,4.242162812554192e-06,2.457196326199281e-06,8.441197385369696e-07,4.797085209423903e-07,1.3123487295966695e-06,1.351948884359006e-06,-1.6028873959873016e-07,5.005365220120167e-07,1.324275026043055e-06,-3.9874773628565687e-07,1.1222505836277067e-06,3.6294852918240374e-07,-1.0811163590761176e-06,2.7247304060050016e-07,1.4564313700708628e-06,1.3056189330726246e-06,9.460775057180487e-07,4.540215031726615e-07,-5.217458213907194e-07,-1.1133345097298368e-06,2.469294004513175e-07,1.3927283365158214e-06,6.171837291531301e-07,1.494270297150373e-06,1.46197788775694e-06,1.4528900165039506e-06,-2.0396324580074665e-07,-5.1857291676887635e-08,1.6171285807072188e-06,-7.693076368023681e-07,9.794730600941513e-07,-1.427321791935597e-06,-1.8482696096313337e-08,1.3565533682954132e-06,5.165896320723957e-07,1.8827593945728768e-06
5516.666666666678,-0.016264353309702478,0.31647173226734776,-0.3863563717,-0.00460876487296145,0.33587795923577374,-0.3789939334666667,-0.0034489134408354715,0.3360089421393758,-0.3679699733666667,-0.004739803216601728,0.33610297399296174,-0.3715115724666666,-0.02699749205258923,0.3425149249945737,-0.3968762904,-0.025237123984822616,0.34173345095928354,-0.4105084474666666,-0.020573448020600762,0.33151372150289515,-0.3893110802333334,0.030396770573281086,0.34075574569205075,-0.2622445597333333,-0.08811109289628055,0.2941860692878536,-0.2889950336,0.009180799132036645,0.31414124464733123,-0.3296378192333334,-0.02104718058740659,0.2845595045635842,-0.3650639881333333,0.1189984647884254,0.22749276173623084,-0.1114883154666666,-0.1635834744349323,0.25793697754337097,-0.1075184192966666,0.21863268160195373,0.08124592000389855,-0.10524516004,-0.22181140735197027,0.018914720628876905,-0.1753962383333333,0.33078837038389275,-0.040590531196933566,-0.1638963181666666,-0.16225264894187902,-0.07189394014485134,-0.3305073484666666,0.3505003905830896,-0.060450529757258835,-0.1733998015666667,-0.12432984087203318,-0.0868150735486452,-0.3958097040333334,0.33555591039113203,-0.062031703026152164,-0.2023736295666666,-0.08361758618372334,-0.03950121752907865,-0.4087576737,0.33567026708587594,-0.0632227656758275,-0.1777040429999999,-0.13984274651550427,-0.06047592611578223,-0.376979053,0.08161765289345205,-0.17487566810206776,0.0458619359966666,-0.07982607749488708,-0.18417273213058377,-0.0430370705733333,0.1158562474610917,-0.5129202281438942,0.0523142831966666,-0.03525374225982616,-0.45932173639222335,-0.0318197252303333,0.08070361436720504,-0.7706547240485767,0.2641132403999999,-0.07356164589688026,-0.7831812282767242,0.1688227406333333,0.06047903921943604,-0.7984496427599834,0.2918676541,-0.07505591068808318,-0.8101866324279564,0.1485728971433333,0.09520548227549486,-0.8333315992493674,0.2527491445333333,-0.06184621232581772,-0.8388544720674626,0.06271266913,onweer_g_ch1_g19_compr.mp4,ch1g19,2.402797104455927e-05,0.00027882904698706785,1.2040916754741763e-05,4.889233636790935e-05,6.265208094253589e-05,0.0003152620338418642,1.039625235401684e-05,5.818764227760319e-05,2.2576511780727804e-05,1.255898661726854e-05,0.0003465465319059054,4.168906073963293e-05,1.163948535153206e-05,1.2495491525592382e-05,8.498899601864754e-05,2.70625962186386e-05,6.317097588267871e-05,0.00036964391778575333,3.84077727437653e-05,1.2321966530727596e-05,0.00040225724929670616,8.864257278976229e-06,1.2088955193753328e-05,1.2437812980554141e-05,6.150612521970172e-05,6.596402865919026e-06,8.217623534572371e-06,0.0003075104913503248,3.497849901431879e-05,0.00042295202963221203,5.014284485324066e-06,1.7909370569530774e-05,0.0003493836430524573,0.000426523070576499,7.251317429735335e-05,-0.00015101320461069468,-0.00017210288218813904,-0.00022186683206990127,-0.00021330335619584146,-0.00022663189920395536,-0.0002187476638678281,-0.00023195793908720023,-0.00038871467200302,-0.0003176724548665541,-0.00021251651378647744,-0.00015672548372458464,-0.0003494613612202591,-0.0005487436089378346,-0.001313157244621663,-0.000711861166657976,-0.004837673375302213,-0.0045314711325538624,-0.005843264337924512,-0.00563695804618745,-0.00659838470613929,-0.006534545103543309,-0.005408737872029229,-0.005154581538472358,6.50662839585513e-05,-9.727619749204273e-05,0.0002239336361814642,0.00019387672833399804,0.0009509921093150044,0.0006198283525589137,0.0009586353852688597,0.000666574017604198,0.0008091078432048458,0.0004312789114916958,5.9330684447524815e-06,2.9822383249072503e-06,3.502162410616139e-06,7.225344103264286e-06,3.87208855889036e-06,3.7513490429369555e-06,2.9740680262855766e-06,2.6920599393785027e-06,6.873174505670794e-06,2.110628009119067e-06,3.3358533480692084e-06,3.879954853107977e-06,3.822148268018003e-06,3.623563481744084e-06,7.976553240437155e-06,2.5071239581157174e-06,2.1969680505880694e-06,3.429411504470723e-06,3.600782319592538e-06,4.089574373026686e-06,4.901219490425499e-06,2.827472867497036e-06,4.025512040358247e-06,3.732789374254374e-06,3.4457218563919755e-06,1.1775735705404796e-08,3.4501747695582556e-06,4.141813688190489e-06,4.13784146210779e-06,1.733151635091991e-06,6.540586085985317e-08,5.5547397255764325e-06,3.3593819784171735e-06,4.728301992509158e-07,3.4635670783111106e-07,1.1174240095761358e-06,8.609982658585937e-07,-4.615418065756995e-07,3.1312668048033515e-07,1.1696377017631363e-06,-5.903910663070434e-07,7.091728522343522e-07,1.9049005268812952e-07,-1.2939768604723053e-06,2.3611162012669304e-08,1.2354559735897553e-06,1.0980100634643967e-06,6.777639077448077e-07,2.886063965292331e-07,-7.452471328604589e-07,-1.413307246083323e-06,1.6197468489771463e-08,1.157064707717636e-06,3.947659312317351e-07,1.3685076208896662e-06,1.212255809919993e-06,1.2494055959125301e-06,-4.7022146349361967e-07,-5.7874190257648484e-08,1.4696319685164413e-06,-9.870939838397255e-07,7.956934758070473e-07,-1.6023906175987365e-06,-2.5085424628825523e-08,9.930533725193472e-07,3.300060141413096e-07,1.514925552773206e-06
5533.333333333345,-0.01632517727985602,0.31627409820546404,-0.3890081396,-0.004651903185368454,0.33565797210767173,-0.3815514098,-0.0034688092982924955,0.3357401969450301,-0.3705022777,-0.004761253743820529,0.33584178093275985,-0.3740470020666666,-0.026995710083824526,0.34223937160014767,-0.3993502249,-0.02523118437764133,0.3414682965488082,-0.4129973417333333,-0.020538298439534534,0.33123893479560734,-0.3917811454,0.030514933111325082,0.34032519149449664,-0.2648077497,-0.0880421340560198,0.29383306660052805,-0.2912477802333333,0.009136720304148228,0.31387741648955275,-0.3323070453666667,-0.02103064633698525,0.28435346438407527,-0.3676568696666666,0.11917045153337849,0.2271129870840944,-0.1138752251899999,-0.16372200164058973,0.25736439236678954,-0.10924896962,0.21814542559959046,0.07990674221738987,-0.10743696944,-0.2214246371013167,0.01821115503552441,-0.1753212531999999,0.3291234227389636,-0.045462367484143576,-0.1655391751666666,-0.1633997977834824,-0.07634205568878479,-0.3283161823999999,0.3486007685861874,-0.06631586160233349,-0.1748986209666667,-0.12595271685324844,-0.09229566456094797,-0.3931415239666667,0.3331347485681403,-0.0686308564424581,-0.2039979897666667,-0.08530076507825442,-0.04589567010159028,-0.4064200490666667,0.3336768473976813,-0.0686560270110191,-0.1793029475333332,-0.14099909094352978,-0.06554961530220244,-0.382496178,0.08167257045133049,-0.17481429061049825,0.0458272303233333,-0.07987904063227566,-0.18426543217812202,-0.0430027012933333,0.11680795771240249,-0.5127219383304022,0.05228321502,-0.03519856967028281,-0.4590920327294818,-0.031813354507,0.08112311615310112,-0.7697216797220587,0.2656268228666666,-0.07363416558471139,-0.7824589588558444,0.1703074419333333,0.060929894727581854,-0.7975034573610367,0.2935410644333334,-0.07515349325040094,-0.8094104170397767,0.1502898039666666,0.0958978850561851,-0.832495556052646,0.2544780254666666,-0.06193456383721685,-0.838332841943682,0.0646730504589999,onweer_g_ch1_g19_compr.mp4,ch1g19,3.0549629600983567e-05,0.000282592296056887,1.662319068831416e-05,5.738044550166994e-05,6.702141323942442e-05,0.00032007483025676536,1.4470543542075544e-05,6.0705430394085635e-05,3.0681684750003356e-05,1.4734146904540839e-05,0.0003480904645314222,4.4843155866160396e-05,1.6667686460948663e-05,1.722321933325067e-05,9.426966340452244e-05,2.9472264122246916e-05,6.519764788383766e-05,0.00037059200342464787,4.13420586824261e-05,1.7544229488102976e-05,0.00040762466067873084,1.2892928038956172e-05,1.7308281724541212e-05,1.7418260066872844e-05,6.547704643079795e-05,6.644466608786235e-06,1.3032016255130854e-05,0.00031027506720496896,3.981138640128648e-05,0.00042126956798727906,5.109939694334186e-06,2.4687826650747145e-05,0.0003533155752279638,0.0004339450519180088,7.7436486396285e-05,-0.00023333088106184866,-0.00025316935398942016,-0.00030533162675540495,-0.00029622554289856156,-0.00031584927548210175,-0.0003048748350368675,-0.0003156224039701702,-0.00048418313595120625,-0.0004209336528103657,-0.00030538656139321137,-0.0002446357970648832,-0.00046563791059573914,-0.0006497924746179884,-0.0014886696254464821,-0.0008010999488417379,-0.004866925962403741,-0.004586879559424027,-0.005834271612982791,-0.005682635297986419,-0.006533498934766197,-0.0066028332549905155,-0.005409462040587236,-0.005224953097956545,6.457662391231171e-05,-9.62936726692806e-05,0.00023955379129086442,0.00023072382142233616,0.00101613139347582,0.0006812282379941516,0.001032172496212394,0.0007358516474898905,0.0008478724367722041,0.0004876118604172385,6.267597246440597e-06,3.4272410914134902e-06,4.56048244654628e-06,7.897862333033428e-06,3.335327559145166e-06,4.163773944593456e-06,4.115429882721488e-06,2.0722557410152664e-06,7.3776101135961876e-06,2.136838034786586e-06,1.7606667539787166e-06,3.787876043527951e-06,4.965339161911043e-06,4.650234459910441e-06,8.552635151533782e-06,2.723271525803148e-06,1.2348791377999623e-06,1.643875913574981e-06,3.5062928967394253e-06,5.150356369623981e-06,5.3674218700097176e-06,4.1760862615480165e-06,5.136316254597815e-06,4.919269250308262e-06,2.883116197483453e-06,-5.2290035970338486e-08,4.869442044105396e-06,2.8369801492173364e-06,4.874603821088404e-06,-1.710607553823868e-07,3.43072594914513e-08,6.35815577367854e-06,3.892188593731771e-06,2.5149427990587773e-08,1.7836215283943153e-07,7.563303815418168e-07,2.386284132962457e-07,-6.343749604078686e-07,9.984067037099012e-08,8.42056349354685e-07,-6.973233023689288e-07,1.876581218723433e-07,-1.516862113253665e-08,-1.3613932603726842e-06,-1.3559961865738085e-07,8.283583319255164e-07,7.258306982840378e-07,2.849009913795198e-07,1.9244493851704568e-07,-7.565373132306679e-07,-1.554656401785329e-06,-1.3289626917367995e-07,7.524216149516849e-07,1.4817428537469743e-07,1.042839912238632e-06,7.811742768588622e-07,8.641907824139447e-07,-6.150402725417287e-07,-6.524091319248833e-08,1.101816034347295e-06,-1.0758942851774545e-06,4.778087871347727e-07,-1.6330542165780951e-06,-3.632621633678602e-08,4.7174090548645294e-07,1.2464911052859684e-07,1.152160433691567e-06
5550.000000000012,-0.01636462530256656,0.3160729682308832,-0.3920792749,-0.00466665661811339,0.33543231317550254,-0.3844981114333333,-0.0034613871200053774,0.3354639075343817,-0.3734230304333333,-0.00475650041076435,0.3355731515904375,-0.3769550361666667,-0.026967946225032034,0.34195385804739725,-0.4021794239333334,-0.02519910943438436,0.3411960007314834,-0.4158612813333333,-0.020476978540969942,0.3309566822214853,-0.3946122869666666,0.03071144100750388,0.33985181849772717,-0.2676717618333333,-0.08794814875762513,0.2934357083667681,-0.2937182963999999,0.009115566430713215,0.31360068070703245,-0.3353822437,-0.020991488778993695,0.28414103679344155,-0.3706579675333333,0.11943554854665103,0.22661717481096547,-0.1165167202466666,-0.1638061036637556,0.2566911783170869,-0.1111353848566666,0.21770715124958662,0.07834657379501105,-0.1101630243733333,-0.22080978262941758,0.017397426945118658,-0.1755637978999999,0.3273418334875362,-0.0501668008390478,-0.1683308158333333,-0.16454187200346929,-0.08076604925216874,-0.3265318239999999,0.3465406963390821,-0.0719204385925537,-0.1777457565333333,-0.127620627543019,-0.09775554039709852,-0.3908535808000001,0.33052070807581724,-0.07483329077487151,-0.2069959762333333,-0.08703478167288901,-0.05223575181314638,-0.4046136399,0.331538358108823,-0.0738569148274271,-0.1820903612333332,-0.14216749795969025,-0.07060252091289841,-0.375989765,0.08172800126540104,-0.17475101042395177,0.0457718749933333,-0.07993337060629956,-0.1843599051689436,-0.04294489882,0.1177903108381853,-0.5124412796434442,0.05225810321,-0.03511493638903413,-0.4587923183712867,-0.0316733389736666,0.08155189610821732,-0.768671004716328,0.2673649966333333,-0.07362975541289474,-0.7816859669437385,0.1720530421666666,0.06139178630576176,-0.7964379954866896,0.2954995925666667,-0.07517180307814551,-0.808576137663671,0.1522931260266666,0.09660502492599544,-0.831581641459194,0.2565184082,-0.0619766265654897,-0.8377305134680115,0.0668944639599999,onweer_g_ch1_g19_compr.mp4,ch1g19,3.710753357514008e-05,0.0002875978398710682,2.231530805033007e-05,6.656524792581877e-05,6.892286045140539e-05,0.0003258745624625627,1.972383864548729e-05,6.214105802733307e-05,3.862846640368337e-05,1.6901938655054314e-05,0.00034920698416633417,4.775517312374977e-05,2.2926527942006363e-05,2.299241999388641e-05,0.00010361803907740528,3.193188018217432e-05,6.497522768555207e-05,0.00037148720490156305,4.4072594391977384e-05,2.393800842829285e-05,0.0004146848312247112,1.8459222644774457e-05,2.369517876502119e-05,2.3567173328006736e-05,6.705742274657564e-05,6.605110765217549e-06,1.9400771007731635e-05,0.0003126933973967213,4.534532740833873e-05,0.0004201196587560503,5.169569917352731e-06,3.2091406236717884e-05,0.00035877547039697623,0.00044233167253507956,8.02439500638691e-05,-0.00032285412946175454,-0.00033885643657595763,-0.0003926597521253087,-0.00038288774968017264,-0.00040721466561926677,-0.0003940313642151871,-0.0004030879296887554,-0.0005811170907907433,-0.000526957537897932,-0.000403501969139,-0.0003396991254520438,-0.0005843629677658782,-0.0007527810121670415,-0.001657449106222326,-0.0008960231281705914,-0.004881045016864987,-0.004664164118285742,-0.005818904095150901,-0.0057570583798632275,-0.006472404922244359,-0.006702373383162598,-0.005393972400732983,-0.005312441771146223,6.19474668518842e-05,-9.294172277257458e-05,0.0002387068930401089,0.0002593734387726514,0.001046109953646301,0.0007294475541978339,0.0010698384444197612,0.0007894697821869052,0.0008514793991874094,0.0005283560287472379,6.091097021465805e-06,3.4909146327168724e-06,5.13865324474284e-06,7.775974707828355e-06,3.149843051666066e-06,4.052714779055325e-06,4.808885402632134e-06,1.3068646786941345e-06,7.361857741200684e-06,1.869304158030459e-06,7.576826373599172e-07,3.4926920459381668e-06,5.584100547930295e-06,5.197384910352021e-06,8.81335137415532e-06,2.930603549746579e-06,5.125547343726226e-07,4.5761297841577807e-07,3.2188974988281545e-06,5.694386150107746e-06,5.001193778987975e-06,5.071046877424103e-06,5.695751887119536e-06,5.6275720737089555e-06,2.614601474040641e-06,-1.1026363182863948e-07,5.817852174317354e-06,2.0740660486048525e-06,5.1910101384845105e-06,-1.3908375862488753e-06,-6.15193997216909e-09,6.57478982689325e-06,3.783492805440056e-06,-4.27502392879087e-07,1.1458757998175202e-08,2.8281580331741883e-07,-4.013172766287806e-07,-6.483245827037601e-07,-8.292197257449921e-08,3.902561311245088e-07,-6.892046760038155e-07,-3.454562093569399e-07,-2.2923212785839614e-07,-1.3759724049120615e-06,-2.3911082414405563e-07,2.9819576750198085e-07,2.4552034927313455e-07,-1.878248679081172e-07,1.656822690649086e-07,-5.307116259627339e-07,-1.6345330552071014e-06,-2.3076290848757842e-07,2.3750179122005309e-07,-6.76906732080865e-08,5.592628755825034e-07,2.3728237561848305e-07,3.590232777290315e-07,-6.081513210258347e-07,-7.202722699286542e-08,5.716038498496703e-07,-1.1224930691478665e-06,7.386650284592123e-08,-1.6445444961621534e-06,-5.006314627930774e-08,-1.1799830679208392e-07,-6.78235507556154e-08,1.2068370772168465e-06
5566.666666666679,-0.016403486221638112,0.3157490861344482,-0.3959579160333332,-0.004676741153432265,0.33508186840823995,-0.3882513443666667,-0.0034496686522718237,0.33505495695221915,-0.3771474475333333,-0.004747891417037624,0.33517428553673356,-0.3806566168666667,-0.026938412059854693,0.3415192506011598,-0.4057854781,-0.025163982586383558,0.3407831144677168,-0.4195224588999999,-0.02041350275430358,0.330538003185045,-0.3982222134666666,0.03094975053470993,0.33920317685369455,-0.2712858020666667,-0.08783569872192379,0.2928415664529885,-0.2968136162666666,0.009103945466603704,0.31316932574989703,-0.3392475890333334,-0.020945885169258986,0.2837887905600876,-0.3744415889333333,0.11971893368649462,0.22591886357708363,-0.1197841085233333,-0.1638444837268987,0.2558465409754497,-0.1134641740966666,0.21721017233829285,0.07654238336595089,-0.1137079751233333,-0.22002945307948737,0.01644978314842115,-0.1763429552666666,0.32534932789553084,-0.0548402514811613,-0.1721726282666666,-0.16563322244593817,-0.08537508363672591,-0.3253382548999999,0.34423096861272684,-0.07743411935438364,-0.1817401523666666,-0.12932687590546868,-0.10346033364858519,-0.3891763984666667,0.3276192219631485,-0.08088572030475419,-0.2111427518333333,-0.08881579911325878,-0.05885684187153263,-0.4035022775333333,0.32916307245796006,-0.07900132551706063,-0.1859402282333332,-0.1433078253952834,-0.07587664345536842,-0.324206918,0.08178369552348534,-0.17468457870363743,0.04571024081,-0.07998850688239346,-0.18445671455006432,-0.0428803873466666,0.11877716232681554,-0.5120789812676031,0.0522949470766666,-0.03500990822612558,-0.45847400160253415,-0.031535453687,0.08198026099123099,-0.7674661705711324,0.2695122082666666,-0.0736011595919381,-0.7808740376325033,0.1736911633,0.06185251762864331,-0.795209807968945,0.2979176611,-0.07516847735044134,-0.8076881525138386,0.1541983529933333,0.09733171756169176,-0.8305771671713295,0.2590302318999999,-0.061983337747718296,-0.837068405348285,0.0689146310566666,onweer_g_ch1_g19_compr.mp4,ch1g19,4.3193207396185686e-05,0.00029181514882577875,2.814177212908029e-05,7.435032677146529e-05,7.10379223426743e-05,0.00033054356237807486,2.5241898928714717e-05,6.303366252557104e-05,4.5564016489833085e-05,1.875287897946226e-05,0.0003494188079291968,5.05938821113183e-05,2.9272201204551023e-05,2.882011464492936e-05,0.00011210176908422713,3.4373657951050994e-05,6.486649559853496e-05,0.0003716069422800002,4.671134332794392e-05,3.0368118752912548e-05,0.00042098924316066904,2.453756876137843e-05,3.0100843912775768e-05,2.9870916403455873e-05,6.879046507785287e-05,6.428899348415276e-06,2.6204672202225474e-05,0.00031409487629907286,5.098936835160656e-05,0.00041894407682111737,5.115959681778122e-06,3.892115810748062e-05,0.00036350777949003974,0.000449340016161902,8.315093313444141e-05,-0.0004174469926836167,-0.0004275429980644367,-0.00048241365000613394,-0.0004717991388887514,-0.0004985338706467512,-0.0004847238311356311,-0.0004929276659402848,-0.0006758697322866988,-0.0006312862032029991,-0.0005043205779430058,-0.0004386410242412314,-0.0007025867306620925,-0.0008547900389420353,-0.001803099338226899,-0.0009853545976694243,-0.004873718793988907,-0.004737815270391031,-0.005788592863296149,-0.005832921783556396,-0.0064068098298052665,-0.006800481849081381,-0.005358948229562844,-0.0053898674546967364,5.829023169757417e-05,-8.810918711550277e-05,0.0002382163495049235,0.0002818470912416989,0.0010821516139519222,0.0007773754191282288,0.0011147448422938221,0.0008424068257052082,0.0008586038474967414,0.0005695967967054929,5.518802366788005e-06,3.8045987227992084e-06,5.30747564818333e-06,7.094723015042107e-06,2.043828119066975e-06,4.1503589519051106e-06,5.097049443075972e-06,5.258041491557444e-07,6.79440455036397e-06,1.2189907007729744e-06,2.8616892006976415e-07,2.7005124267360257e-06,5.726108382476448e-06,5.332835996327403e-06,8.6709233694274e-06,2.514697275455529e-06,-1.304401644432687e-07,-1.321108097376881e-07,2.4793761305811285e-06,5.787191499690645e-06,4.90276529309099e-06,5.543556228783224e-06,5.750365170810629e-06,5.866929125053905e-06,1.606346259085934e-06,-1.863569893583053e-07,6.270706412141301e-06,1.8414836502776863e-06,5.047243235038522e-06,-1.9271962320723627e-06,-6.581475417103353e-08,6.2299333283342486e-06,3.7944062805083616e-06,-8.127670252908759e-07,-1.1057486166238165e-07,-1.9751450471131768e-07,-9.242989342125586e-07,-5.961698490520644e-07,-1.903936780707046e-07,-8.425191459815939e-08,-6.008564783219668e-07,-8.09573538617758e-07,-4.144538693139311e-07,-1.376622704698523e-06,-2.4677772410386434e-07,-2.3663811133360844e-07,-2.367241417295764e-07,-6.791099663185863e-07,1.860300653144232e-07,-2.2893530695369224e-07,-1.667894793915663e-06,-2.374944272208557e-07,-2.71722817155119e-07,-2.125012840795572e-07,3.04286207189116e-08,-3.008783797852704e-07,-1.6025454870862594e-07,-5.389903075713047e-07,-7.503070976306432e-08,-5.810035943742138e-09,-1.1643494742199631e-06,-3.4958546505101913e-07,-1.65659478600043e-06,-6.020005063669673e-08,-6.600017944777474e-07,-2.1008575045396952e-07,1.6381255642616847e-06
5583.333333333346,-0.016376903810517637,0.3152372611279422,-0.399394999,-0.004624672124102983,0.33455724576924145,-0.3915644397333333,-0.003376779663949047,0.3344698891989065,-0.3804383729666666,-0.004677532438273098,0.33460152230876955,-0.3839341620333333,-0.02684958685002695,0.34090585306921406,-0.4090125778666667,-0.025070788577603323,0.34019192513693786,-0.4227840777333333,-0.02029291140846028,0.3299414879197974,-0.4014473770999999,0.03122188694330938,0.33840702751417173,-0.2744086091,-0.08769032987831382,0.29208468014453415,-0.2996448150333332,0.009160217589892777,0.31255338767712115,-0.3426398443333333,-0.02084045553464098,0.2832550075504807,-0.3777861327333333,0.1200380623341072,0.22510286037932636,-0.1227223790899999,-0.1638588907106421,0.25489453724949696,-0.1156247552966666,0.21673744849016652,0.07449463776841471,-0.11695254824,-0.21915982971787515,0.015334666605210663,-0.1769617667,0.3233973733701293,-0.05979200602138616,-0.1759518448666666,-0.16672911767209975,-0.0902176845014804,-0.3237630710333333,0.34198276602852934,-0.08321756505133132,-0.1855825513666666,-0.13101641745143483,-0.10938360060943011,-0.3871002664000001,0.3248100844910759,-0.0872397938767625,-0.2152363149,-0.09057136416994707,-0.06571578054157917,-0.4019759913,0.3268452416929344,-0.0844187400705388,-0.1897266093333333,-0.14445044780429178,-0.08137854462757244,-0.321497679,0.08184766193618168,-0.17461954309053088,0.0456461705333333,-0.08005192405130891,-0.18455228613335176,-0.0428134373,0.1197989782590903,-0.5117830688452389,0.0521085505633333,-0.034910306074053585,-0.4581952630635329,-0.0314749862636666,0.08231152462234503,-0.7662994783821582,0.2714523250666667,-0.07355341952854291,-0.7800755933195651,0.1752786602666666,0.06218937489443674,-0.7940103117064408,0.3001285742,-0.07515141190148526,-0.8068175098945285,0.1560475508333333,0.09792776195835301,-0.8296932301535969,0.2614707664333333,-0.0619982884098863,-0.8364769144535171,0.0708757196699999,onweer_g_ch1_g19_compr.mp4,ch1g19,4.797175479679177e-05,0.0002949642767319495,3.3408753816792356e-05,8.00499989034311e-05,7.227359027016982e-05,0.0003340454461886086,3.0403641283224975e-05,6.343795791618821e-05,5.143827875491958e-05,1.9693092844110356e-05,0.00034832730590315464,5.3256559297956344e-05,3.490796169017116e-05,3.405158856987598e-05,0.00011922699870998543,3.677143222148789e-05,6.428220641012172e-05,0.00037036430406118273,4.916890438569565e-05,3.600798886056099e-05,0.00042657359138561715,3.0272455696443573e-05,3.572770454933573e-05,3.570545007229775e-05,6.962692477844713e-05,6.138661273298166e-06,3.265972629135631e-05,0.00031436309889542983,5.565973193277272e-05,0.00041678399521031243,4.972857084009384e-06,4.448353234346782e-05,0.00036757861261745863,0.0004543689712568081,8.523784260874519e-05,-0.0004907908051973427,-0.000494620583407971,-0.0005493863889067441,-0.000537995459192108,-0.0005659185309680564,-0.0005524707036957765,-0.0005608870463510002,-0.0007443827246136857,-0.0007088893858388322,-0.0005824104947845565,-0.0005171407334528824,-0.0007975028076099386,-0.0009304227578870867,-0.0019155381198445727,-0.0010474018768455119,-0.004846300687856793,-0.0047906277712189554,-0.0057366550317236725,-0.00589641355745306,-0.006327888518638014,-0.0068875459055867914,-0.005302944676069207,-0.0054456108652080745,5.316884907365653e-05,-8.16873147351516e-05,0.00024044989400716919,0.0002961924779560436,0.001106833216297879,0.0008182141651742139,0.0011485490271966117,0.0008867650161081727,0.0008653502218229727,0.0006103909148472208,4.426914713280755e-06,3.653146142345415e-06,4.779629227076706e-06,5.801162898106739e-06,1.2159883050546365e-06,3.858118624829763e-06,4.689430436574036e-06,-1.7354452350316558e-07,5.695672856406801e-06,8.199833350913876e-07,-5.30269170884617e-07,2.3261639496564004e-06,5.132980789577554e-06,4.766593693595452e-06,7.821474442172774e-06,2.6433803740937146e-06,-3.043360559511511e-07,-1.095284858070815e-06,2.1352418854025356e-06,5.1779980199676216e-06,4.585164354844671e-06,5.24005484833931e-06,5.067717949598112e-06,5.346867021278692e-06,8.496889323554042e-07,-2.716093460751843e-07,5.910112381156684e-06,1.216710287553064e-06,4.427854817234463e-06,-2.8468041793622985e-06,-1.4074931460304713e-07,5.223511058683244e-06,3.4491402637495956e-06,-1.056560094045509e-06,-2.358745735686546e-07,-5.941520755090249e-07,-1.2522716570436724e-06,-5.038969922142684e-07,-2.8789915572145034e-07,-4.9301468376539e-07,-4.4444050616038485e-07,-1.1510983709704892e-06,-5.382298158418813e-07,-1.360749015049081e-06,-2.162037030593207e-07,-6.760289090876526e-07,-6.315518896888611e-07,-1.1358374886251175e-06,2.0065056040267688e-07,6.789860711871279e-08,-1.6368664693020826e-06,-2.05602504050605e-07,-6.805063405333152e-07,-3.677933706986076e-07,-4.4022787283089806e-07,-7.336032291875258e-07,-6.052794380267946e-07,-4.321470322782579e-07,-7.37038466465738e-08,-5.267498653109499e-07,-1.2174298869936067e-06,-7.014508111357297e-07,-1.6170304768936862e-06,-6.527065781188782e-08,-1.0621330029366997e-06,-3.7622042816026973e-07,2.096683916999074e-06
5600.000000000013,-0.016254152474730662,0.31468600781615125,-0.4025092592333332,-0.004489453827740231,0.33400407914113284,-0.3945992340666666,-0.003216220661768038,0.3338582650347204,-0.383451954,-0.004519920293378661,0.3340024139076454,-0.3869410514666667,-0.02665848981216609,0.3402677218591788,-0.4119955519,-0.02487740499296846,0.33957162887854675,-0.4257885899333333,-0.02007307175801177,0.32931556756447644,-0.4044221326666666,0.03155129826835951,0.33758786212500336,-0.277400798,-0.08743684756633849,0.2912921632075706,-0.3024092824333333,0.009311134416253695,0.3119045330517351,-0.345739716,-0.020631107446858366,0.2826728566498384,-0.3808464328666665,0.12037603704454643,0.22423993919875781,-0.1255200013133333,-0.16378360859091207,0.25390040048941465,-0.1178005123299999,0.21626345918807371,0.07239652832641698,-0.1196108736733333,-0.21827968357386338,0.014159147681161343,-0.1771620932666666,0.3214753750965861,-0.0648758527890693,-0.1782033566666666,-0.16778670735429535,-0.09519844988331266,-0.3206235880999999,0.33977512217151873,-0.08915023472046343,-0.1877113933666667,-0.13261674402111995,-0.11545661650362195,-0.3831974049333334,0.3220660321597788,-0.09379127170805594,-0.2174669032333333,-0.09227253386324838,-0.07277092607291054,-0.3985700815666665,0.3245698378082757,-0.08996994507692078,-0.1919331250999999,-0.14557207567141298,-0.08701526799026771,-0.300385118,0.08191197847181508,-0.1745624274884775,0.0455924940666666,-0.08011549093602578,-0.1846397900078338,-0.04276242864,0.12090466236666456,-0.5115540271083067,0.0517252587966666,-0.034731583567263025,-0.457930176712191,-0.0318518954903333,0.08261520742542802,-0.7651484437099079,0.2728951421666667,-0.07346662194636443,-0.7792786602280982,0.1760702536666666,0.06248855340629578,-0.7928104814939758,0.3017825445,-0.07510531106275553,-0.80594888283745,0.1570535714333333,0.09849383815493346,-0.8288301573335062,0.2636060372666666,-0.061947216864774536,-0.835884336556345,0.0722715506166666,onweer_g_ch1_g19_compr.mp4,ch1g19,5.149333032433495e-05,0.0002965816575393709,3.7618671456207555e-05,8.420503170889248e-05,7.36316311237012e-05,0.0003358560363757412,3.463454337622311e-05,6.330063295699788e-05,5.590037519574668e-05,2.016397126100933e-05,0.0003473664551862319,5.552385512581721e-05,3.936127072488086e-05,3.818297082764982e-05,0.0001262996222328166,3.91516800487575e-05,6.369100142303733e-05,0.0003685840475891909,5.124523088084684e-05,4.045601752721304e-05,0.0004287619024154518,3.5101600599947646e-05,4.0136393322048084e-05,4.0481455969325124e-05,7.055753432160959e-05,5.860136162128257e-06,3.8111329487162246e-05,0.0003148749211350315,5.94440025898692e-05,0.00041366015368596884,4.832422914738499e-06,4.8547914370740265e-05,0.0003690685059861987,0.00045842008844491184,8.720343650095685e-05,-0.0005450719957988511,-0.0005429208669655395,-0.0005970478801220989,-0.0005851020366544528,-0.0006136652299950059,-0.0006009384743504415,-0.0006101062971451216,-0.0007930557420162334,-0.0007630515522183709,-0.0006417099085403913,-0.0005776041199863811,-0.0008739329489782922,-0.0009860229902937932,-0.0020208485764687265,-0.0010954553713635833,-0.004827065378066797,-0.004821321781122918,-0.005679918922309055,-0.005922289962325361,-0.006243849246567589,-0.006924780234004525,-0.005256602361972879,-0.005477294362086651,4.831324573299732e-05,-7.53285209599649e-05,0.00025327565262665337,0.0003008784604040252,0.0011345640963063596,0.0008552865831426245,0.0011852268185193013,0.0009261664091602635,0.0008773597149789333,0.0006507524704059141,3.0902696596122185e-06,3.110890613670045e-06,3.804598685653528e-06,4.138886376053991e-06,8.711749571301993e-07,3.2399191636387563e-06,3.816141128384038e-06,-6.763567640678711e-07,4.319562413626575e-06,4.6631620722715053e-07,-1.9136755102695376e-06,2.3174421200686143e-06,4.0499498405950215e-06,3.758100593654524e-06,6.384781563756631e-06,2.9765549241427936e-06,7.268269726541271e-08,-2.6707669077701306e-06,2.1359282034350985e-06,4.113662067219223e-06,4.004899594579381e-06,4.386713798685177e-06,3.920083600017816e-06,4.332963002244731e-06,5.365411375792303e-07,-3.5129154927743614e-07,4.936050090018449e-06,-2.2238029564614828e-08,3.4865316365421743e-06,-4.34849717711648e-06,-2.1609256521791882e-07,3.781583490374518e-06,2.7862245903356852e-06,-1.1278463857827767e-06,-4.0751136016287007e-07,-8.431143256053697e-07,-1.3851222411370728e-06,-4.4038219485928024e-07,-4.330020208253087e-07,-7.669649526816954e-07,-2.3994789829832064e-07,-1.3237690336044945e-06,-6.096711681488844e-07,-1.356388462574423e-06,-1.9991965256024677e-07,-9.543997220352207e-07,-8.749259039199807e-07,-1.5475184976960248e-06,1.7168613955728497e-07,2.6344376280088296e-07,-1.5668634964924212e-06,-1.8644166324551937e-07,-9.331790824941755e-07,-5.555357586984692e-07,-7.806039764831917e-07,-9.967818180853081e-07,-9.066653621391645e-07,-3.5744116703541434e-07,-7.190898130786034e-08,-9.116374404223405e-07,-1.3101348385262733e-06,-9.378628195961634e-07,-1.509504090360968e-06,-6.776036687325284e-08,-1.2694280789998337e-06,-5.861518385862683e-07,2.489155665559309e-06
5616.66666666668,-0.016070528912835034,0.31403065847431205,-0.4051536274333333,-0.004307212173819108,0.3333627156224862,-0.3972253133999999,-0.0030094245528088895,0.33316369185083894,-0.3860676124333332,-0.004311717402132337,0.33331996805525776,-0.3895493805333333,-0.026410609658697858,0.33956594178189814,-0.4146313693333333,-0.024629200165133706,0.33887725332626883,-0.4284269388666666,-0.01979561268498343,0.32861072414017095,-0.4070518250333332,0.031881858577932694,0.33671375577887785,-0.2801357263333334,-0.08716927542160795,0.2904478487251992,-0.3051176459666666,0.009506563625190754,0.31116393465737047,-0.3484009203333333,-0.0203736508044953,0.2819936377036362,-0.3834787994666665,0.12069090031965024,0.22330748010646778,-0.1283902339133333,-0.16365924980472785,0.2528563428837996,-0.1199061852633333,0.21567646662756912,0.07028417294442121,-0.1223230471733333,-0.21736323507113042,0.012950024752944387,-0.1769038750333333,0.3195139570358687,-0.06990501604111357,-0.1800434802333333,-0.1688439814090441,-0.10027986918151188,-0.3161891952333333,0.33755114186433754,-0.09510878463054927,-0.1893501550333333,-0.13420300927657036,-0.12168529446931334,-0.3777273883333334,0.3192992014569944,-0.10036156944671665,-0.2191394249666667,-0.093990032591962,-0.08006822754696695,-0.3936674276666665,0.32226028981977456,-0.09542411500397505,-0.1936921798666666,-0.14669713445061427,-0.09275435885167135,-0.304341257,0.0819771907553984,-0.17452161921694712,0.0455392748166666,-0.08017880523589073,-0.1847057248241562,-0.0427205393633333,0.12191465653323127,-0.5113517454165472,0.05091720646,-0.034527501518481586,-0.457664830501302,-0.0328687601703333,0.08285225979667943,-0.7640124957837909,0.2733650374,-0.07347590627835193,-0.7784577025198031,0.1759773866666666,0.06272367201204676,-0.7916149208844913,0.3023663938666667,-0.07517200668100198,-0.8050598260349632,0.1571110332666666,0.09904195505831982,-0.8280002497777096,0.2645872444666666,-0.06189841025101622,-0.8352953127122638,0.0726746364633333,onweer_g_ch1_g19_compr.mp4,ch1g19,5.3998766894438334e-05,0.0003006327686383385,4.050593497562537e-05,8.740718062323112e-05,7.376389824878165e-05,0.0003399710278506558,3.7613625645284814e-05,6.224141356317327e-05,5.9337262333906434e-05,1.9986181567981907e-05,0.0003451769839717165,5.793116162632878e-05,4.23175720630859e-05,4.100937091497859e-05,0.00013180101363895216,4.2166689746370854e-05,6.352521880726866e-05,0.00036569863159634827,5.341484516074982e-05,4.349719235593149e-05,0.0004339324223544844,3.850710988754374e-05,4.293422198699275e-05,4.380794063957057e-05,7.034624370328331e-05,5.449063531087946e-06,4.1936081071269855e-05,0.00031470191005818953,6.224646898598735e-05,0.00040927669856831336,4.570127709779009e-06,5.120708221903603e-05,0.0003728818667724216,0.0004630646566022751,8.832745715069921e-05,-0.0005941467250295288,-0.0005835059724400985,-0.000636442464444204,-0.0006237057872413998,-0.0006489180580476341,-0.0006394104088654679,-0.0006505044682514824,-0.0008281804527839939,-0.0008017121191263298,-0.0006922478972584721,-0.0006321704903448293,-0.00093755187421355,-0.001026163912710768,-0.0020966959889962707,-0.0011327666047261581,-0.004809872174843122,-0.004892602441459501,-0.005620437302943531,-0.0059887771347701445,-0.006164379105993869,-0.007011333644598867,-0.005208681344967606,-0.005546568006150028,4.235668596776443e-05,-6.761953615105631e-05,0.00026398977237089934,0.0002933227747474189,0.0011443606583815189,0.0008895837324085972,0.0012025664314378225,0.0009630017206458707,0.0008976465348189305,0.0007023961155784228,1.747271253840603e-06,2.2025826749395196e-06,2.635690192402659e-06,2.4676822349887185e-06,3.128020827079379e-07,2.322933045902339e-06,2.707822368671123e-06,-7.413942388014044e-07,2.762192996308752e-06,-2.1551850218478503e-07,-3.742656141960772e-06,2.094393106319974e-06,2.7689470047460104e-06,2.551279925506789e-06,4.318049983591584e-06,3.1561465111229744e-06,6.149779763063974e-07,-4.779169529517479e-06,1.9194068464350825e-06,2.868267432376195e-06,3.003696513025092e-06,3.1962751923878026e-06,2.6120688087723038e-06,3.0475984034327988e-06,1.1585771040272617e-07,-4.1354631019980523e-07,3.6073215218589878e-06,-1.8131120763151723e-06,2.3083959407451005e-06,-6.437800111753256e-06,-2.7748605959226283e-07,2.2316638637880397e-06,1.730252415345571e-06,-1.0236593784250516e-06,-7.681685914000233e-07,-8.909362090438433e-07,-1.3435249387964786e-06,-3.8122387453626947e-07,-7.858131740167384e-07,-8.4581681829978e-07,-2.1628429320713807e-08,-1.3175443201386025e-06,-6.210395319919354e-07,-1.2681411288968547e-06,-2.2668909981439236e-07,-1.015290789003527e-06,-9.16180828108646e-07,-1.8150513304980724e-06,5.975743191427403e-08,2.8521242972773044e-07,-1.3937400505465547e-06,-2.0731582128720496e-07,-9.808380117806342e-07,-1.0333548893779754e-06,-9.122295772119892e-07,-1.036099744664917e-06,-1.0039148946468262e-06,-2.956407993930391e-07,-6.38396932913866e-08,-1.080698341022029e-06,-1.3533774354669384e-06,-1.0259663207837204e-06,-1.2729823727457737e-06,-6.234291685764422e-08,-1.262509918390124e-06,-1.0222999641216477e-06,2.742477723000766e-06
5633.333333333347,-0.0157933823218411,0.31337836570502703,-0.4073943160333332,-0.004049941160812903,0.33273553107090637,-0.3994154304333333,-0.0027294845348548925,0.33248871526681284,-0.3882494921333332,-0.004020291453562749,0.3326580814349957,-0.3917246163,-0.026069895838260915,0.33890003938692337,-0.4167805131333332,-0.024292473769536006,0.3382064679671699,-0.4305819259,-0.019429162181771938,0.3279217631335811,-0.4092008794333333,0.03223059602137837,0.3358921029298584,-0.2824183706333333,-0.08685420981850588,0.2896474178630582,-0.3073198131,0.009769036228543124,0.3104344242706483,-0.3506581740666666,-0.020043060429992883,0.2813093918143704,-0.3856580773999998,0.12096624584930583,0.22235202371580978,-0.1308578617466666,-0.16345257285356224,0.25184009396567886,-0.1217708045633333,0.2149200876040541,0.06828356342763318,-0.1247726083066666,-0.21645422559460747,0.011895808071109348,-0.1764314555666667,0.31742318566045913,-0.07460918570617928,-0.1812569344333333,-0.16989767419848237,-0.10525203855044646,-0.3113429203666666,0.33522347614006515,-0.10070710784079462,-0.1901762118,-0.13578404529811838,-0.1278313779030636,-0.3717757702000001,0.31638625248264063,-0.10655153316491357,-0.2199812839666666,-0.09571700310255177,-0.08732933050321767,-0.3882135817999999,0.3198231152634059,-0.10052274405821718,-0.1947943958999999,-0.14782820155642667,-0.09838128611651352,-0.307303399,0.08203981567712662,-0.1744918670238643,0.0455081223233333,-0.08023761353233436,-0.1847581672591519,-0.0427129503266666,0.12291100391456469,-0.5111698252681408,0.0499790014133333,-0.03435215776892232,-0.4573965163576624,-0.0339011549003333,0.08306583419943216,-0.7629899037887394,0.2734855709,-0.07349985617305489,-0.7776003832833598,0.1758204888666666,0.06293252446583622,-0.790523839648624,0.3025605937333334,-0.07525142956014053,-0.8041337176801869,0.1570597807,0.09958030071678467,-0.8271788848579846,0.2650670191333333,-0.061788658192556176,-0.8346177276711955,0.0728529632533333,onweer_g_ch1_g19_compr.mp4,ch1g19,5.511422707176379e-05,0.0003031874930030445,4.2371001664153324e-05,8.874537394855863e-05,7.352684366464405e-05,0.0003424206462209356,3.957644845645443e-05,6.10747140757366e-05,6.143770765996118e-05,1.907145959435261e-05,0.0003408457422445593,6.0395428005327455e-05,4.4178929437924996e-05,4.281858444673598e-05,0.00013515723530873537,4.561939598342316e-05,6.364112668050694e-05,0.0003601430997071315,5.5619837474920254e-05,4.5602590731869374e-05,0.00043652315684601704,4.082956174183231e-05,4.458474145308175e-05,4.607650555000773e-05,6.982626991452115e-05,4.9476250704305625e-06,4.4478278022852993e-05,0.0003125402605796564,6.384509804479424e-05,0.00040186292649384823,4.220540367085458e-06,5.2689348992693126e-05,0.00037432598330670614,0.0004644860493601945,8.927079192497456e-05,-0.0006269969057968234,-0.0006073966042402817,-0.000658068135253576,-0.0006448852678833572,-0.0006644722727307161,-0.0006595776416859738,-0.0006731985032551035,-0.0008408941045235665,-0.0008163105155146234,-0.0007240170901594544,-0.0006700735843316657,-0.0009784368069620417,-0.0010412282582255151,-0.0021350944047326716,-0.00114560393797644,-0.004766240164474791,-0.0049396361868891,-0.0055226904394113565,-0.006017529080050798,-0.006046917552239271,-0.007055752760428245,-0.005135090474158769,-0.005588540481617824,3.5758279654676056e-05,-5.924634227921326e-05,0.0002674653763559491,0.00027520145420465504,0.0011474272388363694,0.000923355682863041,0.0012114659281653457,0.0009991081900069768,0.0009217546898923738,0.0007580736948770162,6.998457431495508e-07,1.153738783734968e-06,1.541580693324896e-06,1.1536875814250475e-06,2.7589026391620676e-07,1.3122892165855445e-06,1.6385641614033001e-06,-5.537400154819419e-07,1.3827227098605338e-06,-8.269996718962739e-07,-5.130199974864957e-06,2.180958684992434e-06,1.5491581604219098e-06,1.4345553015940028e-06,2.3180995314778888e-06,3.5015819295737078e-06,1.1834322316539794e-06,-6.4052565342994545e-06,1.9854742483414217e-06,1.6871573052533903e-06,1.6873735118195885e-06,1.9835279496997845e-06,1.4056696581771165e-06,1.803087429979871e-06,1.8191686977669888e-07,-4.645893105087732e-07,2.212209757300054e-06,-3.3032715928884576e-06,1.1637174452934696e-06,-7.978012943845039e-06,-3.305027593043299e-07,8.64349670405308e-07,4.280589494762935e-07,-7.616522523149412e-07,-1.1817410116212915e-06,-7.619022052614663e-07,-1.1259614128824388e-06,-3.3815485883467494e-07,-1.2212032295690177e-06,-7.456371553303038e-07,1.4737472588760875e-07,-1.131759343202926e-06,-5.669147528622362e-07,-1.0316151844457822e-06,-2.962092291638373e-07,-8.854177379923345e-07,-7.791351420337329e-07,-1.882411403640419e-06,-1.3086597229531023e-07,1.1910596605849467e-07,-1.0418343665198036e-06,-2.672855774324612e-07,-8.554170630517863e-07,-1.6255123699797086e-06,-8.507498650437713e-07,-8.833719170147806e-07,-9.155978276218489e-07,-2.598756699723e-07,-4.948109867417188e-08,-1.042477588054369e-06,-1.2542607135009193e-06,-9.59076012776849e-07,-8.313285711521775e-07,-4.931127000474083e-08,-1.0690417150367602e-06,-1.522892682782632e-06,2.7894342709293687e-06
5650.000000000014,-0.015483326732200445,0.3128015203011042,-0.4097960672999999,-0.0037557379985637385,0.33218171532273877,-0.4017535408333333,-0.0024179454067454597,0.3318881484965221,-0.3905786230999999,-0.0036955344685445403,0.33207016331601186,-0.3940422097666666,-0.025698491321877792,0.33829592196506936,-0.4190427908999999,-0.023927240784479747,0.33760396884344135,-0.4328558858333333,-0.01903558473148735,0.3273013407614158,-0.4114601398333333,0.032612181643874125,0.33510888339646644,-0.2847565565333333,-0.08652975162051522,0.2888794571530712,-0.309532564,0.010058409897536334,0.3097560606228037,-0.3530576434666667,-0.019694694147502734,0.2806759964166666,-0.3879705299999998,0.1212596090412234,0.22139683141517003,-0.1332901445133333,-0.16324130638433026,0.2508320750575307,-0.1237360395299999,0.2141698574273937,0.06629582920678394,-0.1273586663399999,-0.21555126274760983,0.010848804685548564,-0.1762558240333333,0.3152034553474526,-0.07919934060147109,-0.1830454244333333,-0.17094922108144397,-0.10998431812855743,-0.3080027386333334,0.3327319654411884,-0.10607574871844817,-0.1917436500666666,-0.1373952241410181,-0.13362637048514128,-0.3677242885,0.3133018401697981,-0.11244358845015201,-0.2215771149,-0.09745069171847902,-0.09417522548170738,-0.3844962447666666,0.3172521908466472,-0.10549194969200039,-0.1965059676,-0.1489666846781162,-0.10376556815486061,-0.315292239,0.08210016736091423,-0.17446261102302524,0.0454809788633333,-0.08029468229335367,-0.18480955245425104,-0.0427112669933333,0.12386029908138156,-0.510915838872664,0.0493447914766666,-0.03419886060795759,-0.45711073788595,-0.034453644757,0.08327893539540557,-0.7618870836815306,0.2743574388333333,-0.07359968169971894,-0.7766769140565415,0.1762613461999999,0.06314864726723338,-0.7893607441032943,0.3035809904666667,-0.07541730404609737,-0.8031437815492547,0.1576002339,0.10012553827005563,-0.8262979532755576,0.2662796845999999,-0.06174914853931339,-0.8338688660233589,0.07355843017,onweer_g_ch1_g19_compr.mp4,ch1g19,5.542163648655844e-05,0.00030386559318948603,4.336353232292414e-05,8.953021934558466e-05,7.402301648453285e-05,0.0003429833978044381,4.068033640941384e-05,6.0424561460055534e-05,6.237790077535569e-05,1.790817345691227e-05,0.0003368195822634142,6.20170273254414e-05,4.511818079544024e-05,4.3726422843712336e-05,0.00013725711926093718,4.89349464566609e-05,6.550868026000484e-05,0.0003548965327972827,5.711304738283652e-05,4.672006667494889e-05,0.0004358993395399439,4.220136976742828e-05,4.532803753568349e-05,4.7297889790220824e-05,7.015865954011888e-05,4.475704861878254e-06,4.6010734061200444e-05,0.000310223899601531,6.451279704214167e-05,0.0003948183738815936,3.8697713816144225e-06,5.303707825071385e-05,0.00037321086834540373,0.0004641425896987462,9.046622402764715e-05,-0.0006401892078724617,-0.0006152094973001806,-0.0006638792675558598,-0.0006505938644165725,-0.0006632911267424074,-0.0006626148852040522,-0.0006785871906797553,-0.0008409761206709217,-0.0008122237367212637,-0.0007360945796238452,-0.0006862401580432842,-0.0009992112935795717,-0.0010405352934189742,-0.002156644850369462,-0.001147732711484776,-0.004729334520409083,-0.004956982373736059,-0.005439237317235503,-0.006004286322261274,-0.005947741260180892,-0.007047495472052315,-0.005078142587120523,-0.0056007684765387936,3.0680670242802235e-05,-5.236271978162943e-05,0.00027751876743713623,0.00024936274033987257,0.001159024156435085,0.000949137178250291,0.0012257590003722423,0.0010271154352251022,0.0009663826916386233,0.0008130050386489265,1.2940158349401172e-07,5.556121146089545e-08,8.78466848209398e-07,2.2863312329294457e-07,3.6933947434032433e-07,2.3934067540223396e-07,9.685202805236866e-07,-1.8101067764382553e-07,4.0838797346005734e-07,-1.3123327216012804e-06,-6.2799128508092955e-06,2.256855975550805e-06,7.464311289014039e-07,7.639125315873083e-07,4.7608634428579913e-07,3.602820075091007e-06,1.3743146915435747e-06,-7.628929005991755e-06,2.062518866939079e-06,9.256875217702024e-07,1.7221111020995825e-07,1.1692526621006823e-06,6.286766839047477e-07,9.537781468817492e-07,3.281944019237841e-07,-5.077677291006913e-07,1.1597280588750427e-06,-4.674700324389967e-06,2.2723499124174985e-07,-9.077990896132555e-06,-3.7513359624815886e-07,-7.462764185000812e-08,-9.86136686969786e-07,-4.1033951021457645e-07,-1.5909295022453335e-06,-5.087763980095378e-07,-8.154898206086227e-07,-3.321917272862136e-07,-1.6921022860869343e-06,-5.140564801091279e-07,2.1443037819652066e-07,-7.984025335629563e-07,-4.715953232651236e-07,-6.72302745513439e-07,-3.8214271227077785e-07,-6.181408980241003e-07,-5.153903373118417e-07,-1.7460254478084548e-06,-3.78599699482967e-07,-2.4387619695410554e-07,-5.638072908368452e-07,-3.457897682094781e-07,-6.037534729811015e-07,-2.2676774060358595e-06,-6.428741544101539e-07,-5.969273559947816e-07,-6.832043759131438e-07,-2.7287548158174684e-07,-3.101240824873507e-08,-8.393687614970619e-07,-1.0004530705273968e-06,-7.565739961696697e-07,-2.6659746334852513e-07,-3.177012434912972e-08,-7.326746450212179e-07,-2.030622083015035e-06,2.6917636484939164e-06
5666.666666666681,-0.015137215443172477,0.3121975408840783,-0.4119765939666666,-0.003430705231419849,0.33160668098922025,-0.4039039710999999,-0.0020789230481452793,0.331267738043995,-0.3927147209999999,-0.003337013248835791,0.33146367940291316,-0.3961787869333333,-0.02528156438936278,0.3376770449154026,-0.4211661129999999,-0.02352090103757021,0.3369822482311583,-0.4349839047666666,-0.018599593874028993,0.3266641704685948,-0.4135876372333333,0.03299230038766784,0.33432653448259764,-0.2870479051333333,-0.08615010454280894,0.2881174289070578,-0.3117655447,0.010371266022757786,0.3090613801335939,-0.3552865025333333,-0.019310397956397263,0.28001988150247537,-0.3901456485333333,0.12151368021762836,0.22042979376680413,-0.1357115687799999,-0.16292479516921884,0.24983040600078402,-0.1258216760633333,0.21332931889775708,0.06431025875757654,-0.1298438681066666,-0.2146330832389971,0.00980439695127966,-0.1761955294666666,0.31299452345490664,-0.08372871853914879,-0.1837752416,-0.1719867426663439,-0.1147422424719676,-0.3041336650666666,0.3302895169165437,-0.11130248208165898,-0.1919963697666666,-0.13902623297429148,-0.13940137419407037,-0.3628917306666666,0.31033487876972987,-0.11819029525235193,-0.2217859725666666,-0.09922831933093192,-0.1010145092028398,-0.3800285438333332,0.31473086610262707,-0.11034176460622463,-0.1971085869666666,-0.15012057057356584,-0.10914422766395313,-0.321436852,0.08215102551020058,-0.1744399115369613,0.0454819851866666,-0.08033982711421206,-0.18485246368497268,-0.0427516832866666,0.12480165817021596,-0.5106660164327262,0.0487566221566666,-0.03405002004537182,-0.4568392624370116,-0.035259824897,0.08343314735001553,-0.7608376899082803,0.2746401228,-0.07371204561389026,-0.7756990198473214,0.1762849977999999,0.06328982827886837,-0.7882491325911613,0.3039170106333334,-0.07559996339787144,-0.8021011857715021,0.1576996201666666,0.10064651884501344,-0.8253910411122619,0.2668170656666666,-0.06167836092927191,-0.8330640786334899,0.0738182769899999,onweer_g_ch1_g19_compr.mp4,ch1g19,5.598750478657896e-05,0.0002992581767648088,4.4104661952324135e-05,9.021668484765377e-05,7.785231167577923e-05,0.0003369172065209812,4.156796435911671e-05,5.924321973596393e-05,6.448903625553513e-05,1.646578134986756e-05,0.00033486147779874294,6.343095495691122e-05,4.5833510737998755e-05,4.4462039177305364e-05,0.00014025585742566946,5.333979923353736e-05,6.8044348046192e-05,0.0003527502312695808,5.8372328137531025e-05,4.743468249981845e-05,0.00042598816956146695,4.3216838118915565e-05,4.5834227271262115e-05,4.81223120531411e-05,7.341678708549124e-05,4.124062851962357e-06,4.713466715873686e-05,0.00031027080151247154,6.489785100908834e-05,0.00039036653083189684,3.5592787331597743e-06,5.319530576759522e-05,0.00036452829160943395,0.00046220577927899136,9.379420727396735e-05,-0.0006509831313866776,-0.0006227805894227564,-0.000669562953057507,-0.0006556738290692764,-0.00066127132930977,-0.0006645268572104189,-0.0006806591531978741,-0.0008427100996906492,-0.0008016370694840359,-0.0007444140826394663,-0.0006977586417935091,-0.0010363495590762677,-0.0010326997209767668,-0.0022009455803402773,-0.0011429576566245598,-0.004703494448167382,-0.004886569591452216,-0.0053618505225638815,-0.0058678994992798555,-0.005846299811400281,-0.006883769846550676,-0.005022571856520956,-0.005503248048906347,2.517806890252025e-05,-4.323537594740005e-05,0.0002569548594074457,0.00022051697419462918,0.001081339680823119,0.0009672667245867498,0.0011439641752778314,0.0010473921286267764,0.0009754109560547254,0.0008850100171482995,4.266479797067363e-08,-1.3560463790726483e-06,5.751805224133077e-07,-1.2728025790992003e-07,5.330917603301615e-07,-1.1876305897456433e-06,6.44211204368481e-07,1.4795577564101075e-07,-5.637564339383864e-08,-1.7159460027966086e-06,-6.936101084610658e-06,1.9442230408458235e-06,3.617975839573674e-07,4.7478523984696166e-07,-1.091333616831725e-06,3.2966229958711687e-06,1.4108897755902928e-06,-8.157950988334654e-06,1.7767259469938934e-06,5.480150652800618e-07,-1.9072992167044418e-06,7.112751711171489e-07,2.81872921976257e-07,5.468599268340984e-07,5.184669939309814e-07,-5.144785965217172e-07,5.649964144631233e-07,-5.722650934106653e-06,-3.1523807722526245e-07,-9.414371608984498e-06,-3.852362509351841e-07,-4.505015351519247e-07,-2.809540737473551e-06,-6.181856916942156e-08,-1.867652598182077e-06,-1.9518285600794143e-07,-4.990615627593135e-07,-3.7329480126775074e-07,-2.0410347910689143e-06,-2.116425843333757e-07,1.950871916361125e-07,-4.226847837417267e-07,-3.3096275862375204e-07,-2.407278209204179e-07,-4.904815288020835e-07,-2.775666837867914e-07,-1.9182972911477128e-07,-1.4725607732347855e-06,-6.71238743645816e-07,-6.867710983927491e-07,-3.780736733178157e-08,-4.453932699482995e-07,-2.8306782520134784e-07,-2.76888936622001e-06,-3.4053115810175196e-07,-2.45577570744747e-07,-3.666141069347159e-07,-3.32717617039937e-07,-9.669939972533224e-09,-5.227880316776453e-07,-6.38343911061492e-07,-4.769578796635118e-07,3.261251109076632e-07,-1.0863059084211662e-08,-3.391224176048464e-07,-2.3711476849113463e-06,2.5125896701568966e-06
5683.333333333348,-0.014805213680600459,0.31156680742457527,-0.4143573227,-0.003109341034504924,0.3310044240885477,-0.4062585194999998,-0.0017441604029414838,0.33062002738945195,-0.3950541685333333,-0.0029836787565133078,0.3308288875781435,-0.3985112388666667,-0.024874400666732507,0.3370428601918233,-0.4234467496333333,-0.023121909587557058,0.3363451478268636,-0.4372936704999999,-0.018174672658823287,0.3260080783074782,-0.4158779169,0.03338694305628878,0.33351113612787386,-0.2895135983,-0.0857669294236924,0.2873574489522584,-0.3140044054333332,0.010676620567965336,0.3083350816463185,-0.3577066021,-0.018938680242229805,0.2793465592613321,-0.3924869815666666,0.12177072530089511,0.21942860178142923,-0.1381697604466666,-0.16260202903104778,0.24882790639965283,-0.1279646937633333,0.2125149274523288,0.06218174837832021,-0.1326057066933333,-0.21372593385489158,0.008700102667806141,-0.1765767319666666,0.31094387126645123,-0.08837020025132501,-0.1853718603,-0.17304349494393148,-0.11955200315968256,-0.3015409971333334,0.3280422062471464,-0.11656870329089168,-0.1933303142666666,-0.14070258171031053,-0.14517509093651554,-0.3596379657333333,0.3076646603649946,-0.12395032875605155,-0.2231555984,-0.10103500035553706,-0.10779537065516005,-0.3770819832666665,0.31242159752531,-0.11531659634012303,-0.1986415737333333,-0.15130027517719505,-0.11457865458941033,-0.310694098,0.08219992093526812,-0.17441558539073115,0.0454729840166666,-0.08038366493959251,-0.18489632648270987,-0.0427787327433333,0.12574646097688089,-0.5103874618620503,0.0481842930166666,-0.033936052576838543,-0.4566351653872083,-0.0357227575303333,0.0835882026890618,-0.7595757169334583,0.2753106561666666,-0.07372843104891459,-0.7746386506884299,0.1771506688333333,0.06343116369412415,-0.7869107598232893,0.3047325005333333,-0.0756646945854186,-0.8009470468481447,0.1587458123333333,0.1011392454182229,-0.824295899796072,0.2678112105333333,-0.06159840200656573,-0.8320855746933272,0.0752747519933333,onweer_g_ch1_g19_compr.mp4,ch1g19,5.5219948035626715e-05,0.0002989807032388112,4.450140007320537e-05,8.943853083995635e-05,7.458989905527439e-05,0.0003379120711474105,4.195204172851429e-05,5.964168771641722e-05,6.305197479525227e-05,1.5541639236777625e-05,0.0003261330259511663,6.470638472212887e-05,4.602275209047809e-05,4.4713142852486395e-05,0.0001367068102862114,5.496471198015461e-05,6.903541534879741e-05,0.0003417461993471744,5.963754738314177e-05,4.7837350907988495e-05,0.0004288029093354209,4.3733102972154366e-05,4.596624606044608e-05,4.837972706309988e-05,7.119603110250263e-05,3.5423140280462323e-06,4.74187441492141e-05,0.00030263716570423595,6.414023287918509e-05,0.0003784540835927116,3.1242475912451606e-06,5.233756721452766e-05,0.00036415105721445285,0.0004557046387212964,9.28736340552312e-05,-0.0006499309466947355,-0.0006199691477313797,-0.0006652292439223571,-0.0006524956234383924,-0.0006490146946444025,-0.0006553263647780655,-0.0006748956901411877,-0.000830398973254936,-0.0007820201916333045,-0.0007433469910210306,-0.0006952129947083441,-0.0010204457010077636,-0.0010122842248193838,-0.0021298625728723873,-0.0011108931438942704,-0.004626658180367954,-0.00488001860069751,-0.0052557188844028855,-0.005848270778224979,-0.005742350882370757,-0.00692034958158809,-0.004945916720838217,-0.00551427224375589,2.164613324428636e-05,-3.975153697938362e-05,0.0002774482923844324,0.0001840908400166787,0.0011725283683334195,0.0009870562121364018,0.0012408986157563516,0.0010681472069915324,0.0010607647473608929,0.0009111599171882962,2.8074480450333114e-07,-3.2061154417031408e-06,6.874345530027585e-07,-1.9308959161669702e-07,1.6535298065726178e-08,-3.248456069180835e-06,7.229198805810031e-07,3.047273555702355e-07,-1.3827182777379998e-07,-1.948547801491419e-06,-7.016241881677614e-06,1.1393728420710536e-06,4.273530024306256e-07,5.975124503213004e-07,-2.2798313994667095e-06,2.3732246705570655e-06,3.6836845833592165e-07,-7.901881446863501e-06,1.0609579898776725e-06,5.923088907050944e-07,-4.849148337326643e-06,6.87063622923933e-07,3.78467859408297e-07,5.132873093192379e-07,3.897277333528627e-08,-5.089163369369206e-07,4.021686918769997e-07,-6.241080069428363e-06,-5.425703622623434e-07,-8.819668644306594e-06,-3.8283306163591695e-07,-4.0688670844326243e-07,-5.2768843422660865e-06,2.62413250375705e-07,-2.2613513439511086e-06,1.040454279163139e-07,-2.0076362843744885e-07,-1.3066327074901364e-07,-2.6199046095650165e-06,9.314274720412194e-08,2.759265178035832e-08,6.490114791761011e-08,-1.6346991537985106e-07,4.89820133508953e-07,-6.035029577764187e-07,6.411292656679849e-08,1.2380246774057106e-07,-8.882869189812009e-07,-8.435958470817236e-07,-1.053809840741581e-06,8.387804453889403e-07,-5.529662202981253e-07,2.6069775184696453e-08,-3.6778536378598175e-06,-2.286688032578423e-08,9.243764952628217e-08,-3.761352348410917e-08,-1.6047246013454513e-07,2.500721639459735e-08,-1.5979714474466444e-07,1.0468577926169806e-07,-1.4876859098839374e-07,1.1853998476878919e-06,1.6644044152230638e-08,6.671325848488018e-08,-2.959014618953e-06,2.4400878463911085e-06
5700.000000000015,-0.014531362989630807,0.3109466048368184,-0.4170554034333332,-0.0028200842054072525,0.3304086295183568,-0.4089086293999999,-0.0014449480950491853,0.3299790935208826,-0.3976823916333333,-0.0026699464898604485,0.33019947622661877,-0.4011222054333333,-0.02451385343438541,0.3364143715117672,-0.4259691844,-0.02276974195521315,0.3357151384639448,-0.4398640333666666,-0.017800967166329406,0.3253600196109325,-0.4184147571333333,0.033783331648917045,0.3326870656503608,-0.2922054225333333,-0.08539408181643202,0.2866030092281574,-0.3163308581666666,0.01095437108901121,0.30761356870799444,-0.3604308780666667,-0.018610613049333802,0.27868231120924025,-0.3951124817333332,0.12203674064082798,0.2184074085573531,-0.1407173968133333,-0.16228590198844908,0.24782623225490708,-0.1301752897299999,0.21174835144985923,0.05993819705420021,-0.1354293220266666,-0.21275063043763834,0.007551345904165135,-0.1773137572999999,0.3090556695406802,-0.09297107702413418,-0.1870042648666666,-0.17410167326188256,-0.12436883045995785,-0.2996818815666667,0.32594838258682224,-0.12167244546975432,-0.1946749577999999,-0.14242034532940184,-0.15088406933391382,-0.3572323798666666,0.30520979146297794,-0.12943529533520307,-0.2245795851333333,-0.10288073726104717,-0.11446960689027147,-0.3749952703333332,0.3103064897359168,-0.12020633852169128,-0.2002185884666666,-0.1524919205714091,-0.12002238779585404,-0.305678844,0.08224723016233905,-0.17438882621594917,0.0454484615499999,-0.08042703167914611,-0.1849415586470755,-0.04278492132,0.12668276090818573,-0.5099823438580503,0.0477431106099999,-0.03380210230073752,-0.4564398213822463,-0.0355839927003333,0.08371946358892665,-0.7582344035022238,0.2767214176333333,-0.07370382329308474,-0.7735985355674738,0.1791666250666666,0.06354363408182166,-0.7855015057690244,0.3063697030333334,-0.07568819362623691,-0.7998140021114196,0.1610173269666666,0.10150066337013812,-0.8230912752021183,0.2696387585666667,-0.06158540001373366,-0.8310518355783744,0.0777630835999999,onweer_g_ch1_g19_compr.mp4,ch1g19,5.483747263147603e-05,0.0002969300432360615,4.477450820658559e-05,8.899796579852994e-05,7.252280872785032e-05,0.000336773466608147,4.220075944143466e-05,6.087506957697157e-05,6.182846948716833e-05,1.3867268231605577e-05,0.00031508872830309013,6.602067718676129e-05,4.5994761734165226e-05,4.482983265175516e-05,0.0001320831649211142,5.688035631063796e-05,6.953614211278703e-05,0.00032930368907055363,6.090567557414355e-05,4.80388743657363e-05,0.00042826385550357083,4.390839088216889e-05,4.597019806722552e-05,4.82808965880098e-05,6.965313172906982e-05,2.969907819411484e-06,4.7140404718984365e-05,0.00029219466488955743,6.305882231043194e-05,0.00036533421379550515,2.699793104119813e-06,5.126856561313253e-05,0.0003619675420578123,0.0004459952613402352,9.25259967620451e-05,-0.0006438864936100197,-0.0006155503260004106,-0.0006595893788930984,-0.0006485189460138308,-0.0006356135094959028,-0.000643650546056166,-0.0006663450550585062,-0.0008252803962890964,-0.0007618054333936029,-0.0007376357839092516,-0.0006845585915999463,-0.0010054725076109447,-0.00098770379956286,-0.002044587799319723,-0.0010741416529419896,-0.0045098844283673195,-0.004843285235958596,-0.005122889489773295,-0.005796324546879089,-0.005611299758876413,-0.006899540538469837,-0.004833435874801848,-0.005489124113035621,1.8466154517404184e-05,-3.758707521508482e-05,0.0003091202044345551,0.00016269548899977074,0.0013076745744088295,0.0010159110923081574,0.0013796808990305584,0.0010982901461534377,0.0011333217694467269,0.0009416601935483737,7.750469057812703e-07,-5.581632386178882e-06,1.1412213628852555e-06,-1.6929554276011105e-07,-6.6542261135441e-07,-6.062635584384714e-06,1.155541656854235e-06,1.8458592791821014e-07,1.0690070866879737e-07,-1.9959339894213953e-06,-6.1729303538462335e-06,2.8664482428961905e-07,8.637580104820162e-07,1.066571208439072e-06,-3.0221029588276628e-06,1.0780182952658844e-06,-1.4118290152865914e-06,-6.534658626560687e-06,2.954755293464616e-07,9.835022603589661e-07,-8.711413649047112e-06,1.0674498021829775e-06,8.305545672575978e-07,8.111177014388773e-07,-6.470250424123312e-07,-4.809301222437281e-07,6.373275098987275e-07,-5.864189112975819e-06,-4.6107306207936294e-07,-6.9334276441243515e-06,-3.5977170108132853e-07,-1.755792420961685e-08,-8.40115141748604e-06,4.5687127672487556e-07,-2.5664016162231085e-06,3.105431420011423e-07,-7.3196549097771114e-09,1.4309613299849602e-07,-3.1058023841967003e-06,3.155394253070518e-07,-2.4533325914114703e-07,4.869186994352821e-07,6.550408492766566e-08,1.2703884933110684e-06,-7.176207353231362e-07,3.221442339561229e-07,3.480795530533223e-07,-2.386506413026652e-07,-9.575242426665567e-07,-1.2940525740782294e-06,1.7077546287842832e-06,-6.593583771908776e-07,2.4955495541327546e-07,-4.405611319034303e-06,2.265667427992114e-07,3.359141948999383e-07,2.2581098141695262e-07,6.53025716685426e-08,6.390129901398753e-08,1.6332763996378363e-07,9.71761365430339e-07,1.5435110313682007e-07,1.9789458818482803e-06,4.4223639106197735e-08,3.933421741581892e-07,-3.4300796219037398e-06,2.754586196334722e-06
5716.6666666666815,-0.01422771742326903,0.3103093272386691,-0.4204214957666666,-0.002504996229115683,0.32979235749562064,-0.4122325797666666,-0.0011220593038006868,0.3293146154797999,-0.4009770850333334,-0.0023331641980196727,0.32954554100550476,-0.4043972154333333,-0.0241273165370906,0.33576882048414775,-0.4291816313666666,-0.02239323304098528,0.3350664405946643,-0.4431298294666665,-0.01740184582656067,0.3246920880476166,-0.4216365858666667,0.03418784545017122,0.3318215309247511,-0.2955462619,-0.08500668543032648,0.28582328409249663,-0.3193157107666666,0.011256346979890822,0.3068694776023703,-0.3637957857666666,-0.018256673698542353,0.27799910961748786,-0.3984142700999999,0.12229983020980024,0.21736514855895378,-0.1437840503466666,-0.16189962112898523,0.24683393640720108,-0.1329850476966666,0.21096417694477998,0.057678983096772996,-0.1381368816466666,-0.2116220176053463,0.006368878231207927,-0.1784326601666666,0.30725407564902407,-0.09754035600795274,-0.1876274885333333,-0.17505919375085272,-0.12931616744505042,-0.2979891951000001,0.3239684989770051,-0.12671860214126696,-0.1948773622666666,-0.14404916100640958,-0.15668389407444427,-0.3549758245,0.3029867865652331,-0.13488772561535448,-0.2248773768666666,-0.10467530678698243,-0.12130102517371386,-0.3731105406666666,0.30833495650440945,-0.12505562631692688,-0.2007931469333333,-0.15361885650783372,-0.12560309602494724,-0.302478582,0.08229092274535554,-0.17436541016754148,0.0454305050299999,-0.08046755463598447,-0.18498281213110002,-0.04279820558,0.1276353277155617,-0.509636652854037,0.0472921488233333,-0.03367318267793765,-0.45629632177230156,-0.0354242943469999,0.08381555855752605,-0.7570279882470305,0.2780956364666666,-0.07368177159076533,-0.7725666018918252,0.1811784675999999,0.06361131382770498,-0.7842319476738174,0.3079733749333333,-0.07571597931483211,-0.798690716499888,0.1632957319,0.10183577599535774,-0.8219460639448731,0.2715697240333333,-0.06162660064059409,-0.8300007806591863,0.0802069474333333,onweer_g_ch1_g19_compr.mp4,ch1g19,5.465952126698928e-05,0.00028756948298000137,4.4723572819593264e-05,8.76905028211252e-05,7.759547311566349e-05,0.0003270989513459857,4.2185760951709986e-05,6.194030715077002e-05,6.111612056311207e-05,1.2895065869520905e-05,0.00030383393795403935,6.888345943396224e-05,4.573709293078098e-05,4.467397063463679e-05,0.00012666209492732098,6.139728748098401e-05,6.963245697657998e-05,0.0003172485057685129,6.357958648353116e-05,4.793317528619856e-05,0.0004158044761558335,4.3540528002059365e-05,4.584228694446133e-05,4.7801731848644795e-05,7.378060154444295e-05,2.591978205102654e-06,4.637792167268578e-05,0.00028095182243232964,6.187101426006267e-05,0.00035293036959706015,2.409668809042474e-06,5.026799254615415e-05,0.0003505513725173218,0.0004305380873347119,9.739579550307433e-05,-0.0006277598961365656,-0.0006037231253444807,-0.0006470825501029833,-0.0006370336820350138,-0.0006175130036757575,-0.0006251665976447278,-0.0006513999014699098,-0.0008171285820659261,-0.0007330881247631167,-0.0007231097995619028,-0.0006627885972149521,-0.0009980140959534648,-0.0009471792146861852,-0.0019458862233690823,-0.000988787889906311,-0.004355969069556536,-0.0046885299924050656,-0.004959505880243509,-0.005599221353537246,-0.005449321601405211,-0.006687783173392652,-0.004684909141877375,-0.005326726934453503,1.417803863473941e-05,-3.361946410385711e-05,0.00031036764218303855,0.00019033500176902162,0.0013674535717711962,0.0010602881486630523,0.0014344295827038462,0.0011420104713392722,0.0011475820032595205,0.001011620601086086,1.3397411092186486e-06,-8.45627183648569e-06,1.6137906341458508e-06,-1.9917485746445905e-07,-9.422277224760427e-07,-9.554026119322215e-06,1.637714035471454e-06,-1.1877785249096135e-07,6.523105454520653e-07,-1.8770116817650451e-06,-4.59261120377692e-06,-9.583490326906855e-07,1.3508837668058054e-06,1.5703156955155895e-06,-3.2249739637386844e-06,-3.150808085364445e-07,-3.09138770224634e-06,-4.4163057954262925e-06,-8.493181674632196e-07,1.3760481285974095e-06,-1.3383140203450163e-05,1.4847252097086667e-06,1.3297529196501037e-06,1.1811093528667481e-06,-9.792830911555998e-07,-4.2453637617301484e-07,9.860221790480806e-07,-4.668650590759284e-06,-1.502855793888071e-07,-4.299830900256821e-06,-3.240899987085771e-07,4.993379797671335e-07,-1.2073820001644922e-05,4.937259787091118e-07,-2.5818824127768634e-06,3.8772002645326e-07,9.581431618210129e-08,2.493535490910763e-07,-3.232285247118262e-06,4.126503320665419e-07,-5.537985681904282e-07,7.626332610063386e-07,3.17056802356573e-07,1.8561492128608323e-06,-8.352839136828077e-07,4.493232787271865e-07,4.4005806619044515e-07,3.453522241748471e-07,-1.0291712331270954e-06,-1.3510077686996033e-06,2.3125897039434885e-06,-7.657520779151728e-07,3.495919020749919e-07,-4.54493245363218e-06,3.6108902874739327e-07,4.4070998863259644e-07,3.7228097875088263e-07,1.826241878963243e-07,9.818607789685317e-08,3.8260926583982405e-07,1.7108958572467707e-06,3.810382657698988e-07,2.4537112942080283e-06,6.592089618699938e-08,5.811776755238163e-07,-3.4766978768858e-06,3.11796888529674e-06
5733.3333333333485,-0.013864107998701254,0.3096027443189573,-0.4236075587333333,-0.002144665479980368,0.3291093187484221,-0.4154192308333332,-0.0007538192318402583,0.3285872092379443,-0.4041394343000001,-0.0019472815176439584,0.3288292211134044,-0.4075425843333333,-0.02367448089405079,0.33507938412124205,-0.4323184778,-0.021952834277013084,0.33436498594923314,-0.4462991445333332,-0.01693775006659265,0.3239685169565074,-0.4247765704666667,0.03460186790700247,0.3309158199294114,-0.2988253111,-0.08458358132109242,0.2850135200392851,-0.3223408332333332,0.011593219870700675,0.3060715614694686,-0.366987589,-0.017853517203929792,0.27726129853190745,-0.4015782813333333,0.12251465922164959,0.2162745358477633,-0.1468438850799999,-0.16146029344884053,0.24581711417449045,-0.1357708046299999,0.21017496783605427,0.055564515051799934,-0.1405566151466666,-0.2104858767354452,0.005257963146091164,-0.1794052321333333,0.30542879532097095,-0.10209567052388249,-0.1872382165666666,-0.17594251017562218,-0.13414956469977996,-0.2950613573333334,0.3219657393232693,-0.13184891930219977,-0.1938797970666666,-0.14558224781064186,-0.1623594221423969,-0.3511814256,0.30069092738083397,-0.14050939498662465,-0.2239265188666666,-0.10642354333566048,-0.1280416241004281,-0.3696891873666666,0.30632507599590997,-0.12991781559500348,-0.2002958469999999,-0.15469481392377646,-0.13103500225734402,-0.268258721,0.08232522231329478,-0.1743506993485037,0.0454159762733333,-0.08049682120671288,-0.1850130027281911,-0.0428198149966666,0.12862767041287707,-0.5093859342402435,0.0466132673199999,-0.03348547435320743,-0.4562064222886426,-0.0356720713536666,0.08395360147714334,-0.7558230808403654,0.2789940565666666,-0.07367724364892107,-0.7715907012921213,0.1827111016999999,0.06370782686117929,-0.7829690580016382,0.3090398738666666,-0.07577679058785548,-0.7976293197938624,0.1650541220999999,0.1021613863535832,-0.8208640602995847,0.2730757178666666,-0.0616822229149256,-0.8290465978404256,0.0822835181133333,onweer_g_ch1_g19_compr.mp4,ch1g19,5.7178988089392235e-05,0.00027985700979650513,4.737591485551625e-05,8.792460132264244e-05,7.557423319293506e-05,0.00031807649098031124,4.4813638978359034e-05,6.224782781485197e-05,6.224170429630673e-05,8.865777454002204e-06,0.00030042414842092327,6.65404570034376e-05,4.805940314255692e-05,4.730111637884175e-05,0.00012375078778827363,5.9102683955875115e-05,6.5181135942995e-05,0.00031432926421221647,6.13198427071318e-05,5.025198584837051e-05,0.00040219408983033434,4.595637754864472e-05,4.821077017962696e-05,5.001388108753696e-05,7.194746177831546e-05,2.2320610831458626e-06,4.8224152013780386e-05,0.0002772226875326436,6.189474137292181e-05,0.0003504402559811835,2.163489177704437e-06,5.1607071889717475e-05,0.0003388072792129279,0.0004221579768416403,9.453338228355923e-05,-0.0006655265041700214,-0.0006451056430468506,-0.0006886624216708012,-0.0006798715427572612,-0.0006520898355205128,-0.0006603982591984624,-0.0006856090458425545,-0.0008640530295648367,-0.0007562179668270614,-0.0007604888315588864,-0.0006920969656890076,-0.0010184440247239465,-0.0009504938856730457,-0.0019001162068190871,-0.0010103067321453533,-0.004302687392078944,-0.0045623436372734475,-0.004910265565662319,-0.005401688693358567,-0.005420201826426953,-0.006461481981882705,-0.004639165970071161,-0.005176733992813093,1.1149692532638231e-05,-3.0165609198006002e-05,0.0002715353320747361,0.00011921541580338622,0.0013560298542381647,0.0010282161525940396,0.0014224875245779265,0.0011117907583410806,0.0011036129038598961,0.0009695786581155723,1.7773999419050185e-06,-1.1412885488903876e-05,1.995938681803955e-06,-2.6947159297720306e-07,-7.187469783214838e-07,-1.3208757632262518e-05,2.0646710679079245e-06,-8.227025773753662e-07,1.414495829740219e-06,-1.5328613354122736e-06,-2.757043786036076e-06,-1.8483350860351345e-06,1.7995756724362539e-06,2.0022638454252075e-06,-2.8191502239023967e-06,-1.3768865268178132e-06,-4.574230430891291e-06,-2.146126624195686e-06,-1.676869480503251e-06,1.7027661060977572e-06,-1.8312534599481417e-05,1.8607659764164838e-06,1.7736812635594286e-06,1.550939540698677e-06,-8.59277790693253e-07,-3.191109797261768e-07,1.3949159662777782e-06,-2.963353231619477e-06,2.4678062357158633e-07,-1.817023658504588e-06,-2.523370963249065e-07,1.0523696366192377e-06,-1.5833529002875978e-05,2.9061964333006605e-07,-2.5279532716220527e-06,2.2528619699293368e-07,3.1217798834201375e-08,5.616411017081575e-07,-3.191574854822587e-06,2.728102370922928e-07,-8.294952902720643e-07,8.05740002195041e-07,6.691982895533705e-07,1.8600591329364864e-06,-7.524101250192435e-07,3.3506275517427483e-07,2.860666537011921e-07,6.610637695037202e-07,-7.748412110289628e-07,-1.0944145901931123e-06,2.2326209800812964e-06,-6.814743007099963e-07,2.2362070977583082e-07,-4.300912378767093e-06,2.535564692984822e-07,3.061703359156717e-07,2.8229132468571934e-07,4.937142976017663e-07,1.2929642643715802e-07,3.673403245413814e-07,1.906162187236895e-06,4.6217029804388667e-07,2.187061263466945e-06,8.206787792122895e-08,5.322972823234403e-07,-3.279692451199915e-06,3.2344987070442467e-06
5750.0000000000155,-0.013477347621052564,0.30887198511431047,-0.4263803111666667,-0.0017645395732559447,0.3284033031691889,-0.4182214766333333,-0.0003660856480304036,0.3278372930022591,-0.4069120089333334,-0.0015419648770175559,0.32809113573322335,-0.4103123794,-0.023192963760155623,0.3343762069880419,-0.4351128167666666,-0.021485809922530817,0.3336469639785284,-0.4491062183333333,-0.01644533779366269,0.32322582024846624,-0.427569661,0.03501248519474226,0.3300118876470887,-0.3018570079666667,-0.08414610261980338,0.2842064070336697,-0.3253390511666665,0.0119408947827309,0.30525848192743643,-0.3698107848666666,-0.017432061026128074,0.2765112204235333,-0.4043976028666666,0.12270009206171609,0.21518732040497365,-0.1497950109133333,-0.1610121100777611,0.24483766635333504,-0.1385239642966666,0.209365740052226,0.05371460649300847,-0.1423399247733333,-0.2093855777603511,0.004287151260046299,-0.1802301092666666,0.30353894777042795,-0.10638600578799194,-0.1858386553,-0.17683181954866864,-0.1385718116559926,-0.2915985798000001,0.31987453009409866,-0.13681148913331803,-0.1917336041666666,-0.14710490636063675,-0.16761635028943603,-0.3467517653666667,0.2981898117402856,-0.14602291107450777,-0.2217607314333333,-0.10812286615676646,-0.134376144963456,-0.3655842899333333,0.30420933355009566,-0.13454838660772883,-0.1987442884333333,-0.1557660822054916,-0.13603930160139047,-0.279894382,0.08235339986356972,-0.17434618481067848,0.0454005938033333,-0.08051943872882797,-0.1850322102756281,-0.0428410878966666,0.129620236696308,-0.5092196724660891,0.0457411479266666,-0.03331877215556658,-0.45612592839999566,-0.0359860634703333,0.08410410777629987,-0.7546263327262029,0.2798998395666667,-0.07366141619302881,-0.7706140970335823,0.1841685161666666,0.0638118636732073,-0.7817145372589561,0.3101504206333333,-0.07582913057684779,-0.796569928388317,0.1667155996,0.10245276168142163,-0.8198266678012224,0.2746039958666667,-0.061755009454014916,-0.8281042595118635,0.0843229363599999,onweer_g_ch1_g19_compr.mp4,ch1g19,6.0281596592854567e-05,0.0002687923513838253,5.0353475893741505e-05,8.895762152993793e-05,7.359370820407382e-05,0.00030463459138081804,4.784764150972778e-05,6.108472106373464e-05,6.45485253698781e-05,6.659599629829508e-06,0.00030174542346563313,6.345247805620472e-05,5.081863842882218e-05,5.032408603788305e-05,0.00012198777382889577,5.6706644898185244e-05,5.875308266729403e-05,0.00031718201535034925,5.844995774665088e-05,5.284129313389004e-05,0.0003822875854366492,4.8802776505818736e-05,5.091280011840811e-05,5.258135893161296e-05,6.996184394090199e-05,1.9385044194496375e-06,5.065386377281005e-05,0.00027788357338980144,6.283493663103779e-05,0.0003537854210089181,1.9481398678198296e-06,5.3826221782918056e-05,0.0003221651674342466,0.0004150458816978244,9.116499968845719e-05,-0.0007111362418203389,-0.0006934796446050181,-0.0007368204203168036,-0.0007286574203355965,-0.0006933834314456205,-0.0007032723476615078,-0.0007250773559854968,-0.0009170311434552651,-0.0007886628433809372,-0.0008032254411874613,-0.0007303670648711837,-0.0010570703192173858,-0.000967083672407761,-0.0018767938194968585,-0.0010449371640679187,-0.004268989833668722,-0.004383971296831791,-0.004886698913713352,-0.005132531821939572,-0.005403996877395065,-0.006137480571607022,-0.00460780225496985,-0.0049574858933512,7.568396582038911e-06,-2.433244705131394e-05,0.00020728194705022594,4.4719026596014145e-05,0.0012518529365980239,0.0009790986958711436,0.001315638885533162,0.001064279802659454,0.000999871655946681,0.0009290106762250723,1.9554349287276458e-06,-1.392214607858386e-05,2.1355750542654816e-06,-3.204198121345003e-07,7.592236554256699e-08,-1.642562523800631e-05,2.274400449295501e-06,-1.8122672036187914e-06,2.2126784166718857e-06,-8.502654871103637e-07,-7.535129068261852e-07,-2.3648141788660664e-06,2.0606197913545973e-06,2.2017502650264513e-06,-1.8810853753878956e-06,-2.0782652362511306e-06,-5.648889446800499e-06,1.343842064264583e-07,-2.150118752316298e-06,1.8467000601206351e-06,-2.2776516154307012e-05,2.0689562557773766e-06,1.9999826128900605e-06,1.7680658634643011e-06,-1.757200251710457e-07,-1.6697887156833673e-07,1.7297343264023266e-06,-8.159758470657635e-07,7.165350992797284e-07,3.012806103513417e-07,-1.4902691523851636e-07,1.4796112146741247e-06,-1.9123002539736796e-05,-6.733374810604721e-08,-2.2490034639841823e-06,-9.358083908363919e-08,-1.531039934595656e-07,8.357350215068153e-07,-2.8129246732583038e-06,-3.0434607311779505e-08,-1.0007890398780722e-06,6.141867430046406e-07,9.260424552558128e-07,1.2897285276430566e-06,-6.146619522046793e-07,4.930616123810808e-08,-3.225976574907232e-08,6.701437277569449e-07,-4.2971456421730227e-07,-5.990141171547555e-07,1.4882958907113464e-06,-5.470432167174506e-07,-5.504366735561081e-08,-3.5187351787357152e-06,-2.1386146077653023e-08,8.112808305510947e-09,2.7478439671040515e-08,7.911830226709224e-07,1.516918008634026e-07,1.6940998079889904e-07,1.5319418563532465e-06,3.928367432629129e-07,1.2458999196610565e-06,9.096557713965605e-08,2.9043001792980516e-07,-2.6997902219323562e-06,2.806669891691063e-06
5766.666666666682,-0.013043396356330672,0.30816892394747064,-0.4290363203333334,-0.0013340949434745843,0.32771877535332394,-0.4208785702666666,7.10436243475883e-05,0.3271099702550397,-0.4095414271000001,-0.0010906179562028598,0.3273728854599993,-0.4129384527666667,-0.022663890222480564,0.3336946896954814,-0.4377532130999999,-0.020973811229459467,0.33295515683673843,-0.4517611611999999,-0.01590689836852042,0.32251132165993657,-0.4302096818666667,0.03543761559959888,0.3291207335027904,-0.3046536728,-0.0836956061671772,0.2834461319749253,-0.3281360954666665,0.012318004188895431,0.3044648439156256,-0.3725064019333333,-0.01697593186413323,0.2757934233538204,-0.4070804009666666,0.12288919523566069,0.21413500469105418,-0.1525423980799999,-0.1605886609564565,0.24390167461756823,-0.14103358063,0.20859299007733337,0.05193508302636496,-0.1438601516633333,-0.2083274339436071,0.003329950228814391,-0.1810056695,0.30165596807532463,-0.11054641205604238,-0.1850531251999999,-0.177716149714373,-0.14274082742442593,-0.2885438824666668,0.31776024690356297,-0.14166142020398798,-0.1904866121333333,-0.148620265604306,-0.17255392681445014,-0.3429844696666667,0.2956338368937759,-0.15142417100232086,-0.2205338721333333,-0.10974141502346192,-0.14035808228166013,-0.3621107229333333,0.30207955811705245,-0.13907431763757222,-0.1978555732333333,-0.15681275850131549,-0.14079040827495373,-0.260874927,0.0823864392913571,-0.17434345713896005,0.0453768747566666,-0.0805475421658224,-0.18504978172580414,-0.0428487345533333,0.13060928134120392,-0.5091009548130565,0.0448287401433333,-0.033186591654183174,-0.4560582765637881,-0.0362344912236666,0.08425676846860106,-0.7534437813585196,0.2808717459666667,-0.07361631694977991,-0.7696779927615668,0.1857776861333333,0.0639169161384573,-0.7804704162148313,0.3112939586,-0.07585462982443064,-0.7955634351652779,0.1685502111999999,0.10267559237214005,-0.8189437274882029,0.2763587203666666,-0.06186713122230771,-0.8272455040018901,0.0867669882999999,onweer_g_ch1_g19_compr.mp4,ch1g19,6.316245687617155e-05,0.00025350244741417327,5.3034140472680614e-05,8.937474369137522e-05,7.563666368699954e-05,0.00028616589653122785,5.0729207340010587e-05,5.7911172538435004e-05,6.82686851761669e-05,7.918951934909936e-06,0.0003045489011345886,6.2089722247271e-05,5.336899641937979e-05,5.319666177319066e-05,0.00012208524175856723,5.476262941586823e-05,5.198401104859835e-05,0.00032185651832988816,5.737632246950242e-05,5.513273323397547e-05,0.00035614941013040343,5.1700432380706864e-05,5.330459526430473e-05,5.5180437713325136e-05,7.11433037490695e-05,1.7550035493191158e-06,5.3203545983042115e-05,0.000280418355710904,6.453521465674853e-05,0.00035909954404712396,1.7527839158404773e-06,5.606208925469592e-05,0.0003004273401312861,0.0004071739138620371,9.139700240410894e-05,-0.0007651368350425563,-0.0007473781289857136,-0.00079057288507994,-0.0007816011101098485,-0.0007408294834666952,-0.0007526470442511998,-0.0007703097493178207,-0.0009722207288205047,-0.0008266031966069736,-0.0008527841281716724,-0.0007779197202143353,-0.0011198006257450185,-0.0009908216390060575,-0.0018780292881725217,-0.0010577536251090086,-0.004216713919838965,-0.004137995877081237,-0.004834484722547311,-0.004787253568844078,-0.005340873836944916,-0.0057179070357875166,-0.004542130411539718,-0.004658994191052826,2.994355555905675e-06,-1.4760559832294989e-05,0.00010617667289506078,1.9058130255224564e-05,0.0010374975038748404,0.0009618487783211399,0.0010944683702087204,0.0010477331070407711,0.0008295169249668705,0.0009719840404189345,1.723756020908702e-06,-1.5661304569384817e-05,1.8026981955954005e-06,-5.119388110232396e-07,1.1158431699276309e-06,-1.8773444340270068e-05,2.023181509634701e-06,-2.9678624327313055e-06,2.8405911466585086e-06,7.703618052241016e-08,6.685513758353535e-07,-2.6848443291350428e-06,1.8778520603308606e-06,1.940221502728961e-06,-9.655752694248297e-07,-2.2373732310582296e-06,-6.011481196626402e-06,1.7140810047715872e-06,-2.439925182564326e-06,1.5630311054958715e-06,-2.5821513182965143e-05,1.8082390562902402e-06,1.7611803967510874e-06,1.6009401589801802e-06,7.971190803213589e-07,-6.9894252034304045e-09,1.7134518779564592e-06,1.0318546889736167e-06,1.103252362665217e-06,1.4303454274539502e-06,-5.324489664185374e-08,1.640744000955941e-06,-2.1339214529456018e-05,-5.049129493526845e-07,-1.7140116772154358e-06,-5.02039330624865e-07,-3.6895591523752534e-07,8.84274613646755e-07,-2.0741704879867237e-06,-4.3595419730652827e-07,-1.0255018830594858e-06,1.9758195540707768e-07,9.974536108620735e-07,2.7205674018733674e-07,-5.128489046637168e-07,-3.4555786503308735e-07,-4.5136037398728526e-07,3.561786391936228e-07,-7.187424302270392e-08,-7.145253868071346e-10,2.4370265669045816e-07,-4.5118573077282463e-07,-4.264161737522711e-07,-2.2497150206151396e-06,-4.080485334154013e-07,-3.881822277187388e-07,-3.4329697393609734e-07,9.05921682063488e-07,1.598233024226134e-07,-1.6588022713846387e-07,6.636406253981647e-07,1.869429586617022e-07,-1.8501959873953562e-07,9.111991740774364e-08,-8.380743374013325e-08,-1.7604982929882861e-06,1.9082050727624427e-06
5783.333333333349,-0.012600118060447234,0.3074346720315644,-0.4316986114666667,-0.0008928503974181075,0.32700360614936874,-0.4235637307,0.0005175407936664815,0.32635415219771213,-0.4121989300000001,-0.0006303789918435992,0.32662466104116766,-0.4155931125333333,-0.02212409948081526,0.3329899333960135,-0.4404318497999999,-0.02045124659460796,0.3322379049832836,-0.4544485279999999,-0.015357927168655038,0.32177155638254046,-0.4328849459666667,0.03585084368257363,0.3282074084026217,-0.3074883356,-0.0832341890820684,0.2826696848541146,-0.3310347775999999,0.012703002139983415,0.3036484488561886,-0.3751964846999999,-0.01650886097618356,0.2750507906745314,-0.4097732911333333,0.12303342488771667,0.2130814043431267,-0.1552214664133333,-0.16014996793273292,0.2429624959078333,-0.1436347166633333,0.20781001331009855,0.050281631458035964,-0.14523399353,-0.2072711774600845,0.002396829210715175,-0.1817997642999999,0.2997578999190319,-0.1146390793344632,-0.1842280518666666,-0.1786089752091915,-0.14675611573009595,-0.2856583381666667,0.31561510531320236,-0.14645419885607222,-0.1891572363,-0.15015585907701515,-0.1772986972798812,-0.3394154349333333,0.2930628289537968,-0.1567790459009313,-0.21923191,-0.11137933195310247,-0.14611639961471307,-0.3588285902,0.29993480924589955,-0.14353305752665474,-0.1969231524333333,-0.15786752891751935,-0.14535964226428172,-0.270374089,0.08241500615073716,-0.17434489284537838,0.04535947579,-0.08057243661610676,-0.18506149438851952,-0.04286454692,0.1315896747584079,-0.5090177459909827,0.0438953381133333,-0.033068120417518,-0.4560115050753315,-0.0366098760003333,0.08444678570443377,-0.7523399713496526,0.2815522303333333,-0.07356109718762512,-0.7687494497420756,0.1872432525999999,0.06405845792352627,-0.7793011087657596,0.3121284623666666,-0.0758676435310943,-0.7945639955096441,0.1702368492999999,0.10291702147161891,-0.8181599474173874,0.2777408646333332,-0.06193975003179237,-0.82639916626812,0.0890122583699999,onweer_g_ch1_g19_compr.mp4,ch1g19,6.494226438925336e-05,0.00023564311673716272,5.5197539318320993e-05,8.864233797985308e-05,7.363600190924357e-05,0.0002645179265228807,5.315432431984522e-05,5.378177751393869e-05,7.143435469759545e-05,8.160038221107343e-06,0.0003055935601522941,5.6143826241842076e-05,5.574154199721876e-05,5.550819984574471e-05,0.00012108766736675141,4.929735783558749e-05,4.434524132486685e-05,0.00032469104217328293,5.2011092650258004e-05,5.7106115888636874e-05,0.0003270138594325169,5.400531386950643e-05,5.54374112164788e-05,5.717025098572257e-05,6.901210164927416e-05,1.7902197418744867e-06,5.556677000662971e-05,0.00028192770466290654,6.612686159402583e-05,0.0003616168491505728,1.72259603156776e-06,5.818797842645482e-05,0.0002763005833939021,0.00039690124261956486,8.641657209542318e-05,-0.0007962367668970475,-0.000778398130455951,-0.0008208339191775142,-0.0008101392057421997,-0.0007654927315775317,-0.0007803376626204333,-0.0007939624065234751,-0.000995027128347326,-0.0008409446885985647,-0.0008789706672792775,-0.0008069807782762078,-0.0011726515883899104,-0.0009997793128786012,-0.0018662347567034064,-0.0010432504904179284,-0.00410869940212545,-0.0038519466762277892,-0.004701258365731665,-0.004410410612689049,-0.005178284193909854,-0.005254698179197221,-0.004405494762932646,-0.0043114320247951915,-3.0523898503599674e-06,-2.7174482570057883e-06,-1.4576098547375403e-05,-2.15264546874495e-05,0.0007358491421137293,0.0008820027239003946,0.0007850646188637391,0.0009630245222895115,0.0006037593007137831,0.0008941317673000793,1.0520639571567941e-06,-1.7137905028998845e-05,1.1293019027384654e-06,-1.0012998647951128e-06,2.421885973664293e-06,-2.0658636683459268e-05,1.427153598267965e-06,-4.112102756672902e-06,3.0621956133586797e-06,1.1603902654083138e-06,1.0011524406655471e-06,-2.907916217538199e-06,1.3791226284990424e-06,1.3297970910057576e-06,-3.1056944729474175e-07,-1.932165082853987e-06,-5.600793849918877e-06,1.9522015024612788e-06,-2.6349558953512188e-06,9.946323472872734e-07,-2.802953236704902e-05,1.2546040931366518e-06,1.200893847653095e-06,1.150666435545872e-06,2.0953453905840997e-06,1.6347723182572636e-07,1.4467563860217264e-06,1.933756594030457e-06,1.254399628063304e-06,9.663462434328418e-07,4.127477517401573e-08,1.4695593809819775e-06,-2.2989495207978624e-05,-9.343204547831552e-07,-9.788034111264909e-07,-9.284882863595017e-07,-5.52994872894351e-07,8.799609463115078e-07,-1.061097185488113e-06,-8.70996378746548e-07,-9.301795273587697e-07,-3.401031911629506e-07,9.827021659339155e-07,-9.621259119516783e-07,-2.80608700166628e-07,-7.882607395236483e-07,-8.936859162620239e-07,-1.3320180884473944e-07,3.4340251383757765e-07,6.264895588796806e-07,-1.2213040779229715e-06,-2.3417969017046417e-07,-8.31304154341127e-07,-6.864829785773576e-07,-8.241482695589192e-07,-8.209535430766034e-07,-7.533178216369543e-07,9.549436920493607e-07,1.4780722850874525e-07,-5.762515634836689e-07,-5.026885285022248e-07,-9.990591980624716e-08,-1.7662283846181813e-06,7.775439640232321e-08,-5.324303140524278e-07,-5.978095506308764e-07,1.2386678027814948e-06
5800.000000000016,-0.01215711125876401,0.306714436895609,-0.4342530668666667,-0.0004511147308239544,0.32630124681197126,-0.4261575887333333,0.0009613128729977199,0.32561328288169017,-0.4147666007333334,-0.00017134552738563497,0.32589137172894717,-0.4181582739333334,-0.021582029461354235,0.3323089493714885,-0.4430188056333332,-0.019926971283005378,0.3315418069432367,-0.4570420631999999,-0.014807611813482273,0.3210512387809825,-0.4354694629666667,0.036244746284581804,0.3273119403497336,-0.3102740908,-0.08276514321125253,0.28192960097650804,-0.3338981052666666,0.01308315430449896,0.3028481253279601,-0.3777898480333332,-0.016042514661603734,0.27432330945615047,-0.4123619605999999,0.12315484555453803,0.21205789573647058,-0.1579071824133333,-0.15968241709326095,0.24207286238922932,-0.14625584593,0.20702783178568174,0.04883637703780285,-0.1465513994633333,-0.20630043031739836,0.001549553570063831,-0.1827303025666666,0.29784503291731584,-0.11835587779180441,-0.1831797790333333,-0.17947498446217353,-0.15054413611250783,-0.2831133787666667,0.3134454015217539,-0.15078821015862595,-0.1875294538,-0.15162099545381455,-0.18174829071889229,-0.3362138529,0.2904870564743007,-0.1616343269282857,-0.2176276743333333,-0.11293116731637735,-0.15152672342123338,-0.3558552413,0.29778359632920914,-0.14757047436343002,-0.1957529746666667,-0.15888674236686323,-0.1496587833483599,-0.278175622,0.08243663680970134,-0.17435442411625385,0.0453425366466666,-0.08059067403419283,-0.18506390782370144,-0.04288154902,0.13252347896900918,-0.5089752568826723,0.0428822562199999,-0.032968255781863465,-0.4559691224719901,-0.0372155891403333,0.08458854456698146,-0.7513466174839862,0.2820955346,-0.07351358776780043,-0.7678228523962893,0.1883715625666666,0.0641415235012763,-0.7782367526165099,0.3128307660333332,-0.07588717303510603,-0.7935669939202527,0.1715864598666666,0.1030610884220422,-0.8175557345812589,0.2789067761999999,-0.06200868523286655,-0.8255662737433513,0.0908543049099999,onweer_g_ch1_g19_compr.mp4,ch1g19,6.493828809593455e-05,0.00021564986194404722,5.5541146737479354e-05,8.701442183181692e-05,7.419625569213753e-05,0.00024060937903313992,5.383986516395703e-05,4.871397321983628e-05,7.390330698040537e-05,9.458534247275374e-06,0.0003068323254926338,5.123204667139175e-05,5.654156840306444e-05,5.6008590271992014e-05,0.00012037532957389835,4.623701354048821e-05,3.830315766641472e-05,0.00032658511566213086,4.749692904627736e-05,5.740922622884059e-05,0.0002952890751834734,5.450170793209696e-05,5.603292965515227e-05,5.74660609849988e-05,6.950617968737457e-05,2.047455474047988e-06,5.6427974779988593e-05,0.00028428905360439335,6.723839851835148e-05,0.0003625964274242681,1.81669069602013e-06,5.917620079799381e-05,0.0002501613770827237,0.00038650596183308517,8.41847212002315e-05,-0.0007928159688605646,-0.0007746348057181949,-0.0008158349562607234,-0.0008024440215594939,-0.0007589539334221807,-0.0007757278952875233,-0.0007855102318273164,-0.0009806858009368858,-0.0008257602764497617,-0.0008714861710662591,-0.0008059723269478728,-0.0012122954560432404,-0.0009904071697666482,-0.0018485569750936015,-0.0010015935706177647,-0.00397973201007695,-0.003531641672643476,-0.00452030286766995,-0.004003433151620861,-0.00495185490685317,-0.004750412324541712,-0.004236088050961271,-0.003928145727566528,-9.377839678483967e-06,1.0625408680643762e-05,-0.00013122606740537988,-3.9554196689524945e-05,0.0003927915449218131,0.0007875983376377578,0.00043263304127735233,0.0008610927954799145,0.0003402468636411669,0.0007982152218013968,-8.09788594744417e-09,-1.8013141469014568e-05,9.32958898411936e-08,-1.5431987529577415e-06,3.7493013627076028e-06,-2.1634966140315872e-05,4.5296739098885826e-07,-5.070637491968075e-06,2.722895445926015e-06,2.309841459606593e-06,2.463260932253315e-07,-3.1524464595074894e-06,5.100668672712947e-07,3.359724811158101e-07,-1.403981352097426e-07,-1.3237644991956231e-06,-4.3425370416895716e-06,9.325997715558507e-07,-2.8201954317330703e-06,7.996987987737198e-08,-2.8743739006832124e-05,3.594009938401251e-07,2.8077976368126457e-07,3.33799868757292e-07,3.501007218846381e-06,3.295008715901501e-07,8.396447737636301e-07,1.7456628812586222e-06,1.1087189156687784e-06,-8.205104703843334e-07,1.2502106457434005e-07,8.720578432367984e-07,-2.357782860400497e-05,-1.277516529314425e-06,-1.1885050519851161e-07,-1.270211291098202e-06,-6.755610357343326e-07,6.054421905158151e-07,9.910483790463356e-08,-1.2324689709046479e-06,-7.14544845541493e-07,-9.264712771944207e-07,8.152943689461684e-07,-2.3016357033207067e-06,-1.0141647419323795e-07,-1.1725246802854829e-06,-1.2570859618088862e-06,-7.577898115803769e-07,5.757276348642004e-07,1.1223348138151538e-06,-2.7297580013388324e-06,-6.485159602854736e-08,-1.1700731563867792e-06,9.747587924052828e-07,-1.1675490952685655e-06,-1.187886026697224e-06,-1.1090675809430846e-06,7.307818427742783e-07,1.1623871700815544e-07,-9.605608784547378e-07,-1.8660996805341325e-06,-4.19710490731724e-07,-3.316641436997431e-06,5.380669900402237e-08,-9.65255375833623e-07,6.535987266636029e-07,2.127693956332301e-06
5816.666666666683,-0.011714808999741519,0.30599501615392893,-0.4371195406333334,-6.2904893049373134e-06,0.3255973506987702,-0.4290782133333333,0.001404721171544613,0.32487007940322654,-0.4176603784000001,0.00028669866769780427,0.32515575851603606,-0.4210452418,-0.021045532238643964,0.3316237672903971,-0.4459267354666666,-0.019406946974602005,0.33084331854408455,-0.4599773575333332,-0.014262321590845757,0.320329017524588,-0.4383771792,0.03663706141087672,0.32639642423711923,-0.3133909945,-0.08229249370793935,0.28117585639313153,-0.3370743513666666,0.013462815137239058,0.3020449070998663,-0.3806910921999999,-0.01557504842269316,0.2735951297241018,-0.4152767370333332,0.1232791229899059,0.2110289274209887,-0.1609480077466666,-0.1592188190001989,0.2411684624111734,-0.1491157927966666,0.20625817497120175,0.04733225449711921,-0.1489404522233333,-0.20530651591430832,0.0006322144388226738,-0.1844483175333333,0.29582482257020126,-0.12206420715181077,-0.1843511570999999,-0.18026460504138436,-0.154231982906244,-0.2824808741333333,0.3111380914238922,-0.15505317109696293,-0.1884133695666666,-0.15299733724310868,-0.1859834838528505,-0.3352325091333334,0.2877635454527954,-0.16636372600547897,-0.2185639788666666,-0.1143654906365702,-0.156615916258141,-0.3551128694,0.2955084148015426,-0.15158921879535966,-0.1968466811666666,-0.159824518875511,-0.15382963466390298,-0.292970896,0.08245756402992906,-0.17436391033089677,0.0453100810466666,-0.08060930800177811,-0.18506603260583507,-0.0428786907266666,0.1334109291357502,-0.5089308451109898,0.0419104622166666,-0.03285786726331518,-0.455964361391169,-0.0374994961203333,0.08471060583575088,-0.7504122850933486,0.2828450292333332,-0.07342078892218257,-0.7669702457331703,0.1897320688666666,0.06420618866774805,-0.7772386640247143,0.3137742608666666,-0.07585681210438378,-0.7926415329704796,0.1731610223666666,0.10315070017649644,-0.817049332638552,0.2803047409666666,-0.062075354653634646,-0.8248206271106463,0.0929408350499999,onweer_g_ch1_g19_compr.mp4,ch1g19,6.358595121245873e-05,0.00019634879971141078,5.491703919914457e-05,8.34048660794156e-05,7.758295911122928e-05,0.0002176025943316146,5.359956834146748e-05,4.349175664076802e-05,7.571972832000283e-05,1.2073912544099799e-05,0.0003059252750695562,4.864138025745819e-05,5.618489228985721e-05,5.556522446783705e-05,0.00011993053299570421,4.537378971227474e-05,3.241662931923841e-05,0.0003254417419843598,4.518046977291625e-05,5.6665890958663096e-05,0.00026538527131471536,5.4089908795949116e-05,5.5450144305334805e-05,5.6594829683408525e-05,7.277375810407861e-05,2.411199334622163e-06,5.60460918074095e-05,0.0002854309607737445,6.73612367172914e-05,0.0003595538142293825,1.9429171684865117e-06,5.8706972385443585e-05,0.00022559209557538584,0.0003759832296083079,8.5658010235426e-05,-0.0007693659857733203,-0.0007503241813599334,-0.0007907075697991821,-0.000773417864919055,-0.0007323273610016121,-0.0007505343669344205,-0.0007575685006104292,-0.0009422733105251191,-0.0007805800857950513,-0.0008426049661480623,-0.0007822556080469906,-0.001241528873816912,-0.0009553893442936766,-0.0018308142375837455,-0.0009285802181516527,-0.0038357399623463345,-0.003221507116796863,-0.004298065608918396,-0.00362319301928867,-0.004672150232346702,-0.004277295518825571,-0.0040411839870204205,-0.003559421524969771,-1.5736982120439946e-05,2.4776042561048037e-05,-0.00023866178150587752,-2.2288673326452778e-05,5.038945876399259e-05,0.0007085350173066786,8.444735065228766e-05,0.0007742585442059837,0.0001257101067394753,0.0007610455293110765,-1.4117325051704752e-06,-1.8161263843483222e-05,-1.363585636349809e-06,-2.1819158272439922e-06,4.516350445927655e-06,-2.150576267784911e-05,-9.712415075454731e-07,-5.805538563192373e-06,1.724698045445574e-06,3.2452104986184146e-06,-2.261437572948438e-06,-3.3014798198494663e-06,-8.418686320550766e-07,-1.1036318940095848e-06,-8.272261151749395e-07,-5.172947760940249e-07,-2.732621431547916e-06,-2.0348989442926954e-06,-2.9153676175170474e-06,-1.2804500842567603e-06,-2.7461448659499665e-05,-1.0192131931847383e-06,-1.0848076903808333e-06,-9.421306969812865e-07,4.443244699955364e-06,4.5415942437570084e-07,-2.868210547925004e-07,-2.3606316421863837e-07,6.119819526310623e-07,-4.4760568505947766e-06,1.7389432256547013e-07,-2.0007838378743607e-07,-2.284809820046782e-05,-1.492412308069737e-06,7.015569141409574e-07,-1.4943633005886857e-06,-7.008459408796049e-07,6.067536169807833e-08,1.186630501303405e-06,-1.4835474348051446e-06,-4.143239195859952e-07,-1.4827422758753287e-06,4.896152273909944e-07,-3.464676124551215e-06,-2.1034677838768912e-08,-1.4500881320356171e-06,-1.507227694025643e-06,-1.3924045098696226e-06,5.887050801618383e-07,1.4520272504156649e-06,-3.9752952033661956e-06,6.932751376491942e-09,-1.4069250934217158e-06,2.417131117485308e-06,-1.4069590275427602e-06,-1.4411363699323132e-06,-1.369945435605526e-06,2.2910355912539415e-07,7.13352910645467e-08,-1.2679528830251053e-06,-3.1483985275691143e-06,-7.130936189014018e-07,-4.503465911409121e-06,2.5175898747370095e-08,-1.3102622364647668e-06,1.752518961384303e-06,3.582536914552456e-06
5833.33333333335,-0.01133990988039216,0.3051128408129919,-0.4403040072000001,0.00041611074001507426,0.3247234880049139,-0.432319956,0.0018268457672136807,0.3239535972568145,-0.4208730558333334,0.0006981237887666723,0.32426586516646916,-0.4242533674,-0.020559353419990156,0.3307586953726112,-0.4490680412999999,-0.018907996409365455,0.3299656172693703,-0.4631788878999999,-0.013783208960979197,0.31947396087558827,-0.4415440266333333,0.03723384661448315,0.32525760788007607,-0.3169943724333334,-0.08162636749531645,0.280275955178103,-0.3403955350999999,0.013849446672459667,0.30109100197723404,-0.3839652269999999,-0.01510200929584805,0.2726964569464175,-0.4184484600999999,0.12370362672764332,0.2094005389358115,-0.16430436218,-0.15853253459553754,0.24010141348130162,-0.1520536401799999,0.20554324190185422,0.04479699263749296,-0.1526526126099999,-0.20426254051703754,-0.0004990047066916614,-0.1864734856666666,0.29212430691036645,-0.1261010609454656,-0.1866552737666666,-0.18045574418672508,-0.156577489376191,-0.2832642679,0.3065818682513586,-0.1594106983193432,-0.1907817194,-0.15338223931199793,-0.18820648729108283,-0.3356143136333334,0.2828281064790776,-0.17090594025015896,-0.2203495189666666,-0.11500874629059471,-0.15879116309583788,-0.3553866186333333,0.29143208149503647,-0.1556735985294006,-0.1989908748333333,-0.16013387930813414,-0.1561756685649786,-0.313456446,0.08249810658413909,-0.1743866791386611,0.0452111197033333,-0.08064943143063692,-0.18501046690862388,-0.0428302358766666,0.1333488915920699,-0.5094404765610504,0.0414542056733333,-0.0327009701743739,-0.45593255313624,-0.0386506953236666,0.08633328012639697,-0.7514542505023196,0.2822876781333333,-0.07312449593178154,-0.7662348318383344,0.1886228691333333,0.06611000445644438,-0.7783234073002342,0.3131875157333333,-0.07557279083317102,-0.7918183723015161,0.1722902397333333,0.10372068690052823,-0.8174798851210502,0.2794241270666667,-0.062004107454357485,-0.8237176127733613,0.0926764515699999,onweer_g_ch1_g19_compr.mp4,ch1g19,6.13346536383588e-05,0.0001797119922856749,5.2246826011993635e-05,8.095071782440487e-05,8.589272111409084e-05,0.00019811864015478305,5.140559107392954e-05,3.786129959916727e-05,7.70264928391581e-05,1.5538655749255476e-05,0.00030200578203757705,4.766254869032734e-05,5.4140963367166395e-05,5.323294961122861e-05,0.00011909122101718169,4.7126932973368486e-05,3.3860727916850634e-05,0.0003208288356798465,4.4255150703048445e-05,5.41717715298504e-05,0.00024087800107830526,5.175754339993716e-05,5.324976069226748e-05,5.4700525517462955e-05,8.08754695153289e-05,2.9810299336661804e-06,5.4742571334977455e-05,0.0002840439211759539,6.76348675170613e-05,0.0003515733414363644,2.198189573635266e-06,5.7764669338276514e-05,0.00020538740045379558,0.00036566800101724465,9.21919732572984e-05,-0.000741872378748121,-0.0007170836940086255,-0.0007563061999233929,-0.0007339964865617459,-0.0006991021413033806,-0.0007179011986582017,-0.0007246447768416238,-0.0008896757629343825,-0.0007340338056281314,-0.0008089730399360007,-0.0007594952769361592,-0.001264666176892384,-0.0009141465669890317,-0.0018154267728786742,-0.0008613165195802563,-0.0036914667993481047,-0.0029584289071385404,-0.004073652732212153,-0.00331683224735623,-0.004381215234606708,-0.0038933704799014044,-0.003847043506509993,-0.0032511307251161348,-2.1983788642215585e-05,3.862873015980512e-05,-0.0003139302523682406,2.0227988272554136e-05,-0.00027227635011119503,0.0006138197334800741,-0.00024792937649268087,0.0006680403984337821,-0.00015913059330422625,0.0006505180921114027,-3.319119884494068e-06,-1.629517135055808e-05,-3.083973062369551e-06,-3.1207266958597147e-06,3.2730247127379123e-06,-1.8551205208355858e-05,-2.715670908388847e-06,-5.787287596074093e-06,-5.76402274802406e-07,3.7764470135175563e-06,-7.5779646219731e-06,-3.367301032807842e-06,-2.552676519676406e-06,-2.876450694032965e-06,-3.45143661761514e-06,-1.8212846305486483e-07,-1.2383816095714783e-06,-8.272381504863382e-06,-2.923264509934569e-06,-2.886070072638849e-06,-2.1883407676840373e-05,-2.6678329728697765e-06,-2.7588706173550106e-06,-2.590592221332589e-06,3.6456449254708628e-06,4.744853962903351e-07,-1.8533472548221215e-06,-5.32576712459635e-06,-4.305233869072006e-07,-1.104205627405923e-05,1.663598683138471e-07,-1.8774914694023856e-06,-1.895690209754849e-05,-1.5534537991754775e-06,1.3471365724949574e-06,-1.5271976263972327e-06,-7.208569823018243e-07,-7.423989523269639e-07,2.0048808078643522e-06,-1.5474098587294927e-06,-4.504520232798247e-08,-1.9283840501728565e-06,5.5679673476851926e-08,-4.232123602799846e-06,8.26831002282368e-09,-1.5566682326380096e-06,-1.5710824546486663e-06,-1.88768768811134e-06,3.7420280561315043e-07,1.3738797696155599e-06,-4.738176543870275e-06,2.812801855807655e-08,-1.4782076113726274e-06,3.3667764018323957e-06,-1.4677177999133444e-06,-1.5222626956091877e-06,-1.4939394034362843e-06,-5.486835921582481e-07,1.4405778740947795e-08,-1.4565008078189494e-06,-4.094143336869099e-06,-9.736738658342945e-07,-5.105232169146484e-06,-7.719986386284343e-09,-1.5411491549096098e-06,2.500475132376169e-06,4.76022963779727e-06
5850.000000000017,-0.010954771393625242,0.3042819110267341,-0.4432712565666667,0.0008365127195717809,0.32392651063642164,-0.4353814254,0.0022427034996042525,0.3231148625657634,-0.4239043782,0.0011100714038900692,0.32345251641783535,-0.4272830019666667,-0.02007255097272442,0.32997542473055463,-0.4521160976666665,-0.01841301338289544,0.3291576898694795,-0.4662629256,-0.013304796470081466,0.3186727956836964,-0.4445975934333334,0.03772066839042835,0.32429387891747585,-0.3203623219666667,-0.08099962656294381,0.2794371335908881,-0.3437546601666666,0.014233479581624011,0.3001960430386781,-0.3869702935333332,-0.014630618697846435,0.2718372635826827,-0.4214308281666665,0.12398023430973813,0.20804837428898024,-0.16751323137,-0.1578805071453941,0.2390636580485351,-0.1552112776799999,0.20474465618256052,0.04274987700855853,-0.1557671234199999,-0.2033129595361616,-0.0016200115520858384,-0.1888601375999999,0.2887329367294869,-0.13000740071949948,-0.1880308995333333,-0.18068308684640072,-0.1594426021025293,-0.2838377103,0.3026799866538409,-0.16359114544102699,-0.1919504902333333,-0.15396625327782132,-0.1912878167138389,-0.3358699957,0.2785269869751611,-0.17533121354249104,-0.2214194635666666,-0.11576905096263698,-0.162411369490245,-0.3556593307333333,0.2877595431984398,-0.15968632456734122,-0.2002950155333333,-0.16049922954012588,-0.15927956957550873,-0.321510762,0.08253548718132904,-0.17440238023867036,0.0451782794066666,-0.08068782938181274,-0.18496621520882162,-0.0428471576366666,0.13345612377326455,-0.5099189471611849,0.04102604738,-0.03250955926985684,-0.4561645491712288,-0.0392182340303333,0.08720872180644004,-0.7523050801388932,0.2820008625666665,-0.07275885479201477,-0.765877385784286,0.1880283127999999,0.06702249593941996,-0.779154147972999,0.3129249324666666,-0.07521458296274323,-0.7914029321194836,0.1719731897333333,0.10401321183030973,-0.8177957885489489,0.2790032154666667,-0.06178595590480788,-0.8232321891366793,0.0926720147499999,onweer_g_ch1_g19_compr.mp4,ch1g19,5.726714638596938e-05,0.00016518775404037277,4.799732009764754e-05,7.830348398099958e-05,9.259052747971834e-05,0.00018165975046569057,4.7545287731736535e-05,3.225559618999791e-05,7.634661040207397e-05,1.9661340766505962e-05,0.00029243204269530597,4.577878880834179e-05,5.058246807199662e-05,4.923938461148193e-05,0.00011617671967304477,4.9692003516052024e-05,3.6242769585383894e-05,0.00031017138808622704,4.269533867363675e-05,5.024171413352287e-05,0.00022116570061861757,4.7863427928719775e-05,4.9536301622502224e-05,5.1326736459503315e-05,8.775397492283314e-05,3.586281472834155e-06,5.2095683451940626e-05,0.000277344444144392,6.701629562396664e-05,0.0003367087094008122,2.451651646575144e-06,5.530159372850076e-05,0.0001886546460937489,0.0003519025441513834,9.758920052553852e-05,-0.00069559091872131,-0.0006640515830936875,-0.0007014051724596245,-0.0006745518886867942,-0.0006488446536094258,-0.000667615844161383,-0.00067502612693608,-0.000816454262909031,-0.0006767492532173032,-0.0007556204187902669,-0.0007216619514347557,-0.0012543183557423884,-0.0008597251733852053,-0.0017563435588893166,-0.0007864213771709044,-0.0034947173495365044,-0.002729981584781675,-0.003797160746253065,-0.003065875889713702,-0.00403653254761038,-0.003587012534639735,-0.003603943493047833,-0.002992259886258338,-2.7361485818240195e-05,5.1054225922368476e-05,-0.00035563823091208256,8.599541993531418e-05,-0.000528379139436207,0.0005270276612284868,-0.0005117418053957684,0.0005675090132775213,-0.0003865900481504956,0.0005532416325933305,-5.032801773775629e-06,-1.4634065989508197e-05,-4.748025446733036e-06,-4.039256024217741e-06,2.5376402721684834e-06,-1.5986522118708232e-05,-4.421450817029199e-06,-5.383273466022944e-06,-2.9457445944722063e-06,3.6056312563255043e-06,-1.3379779855077442e-05,-3.073229067878529e-06,-4.288015860286624e-06,-4.61437652029053e-06,-6.153806854205018e-06,5.256107788339933e-07,4.112553986397279e-07,-1.4646630408852827e-05,-2.6387227221959203e-06,-4.4953222248384094e-06,-1.7528443629746852e-05,-4.297412348723905e-06,-4.4263984764680565e-06,-4.290564275127917e-06,3.0483103294411112e-06,4.590852776041148e-07,-3.555199483739701e-06,-1.1113259295046318e-05,-1.6672557590889542e-06,-1.765780173917193e-05,1.4313251804646525e-07,-3.7096218745318126e-06,-1.5679568894351264e-05,-1.4243246743861054e-06,1.7061502601852716e-06,-1.3655554012408007e-06,-7.141382984525227e-07,-1.4869183521931877e-06,2.4050280385225326e-06,-1.411355155362848e-06,3.969770586832789e-07,-2.170009413782435e-06,-4.248222248415604e-07,-4.336540888218547e-06,9.157672992679253e-08,-1.4721013955792845e-06,-1.4349493009583495e-06,-2.1226892067470424e-06,1.8916117076174877e-08,1.130739857126099e-06,-4.737309372720519e-06,8.785707478566191e-08,-1.3703971101123847e-06,3.633800478018732e-06,-1.3392387608021432e-06,-1.4125821461588918e-06,-1.4382276034647237e-06,-1.3027183595828413e-06,-4.137596984679657e-08,-1.4781545092273472e-06,-4.411521654046742e-06,-1.138758949804402e-06,-4.878115746993033e-06,-3.590477899051945e-08,-1.589006958749378e-06,2.7621298998606693e-06,5.233380837681376e-06
5866.666666666684,-0.010560018312566408,0.30341468785721404,-0.4461527616333333,0.0012539433374095985,0.3231003206928765,-0.4383656074333333,0.00265599491130254,0.32224920344143515,-0.4268623818666666,0.001522383143094798,0.32261295029628734,-0.4302427431333334,-0.019583870242015345,0.3291630931243832,-0.4551279908666665,-0.017915627288756186,0.32831851901113884,-0.4693040439666666,-0.012823514933695731,0.31784422389915673,-0.4476090863333333,0.03814471222736155,0.32332561966340484,-0.3236684669666667,-0.08040042128974777,0.27856700548833613,-0.3470962545,0.014614793404353708,0.2992724442965579,-0.3898880809666665,-0.014159750485850827,0.2709388889388753,-0.4243635535333332,0.12414266690725737,0.20671850242415393,-0.1706950326233333,-0.1572353807656056,0.2380144670234718,-0.1583471627266666,0.20392398726108799,0.040785655889127345,-0.1586164213766666,-0.20240998305446983,-0.0027903178211061124,-0.1911096169,0.2854510720077606,-0.13380149598926877,-0.1888400727999999,-0.1810330981618789,-0.1626119293121301,-0.2841322605333333,0.2989221711492185,-0.16764650225089198,-0.1923559945666667,-0.15472168330376035,-0.19484033942313675,-0.335837234,0.27435486685557575,-0.17960964809115426,-0.2217836499333333,-0.11668658409528018,-0.1666240915221238,-0.3558079628666666,0.28424037097089394,-0.1635749059523971,-0.2010268170333333,-0.16099068531411134,-0.162747925806983,-0.321897,0.08256586151235436,-0.17441935707840792,0.0451664563266666,-0.08071821265685437,-0.1849209775674251,-0.0428887829133333,0.1337242100145645,-0.5102859146622687,0.0401166981833333,-0.03232309809658864,-0.4564265100047708,-0.0405504674403333,0.08790095743206934,-0.7528436455817664,0.2811758617666666,-0.07245982173690164,-0.7655836175533427,0.1863895436666666,0.06767876210438731,-0.7796388509146243,0.3120728026333332,-0.07493896844658492,-0.7910583961484239,0.1704664359666666,0.10419904399254909,-0.8181559521090082,0.2780906678666666,-0.06151839248113638,-0.8229763652303537,0.0912592127966666,onweer_g_ch1_g19_compr.mp4,ch1g19,5.1711429882949835e-05,0.00015257705642410615,4.300745535613243e-05,7.434969643645721e-05,9.618693775090083e-05,0.00016800721224838146,4.286465663611402e-05,2.663225647282604e-05,7.292376858457216e-05,2.3881001695683694e-05,0.00027726736381098285,4.578479851694523e-05,4.613745110086703e-05,4.437869588491424e-05,0.0001100782691735221,5.1361446176930924e-05,3.7202516274823654e-05,0.00029381463786518313,4.2985206710036006e-05,4.571130451941959e-05,0.00020638000579104336,4.357588161841107e-05,4.487654861779196e-05,4.700216964799412e-05,9.188603019585296e-05,4.118974483890944e-06,4.8678609434687994e-05,0.0002648311695362462,6.511271238598567e-05,0.00031640253610394067,2.6739976140695534e-06,5.140427304410958e-05,0.00017515524921020323,0.0003332572718027508,0.00010144343517969868,-0.0006219491580521345,-0.0005852152863306053,-0.0006202973141971469,-0.0005904103091115249,-0.0005734545861925046,-0.0005918180525261,-0.0006004489304202947,-0.0007216030465448386,-0.0006000024842954563,-0.0006757482335853442,-0.0006573515225672178,-0.0011978854914208986,-0.0007821290917397547,-0.0016296891818419867,-0.00069395447360758,-0.0032374762919296623,-0.002531035952580913,-0.0034745892807334605,-0.002865374390149188,-0.0036614150004738396,-0.0033604416339662,-0.003311394446857014,-0.002777730489119922,-3.212244066430654e-05,6.165285221398952e-05,-0.00038019471830297606,0.0001515996651546164,-0.000710216559543244,0.0004135726061078774,-0.000697783830345823,0.00043771268386474027,-0.0005270871285505686,0.00047029645514100343,-6.48715068119678e-06,-1.3163215588370143e-05,-6.195027590119939e-06,-4.953676684635457e-06,1.6043931128814964e-06,-1.377479926089517e-05,-5.926224089771963e-06,-4.674367060545058e-06,-5.360076229897563e-06,2.8675191989132168e-06,-1.863603164187261e-05,-2.66870276364108e-06,-5.875144919744264e-06,-6.147919099662256e-06,-8.808012421458865e-06,9.144141558650724e-07,1.638074923845381e-06,-2.0309447831200466e-05,-2.278387151601312e-06,-5.951994499996464e-06,-1.4267803421381828e-05,-5.751320887097945e-06,-5.921114259582651e-06,-5.863507705394775e-06,2.1184965155694707e-06,4.013991493110957e-07,-5.212250422062953e-06,-1.6603329388577754e-05,-3.0108203103117554e-06,-2.334921917079337e-05,1.0507430889662246e-07,-5.4806718080555214e-06,-1.3157108078045196e-05,-1.1006382984897031e-06,1.8569435583200328e-06,-1.0269510803387031e-06,-6.70751452953312e-07,-1.9321848338323274e-06,2.490304311069646e-06,-1.0879348048213598e-06,8.197482859125545e-07,-2.083298766592324e-06,-8.819325314407608e-07,-3.857659876188489e-06,1.905446418368613e-07,-1.194685582171996e-06,-1.1094312846975063e-06,-1.943664811926659e-06,-3.119682068754117e-07,8.40849104014228e-07,-4.1114164932614364e-06,1.5457122162266286e-07,-1.0928933467976653e-06,3.408597173279723e-06,-1.0426750564997824e-06,-1.1127456581926076e-06,-1.1936690364465958e-06,-1.8078853631344813e-06,-8.715402485021867e-08,-1.3140016659360083e-06,-4.105379420236638e-06,-1.1653906918005686e-06,-4.047315709244634e-06,-5.410952950139743e-08,-1.4184280917208439e-06,2.6775803586424695e-06,4.9527891107586695e-06
5883.333333333351,-0.010205941462030714,0.30306583629109285,-0.4469401955999999,0.0016449388797166301,0.3227883921356081,-0.4391344288666667,0.00303523482417135,0.3219088460324733,-0.4275871474999999,0.001902828569013723,0.3223071262802639,-0.4309852948333333,-0.019135820393751512,0.32886019445055636,-0.4557812180333331,-0.017454643329571144,0.32800007589993774,-0.4700047204333333,-0.0123887699199693,0.3174969373215081,-0.4482964848666666,0.03860289302778778,0.3229338838115189,-0.3250091025666666,-0.07981157418503129,0.278264360671361,-0.3478594969333333,0.014992112108217768,0.2988799281228398,-0.3908353795666665,-0.013710709798364813,0.27054911751197175,-0.4252036372999999,0.12430215924159393,0.20566810600066343,-0.1727035815,-0.15639388940810164,0.2374955586361729,-0.1596373340666666,0.20306203634478823,0.039452263214709564,-0.1607670254999999,-0.20133854140919147,-0.002835972065006697,-0.1919723022333333,0.2826144955284845,-0.13648965430135007,-0.1883355855333333,-0.18116374419992567,-0.16468203775741994,-0.2826285809,0.29571450408881755,-0.17050219733109234,-0.1914713945666666,-0.15508972077102687,-0.19734862679843918,-0.3338601558666667,0.2707553489202091,-0.1825449160515655,-0.2207164879,-0.11725302191138878,-0.16961041657172676,-0.3538185684333333,0.28119657189543024,-0.16629640535801454,-0.2004520128666667,-0.1611949736212275,-0.16507551490541802,-0.313237637,0.08258229316527574,-0.17446400440215085,0.0449919352933333,-0.08073960542899544,-0.18484277203865201,-0.0427805526766666,0.13382782259895018,-0.5107048935476418,0.04160228845,-0.03212731781000019,-0.4556935324897058,-0.0381552621469999,0.08969516661333468,-0.7537017332204039,0.2821575423333332,-0.07177039379492024,-0.7648808135305452,0.1875608072333333,0.06966073486662437,-0.780520322596726,0.3129093468666666,-0.07417392167938999,-0.7903669885574808,0.1715011472666666,0.1046123498161475,-0.8188078922342239,0.2789042652999999,-0.0606715683575245,-0.822058513268826,0.0931597351966666,onweer_g_ch1_g19_compr.mp4,ch1g19,4.494466161920925e-05,0.00014099871097075412,3.651993996467243e-05,6.928089594746376e-05,9.566539010745066e-05,0.00015619246802988125,3.659056136600607e-05,2.2860839637639497e-05,6.674827968507747e-05,2.69106498181768e-05,0.0002581257909572622,4.105778930182988e-05,3.9879860391960195e-05,3.790982111248355e-05,0.00010031769670326751,5.099781384051762e-05,3.884023653565458e-05,0.0002733460729090435,3.8891762167938805e-05,3.943508375430577e-05,0.00019558320565924824,3.7560820435940634e-05,3.855061803332052e-05,4.0887134977721874e-05,9.227623792967124e-05,4.434650858464826e-06,4.321707267017117e-05,0.0002474442787943674,6.190783205977105e-05,0.0002933430408391367,2.6836004084163487e-06,4.5621121355280136e-05,0.00016431374506484884,0.00030979475531165947,0.00010013727203684357,-0.000540528434101968,-0.0004992215717259685,-0.0005302121266635502,-0.0004995846078864207,-0.0004916184160939048,-0.0005095880264834836,-0.0005207629432308533,-0.0006124151477444511,-0.000515014372273918,-0.0005844375352051783,-0.0005821649259569666,-0.0010975427303864605,-0.0006940792105968168,-0.0014339041467762302,-0.0005895902667075943,-0.0029251960144354248,-0.0023421814684912307,-0.00312279218784084,-0.002694288391979042,-0.003272476642801056,-0.003188359202650343,-0.002978090151857023,-0.0025855525156315467,-3.623742024625837e-05,7.000687562278327e-05,-0.0003859243279077911,0.00023425687784076364,-0.0007713833523939407,0.00035445652436701667,-0.0007585571958320964,0.0003631908499098872,-0.0006036255240017142,0.0003857152453372613,-7.123602203115081e-06,-1.0567208724233607e-05,-6.781054075831945e-06,-5.31239119988112e-06,-1.37525211493657e-06,-1.0600364138876121e-05,-6.598561268244311e-06,-3.699610753090566e-06,-7.310212272194987e-06,1.243882666962816e-06,-2.1647265067313403e-05,-2.8089034356614033e-06,-6.6881433570100585e-06,-6.8207902882951405e-06,-1.0525355549484762e-05,-1.5710256757801244e-07,1.9734226216810024e-06,-2.3367512147202938e-05,-2.461680337929378e-06,-6.660166877122231e-06,-1.0534040114255934e-05,-6.353112669824387e-06,-6.646940054975809e-06,-6.649630845594601e-06,-6.392550365747127e-07,2.728241702601021e-07,-6.175886423865386e-06,-2.0043575424820197e-05,-4.094333217423994e-06,-2.617670438161664e-05,3.579670026066829e-08,-6.611975696817537e-06,-1.005394212529397e-05,-6.411973121903137e-07,1.7873842846249127e-06,-5.219563366660923e-07,-5.859433773981515e-07,-2.021839211138552e-06,2.2430922461022485e-06,-5.861000903509757e-07,1.1702340161944442e-06,-1.6958129359906873e-06,-1.1934805132045727e-06,-2.8160910752264576e-06,5.091605687680102e-07,-7.190345194337181e-07,-6.037829029955307e-07,-1.3786706787424195e-06,-5.326463263794171e-07,5.135007065498305e-07,-2.8711281528569064e-06,4.2516967567880344e-07,-6.294730242977342e-07,2.67339311857167e-06,-5.626277848076843e-07,-6.280397040719596e-07,-7.517214448994218e-07,-1.9842375422578487e-06,-1.1283088253711472e-07,-9.303108274344415e-07,-3.1609776354182324e-06,-1.0498272533113585e-06,-2.6844806829417993e-06,-5.4549953776007306e-08,-1.0246554591482026e-06,2.231934614273744e-06,3.928178289548374e-06
5900.000000000018,-0.009860500280200203,0.30268100748367316,-0.4474272142,0.0020148529731108594,0.32244004751141503,-0.4395998140000001,0.0033981108231084635,0.32153121048375866,-0.4279926001333332,0.002270068603335765,0.3219599828240269,-0.4314237466,-0.01870540238306626,0.32852264653176794,-0.4561352328666665,-0.01701448884100522,0.3276451735309887,-0.470429335,-0.011969052663030276,0.3171170325538004,-0.4487080212999999,0.039005100156087345,0.3225022034511183,-0.3261891066666666,-0.07928462835709021,0.2779320466742942,-0.3486647149666667,0.015356251626538404,0.298450137182312,-0.3915308445666665,-0.013277202268902319,0.2701235740502033,-0.4257982919999999,0.12442456678014154,0.20472077651653656,-0.1745164945,-0.1556555535725965,0.23696719357378157,-0.1610103926333333,0.20223722770723288,0.038324382139584626,-0.1619693348999999,-0.20046947904235113,-0.003166618084496505,-0.1926948729333333,0.28000512584787557,-0.1390262543447451,-0.1865005711333333,-0.18141557365539984,-0.16698008877663417,-0.2808770601666666,0.2927983256356946,-0.17320019830244945,-0.1891675553666667,-0.15561563670506542,-0.20015292082699146,-0.3315922071,0.26754514412023594,-0.18543225141555325,-0.2183787887666667,-0.11793675688551376,-0.1730142146647902,-0.3517164586333333,0.2784476306258978,-0.16886740052482932,-0.1985452245333333,-0.1615265886472784,-0.16766400538736315,-0.309865177,0.08259752451920263,-0.17450983144307444,0.04484000144,-0.08075601578378144,-0.18476577840522362,-0.0426920811299999,0.13395469142655442,-0.5111225946306464,0.0410662219066666,-0.03198684949840316,-0.45538953577994873,-0.0384218121923333,0.09103914045637027,-0.754423874869622,0.2816213141999999,-0.0712661166263432,-0.7646505672812979,0.1869105900999999,0.07105470839059382,-0.7812224979086297,0.3123030692666665,-0.0736203840561144,-0.7901526647153351,0.1708129177666666,0.10494924564211364,-0.8194669574446746,0.2782280177999999,-0.05994372184939592,-0.822003059452998,0.0925689105966666,onweer_g_ch1_g19_compr.mp4,ch1g19,3.752639650583873e-05,0.00012983406752241523,2.9420880954580812e-05,6.320171979562681e-05,9.197090720471099e-05,0.00014552060222110296,2.958956199304668e-05,1.972950195645556e-05,5.8065484508259035e-05,2.8035451128318806e-05,0.0002333969506900765,3.623093665142935e-05,3.273321023908038e-05,3.072506322485898e-05,8.77705396796224e-05,5.033691238599355e-05,4.11043828774953e-05,0.00024690361734841027,3.4578798231786734e-05,3.235769526089543e-05,0.00018651477675293935,3.075230668797666e-05,3.152447043481711e-05,3.377346927337126e-05,8.952478293759172e-05,4.589073439467101e-06,3.641970265959514e-05,0.00022383307358875233,5.70993893263875e-05,0.0002648643021821486,2.6006917287662844e-06,3.8598341613056973e-05,0.00015466325547297712,0.0002804572247997544,9.59707249486922e-05,-0.0004366913148258729,-0.0003944901541177493,-0.000420377389644365,-0.0003918295821732264,-0.00039171983092868334,-0.0004084570628653248,-0.00042240347193639173,-0.00048771630387972864,-0.0004128220921186009,-0.0004716557344928482,-0.0004825229356347039,-0.0009511955039486163,-0.0005885365410656229,-0.001184526741222542,-0.0004837930831658854,-0.002544158998515104,-0.0021517730331969145,-0.002718472603800786,-0.002526077522346036,-0.0028404908558215276,-0.003032915055287409,-0.0025882874127969827,-0.0024031677178253737,-3.919456507777943e-05,7.505822028889322e-05,-0.00037183898658565685,0.00031203896895061587,-0.0007484410417702936,0.0003047926420226891,-0.0007343257001427539,0.0002973615310622451,-0.0006321480178474039,0.00029230087063076464,-7.394791383438471e-06,-8.770221989348421e-06,-6.9778759533256825e-06,-5.500484727447709e-06,-3.6697016630127605e-06,-8.548043175550187e-06,-6.862472974492931e-06,-2.511175286656459e-06,-8.72334599017095e-06,-1.573162120175646e-08,-2.3188134325574012e-05,-2.2061060178617646e-06,-7.112603511687115e-06,-7.093457625685567e-06,-1.141106986325855e-05,-8.876586597044914e-07,2.0338360937782986e-06,-2.468691288508864e-05,-1.949478163557035e-06,-7.01015045233009e-06,-8.686549585171747e-06,-6.582401480178437e-06,-6.987973501187335e-06,-7.094671980070454e-06,-2.959763410460984e-06,1.274331977349587e-07,-6.82776279347405e-06,-2.2096335224687056e-05,-4.9686829534957555e-06,-2.7216218829925624e-05,-3.608602889404598e-08,-7.352189060417023e-06,-8.340099374712369e-06,-9.292418330180352e-08,1.4816915035650598e-06,9.274730172405672e-08,-4.893680964283812e-07,-1.7689819843635673e-06,1.6725961319311202e-06,3.517206449777905e-08,1.5038434888012706e-06,-1.0645904665579663e-06,-1.3052897869879109e-06,-1.272110821431792e-06,8.773593306156087e-07,-9.80595489794295e-08,2.410793909005418e-08,-5.189000410843942e-07,-6.696906325224162e-07,2.4199299640115467e-07,-1.1011534211665983e-06,7.483434913926847e-07,-2.9505701322459795e-08,1.5469776006018781e-06,4.640138386622515e-08,-1.3807401721346011e-08,-1.5791264193216814e-07,-1.8220649401900197e-06,-1.1682350892314591e-07,-3.633820922400713e-07,-1.6359941276348674e-06,-7.990926650151031e-07,-8.747927350323409e-07,-4.0588821145515694e-08,-4.471028225153152e-07,1.4748471751304983e-06,2.319617400312384e-06
5916.666666666685,-0.009528802651342289,0.3023778924555496,-0.4473599334666666,0.0023651426956077066,0.32216982856956844,-0.4394838243333334,0.00374482802450722,0.32123937949416254,-0.4278181244333333,0.0026239477516646903,0.32169445773281163,-0.4312898348333333,-0.018295213856433235,0.32826522619427895,-0.4559522605333331,-0.016597439930858944,0.32736967296028324,-0.4703221211333333,-0.011566945339548102,0.3168186309279449,-0.4485949264333332,0.039402751335680455,0.3221624832425771,-0.3267505476666666,-0.07878922519338609,0.2776738153440575,-0.3490478079333333,0.015707723117136894,0.2981128891124565,-0.3916709184666666,-0.012864372147489315,0.26977604039017383,-0.4258779406999999,0.12454703011517326,0.20393652960751582,-0.1756722633333333,-0.15495686754184063,0.23651725747278143,-0.1618920069333333,0.2014758234557101,0.03744876540093141,-0.1626007934666666,-0.19962828624748813,-0.0035712095949316266,-0.1929255771666667,0.2775079416298758,-0.14132189350748633,-0.1846887603333333,-0.18172452704809883,-0.16919385262525635,-0.2789514834666666,0.28998165157931793,-0.17570559042792538,-0.1870197119333333,-0.15623099165884877,-0.2028548948944679,-0.3291903942333333,0.2645178578598537,-0.1880938727397686,-0.2162495469333334,-0.11871874077832689,-0.17630469582144193,-0.3494759090999999,0.2758078446868646,-0.1712302253930335,-0.1966903359333333,-0.16192911991827708,-0.1701652108782589,-0.302732855,0.08261730557045738,-0.17455611650109937,0.0447003846366666,-0.08077327673767183,-0.18469033724207506,-0.0426129950799999,0.13422750816351264,-0.511368268436211,0.0394825252083333,-0.03182003123149855,-0.4552484222986382,-0.0393165533163333,0.09222532658195622,-0.7549731399171542,0.2797565058999999,-0.07082332392451583,-0.7647067042896277,0.1858478039999999,0.0722167220643947,-0.7817422249492594,0.3103646218999999,-0.07314154458748236,-0.7902371096353361,0.1697226594333333,0.10520326399479803,-0.8201128940454357,0.2761048993666666,-0.05921555648379858,-0.8224021248819456,0.0914033258633333,onweer_g_ch1_g19_compr.mp4,ch1g19,2.99223052145206e-05,0.00012109471144748838,2.278543165478211e-05,5.726149579004275e-05,8.586560602635675e-05,0.00013767885087540919,2.299505735930868e-05,1.792676392603571e-05,4.776581998674045e-05,2.7312706859073717e-05,0.0002068838521536958,3.330608190819188e-05,2.582815763828387e-05,2.3866061631261473e-05,7.419591959160419e-05,4.816462395793462e-05,4.2475019981099995e-05,0.0002185889272832924,3.2016335649172206e-05,2.5673622661540505e-05,0.00017968722480949872,2.4610349755398234e-05,2.4808606632075807e-05,2.6676370076561698e-05,8.424826100252008e-05,4.6327933512727345e-06,2.9511932795198392e-05,0.00019777822529355087,5.127735133509666e-05,0.00023491734691268758,2.533480073269487e-06,3.0646037521670034e-05,0.00014742584837970058,0.00025012810502815134,9.012666215027161e-05,-0.0003154118276391777,-0.00027889221095851356,-0.00029988731617101817,-0.00027591231669742367,-0.00028122217517850687,-0.00029542208654532976,-0.00031083418153581005,-0.00036721466538236806,-0.00030564115164281104,-0.000347734439773987,-0.0003648774028067443,-0.0007803429630457944,-0.00048215215832899636,-0.0009288867098546156,-0.00039885933651949364,-0.002156351729276365,-0.0019962718242382657,-0.0023152501571439,-0.0023875897784518874,-0.002417359631873497,-0.0029104047548953148,-0.002202047004474179,-0.0022633851329946155,-4.0158476216589916e-05,7.605834876302617e-05,-0.00034409068085949484,0.0003610039564665549,-0.0006704913748254126,0.00022780111547528078,-0.0006548830396155234,0.00020519434460856956,-0.0006209535649522984,0.00019562646929502527,-7.185317069659074e-06,-7.678354888295512e-06,-6.589763740422636e-06,-5.768344870803631e-06,-5.28687144157967e-06,-7.49708938031874e-06,-6.522094279522425e-06,-1.0337291587096093e-06,-9.373063351574046e-06,-1.105742049718961e-06,-2.3234481335077273e-05,-1.1538879278868736e-06,-6.928718747291629e-06,-6.756218932733267e-06,-1.1244976168148308e-05,-1.7676356481823462e-06,1.952015288363761e-06,-2.433197213460429e-05,-1.0237160087654106e-06,-6.781500456027817e-06,-8.30377157310205e-06,-6.222831592252583e-06,-6.732843055890223e-06,-6.953806900964866e-06,-4.769031241126595e-06,-6.030659565643872e-09,-6.919105934148918e-06,-2.2557493278106822e-05,-5.568348601475037e-06,-2.65191614598458e-05,-9.054545635894192e-08,-7.520963524321878e-06,-7.722216237927439e-06,4.495477752854384e-07,1.0369762936102079e-06,6.956994546390553e-07,-3.562880055520637e-07,-1.1152913975629988e-06,9.417575860114932e-07,6.523761896659123e-07,1.7724368286743286e-06,-2.940952609267295e-07,-1.1700435769446786e-06,4.809610980248591e-07,1.235514374207927e-06,5.451094097500205e-07,6.52322201804011e-07,4.5519402096653046e-07,-5.621671705985848e-07,1.1148842165129137e-07,8.781060223289295e-07,1.0722863070408317e-06,5.875380527136539e-07,3.5642949181245217e-07,6.516636781851189e-07,6.114916919491644e-07,4.7343104090205217e-07,-1.2630576668344263e-06,-1.0270618552373985e-07,2.7034911609279956e-07,1.7253880256933185e-07,-4.5788826905858064e-07,1.0800086683782651e-06,-1.9789386916736476e-08,2.210373613645328e-07,6.175337125743696e-07,1.1996800454811144e-06
5933.333333333352,-0.009484836296817192,0.3020609275795789,-0.4476499537666666,0.0024124690938178883,0.3219002331934485,-0.4396549264,0.003788462771838297,0.32094734569921085,-0.4278992314666666,0.0026582173975959484,0.32142892583854143,-0.4314347069,-0.018198184428214578,0.3279849448767786,-0.4559512790666665,-0.01648955488792532,0.327082881605164,-0.4704157351999999,-0.011483231553577253,0.3165128529040028,-0.4486421203999999,0.03960596872761623,0.3217750732189192,-0.3274332016333332,-0.0785259102860828,0.2773682889759786,-0.3492043357,0.015815912407550023,0.2977648185256056,-0.3921513656999999,-0.012703084324031,0.26941358188528386,-0.4262396405666666,0.124453677966809,0.20315599602310666,-0.1769076764,-0.15430456110927726,0.23606651546703253,-0.1624667323333333,0.20059525517928262,0.03662581173921041,-0.1631672819666666,-0.19886038262027708,-0.0039272036255201285,-0.1931647343333333,0.2751446307848723,-0.1434295418529297,-0.1827786206999999,-0.1820608789440988,-0.17108541548777478,-0.2775082325,0.2873572863363787,-0.17800584015126802,-0.1848818716333333,-0.15686820196963983,-0.20511254852837454,-0.3276273359333333,0.2616125067830511,-0.19052445161720402,-0.2140883058666667,-0.11945048050899326,-0.17908960405051305,-0.3479583827666666,0.27328130137087275,-0.17342314053296926,-0.1947724472,-0.16234851410442688,-0.17235217040842732,-0.302836448,0.08261908258556913,-0.17459265632045223,0.0445122314,-0.08078284907327309,-0.1846178430822786,-0.0424788791666666,0.1344272921622543,-0.5116102689065498,0.040711501335,-0.031518686606946414,-0.45466196597893266,-0.0383535793699999,0.09405977590163174,-0.7554882514852053,0.2805654700666666,-0.0698598023979219,-0.7642480244908406,0.1850790133333333,0.07416173165688755,-0.7822458140002657,0.3110479195999999,-0.07211279830599052,-0.7897909762991108,0.1688660313999999,0.10586127373128784,-0.8207194904376145,0.2770947675666667,-0.05820605613612412,-0.8216195425489744,0.0910306694299999,onweer_g_ch1_g19_compr.mp4,ch1g19,2.2192258005157546e-05,0.00011507230354525775,1.5646010510149607e-05,5.127604236983014e-05,7.737237167373106e-05,0.00013247920429056872,1.5863275235043284e-05,1.808600440019776e-05,3.672180328234856e-05,2.4688026415394382e-05,0.00018087101309973385,3.2046020447254205e-05,1.8140499193951603e-05,1.6457618572447243e-05,6.047071591820168e-05,4.520998519882213e-05,4.352808864228903e-05,0.00019126639622224639,3.08819751688024e-05,1.8229485259379538e-05,0.00017502929869935645,1.764909128626257e-05,1.742749006171788e-05,1.8825803998365446e-05,7.64041510385629e-05,4.479967604540591e-06,2.156859815423799e-05,0.0001718855845820724,4.493816115313777e-05,0.0002062499947832119,2.377082622862743e-06,2.2173172235681252e-05,0.00014239316726917677,0.00022152252534472688,8.240928762129946e-05,-0.00021453336644268066,-0.00018526619632618763,-0.00020173004494130232,-0.000183909517104495,-0.00019119492496868414,-0.00020346016481721059,-0.00021943303461727739,-0.0002736796830741225,-0.00021845442370531877,-0.00024447095660231374,-0.0002639001431897518,-0.0006082270557861242,-0.000390213148859654,-0.0006672025785663468,-0.0003433369055750156,-0.0017684733569797257,-0.0018852824328339701,-0.0019226602947082143,-0.0022825737575918217,-0.002014963998855389,-0.002821169602653318,-0.0018202511792758862,-0.002166442976054972,-4.005507143285893e-05,7.445024736005654e-05,-0.00030411938224298205,0.0003783378767136216,-0.0005649415998324887,0.0001346760770602586,-0.0005479442433217004,0.00010084935428386511,-0.0005860558363040161,0.00010334566299934144,-6.493480936060695e-06,-7.08050115530902e-06,-5.547860178130058e-06,-6.086792118338848e-06,-6.999270490015716e-06,-7.210266473768228e-06,-5.517353622240475e-06,7.890681266970708e-07,-9.357084893959975e-06,-2.490420078901443e-06,-2.1832509368826754e-05,-5.359007160119489e-07,-6.010514520096195e-06,-5.762847886653646e-06,-1.033636748713596e-05,-3.004144934229296e-06,1.6472053595161289e-06,-2.2387274839724612e-05,-5.380422185185284e-07,-5.85824773460226e-06,-8.846904669465039e-06,-5.259620761448272e-06,-5.76215834610974e-06,-6.193684639090363e-06,-6.578765425189536e-06,-9.624402534919055e-08,-6.342940606538782e-06,-2.1413741341375494e-05,-5.874407648823628e-06,-2.436789254580567e-05,-9.303986683398153e-08,-6.958477844588878e-06,-7.784482093525016e-06,9.478021694846286e-07,4.6899246348286887e-07,1.2734998901187868e-06,-2.1055519427621097e-07,-1.8159178950091192e-07,1.3436277750843323e-07,1.2470345950186806e-06,1.929230540862318e-06,5.058490990837216e-07,-8.355248915058384e-07,2.1216379328614335e-06,1.49407722319351e-06,1.1925983888531709e-06,1.2600344355159912e-06,1.404821716000149e-06,-2.8102256341847445e-07,1.2118843156629705e-07,2.6770762186273525e-06,1.314868807076195e-06,1.2095273329536389e-06,-7.369426880717821e-07,1.2542229419195287e-06,1.232153205063021e-06,1.1167194769174825e-06,-4.0538592814762287e-07,-7.083667223476765e-08,9.500166615359621e-07,1.919011985368436e-06,-7.702723621196346e-08,2.799407013860988e-06,8.314209024643495e-09,9.093537692192754e-07,-2.3468053228558788e-07,2.4331910065536847e-06
5950.000000000019,-0.009374600478267513,0.30176208555596284,-0.4480381925999999,0.0025000952857979573,0.32164120450515793,-0.4399720092,0.0038776976013199906,0.32067113123650365,-0.4281531601666666,0.0027404786650274673,0.3211703912578443,-0.4317312887,-0.018057015716388517,0.32771668187038805,-0.4561638600333332,-0.016343417599244885,0.3268046686450312,-0.4706849059333333,-0.011355558176118278,0.3162212033387324,-0.4488837645999999,0.03980393258902501,0.3214137937005961,-0.3280040492333332,-0.07827733905371405,0.27705604350497154,-0.3495518883666667,0.015964472754304904,0.29743869427947583,-0.3926361868999999,-0.012508035317252334,0.26906050425001743,-0.4266640137333332,0.12437126095744151,0.2025551285177708,-0.1775040109333333,-0.15367198885263342,0.23563962348542533,-0.1630067856666666,0.19990513476634705,0.03601102369714161,-0.1623305993999999,-0.19812671465230697,-0.004408303549209833,-0.1931951764,0.27312218083206247,-0.14512183487444624,-0.1798544049,-0.18240073973005194,-0.17295512795208373,-0.2761105090333333,0.2849910117033428,-0.17989606986456422,-0.181510245,-0.1575045919120444,-0.20733639423225492,-0.3260196039666667,0.2590941534018933,-0.19250670378490817,-0.2107717936666667,-0.12016501657149331,-0.1818288405449722,-0.3464037733999999,0.27112162248110755,-0.17519074629367984,-0.1917964225333333,-0.16276783374281534,-0.17449516161458636,-0.301354557,0.08262146034187227,-0.17463072601879748,0.0443709788233333,-0.08079168197969071,-0.1845459997170073,-0.0423824694,0.13453959942241356,-0.5118746448245858,0.040497649185,-0.0313067509943783,-0.45428213427260467,-0.0389728868399999,0.09524409919071078,-0.7559651529235647,0.2804050977999999,-0.06934041121953992,-0.7641309884500789,0.1839209333333333,0.07537288673478434,-0.7827124469132568,0.3108290254999999,-0.0715829024133226,-0.7897151575098176,0.1677015940666666,0.10638957556528648,-0.8213248089988403,0.2769339641666666,-0.05757281376999619,-0.8215638553426278,0.0898864132333333,onweer_g_ch1_g19_compr.mp4,ch1g19,1.5555372860294427e-05,0.00010940053466085586,1.0013686767558936e-05,4.442173879500533e-05,6.888873210205965e-05,0.0001268459694835191,1.0234849437132982e-05,1.9935397027123734e-05,2.6587947728187278e-05,2.0578862885511418e-05,0.00015704353503017164,3.3103377288864035e-05,1.1859593178358376e-05,1.0540220690908083e-05,4.895663084811607e-05,4.217265934360358e-05,4.428424908875466e-05,0.0001667438002994786,3.163571013036401e-05,1.2195424773050842e-05,0.0001673546941168884,1.2247559414917921e-05,1.1479559604708548e-05,1.2320904497104814e-05,6.813746028943279e-05,4.244500408008715e-06,1.4762596669420091e-05,0.00014822018879041843,3.851415086619082e-05,0.0001799752885456568,2.244115856123696e-06,1.46368682736385e-05,0.00013595700315223937,0.0001957236417265906,7.512344274689789e-05,-0.00012071665621753975,-0.00010206520724580897,-0.00011462532233393866,-0.00010380746070123502,-0.00010951966287310163,-0.00012020725772524055,-0.00013493522928977402,-0.00019955122294322517,-0.00014137283132234854,-0.0001513503325782784,-0.00016892490971031398,-0.00044572807780424937,-0.0003105757602013167,-0.00043133763964675614,-0.00031489963843804337,-0.0014033153311189105,-0.0017809208038897096,-0.0015524904097527843,-0.0021591914968070443,-0.0016383654954362978,-0.0026870876368416305,-0.0014611962521927145,-0.0020632340105232387,-3.9190448607170294e-05,7.129162237199279e-05,-0.0002718426071795509,0.0003559044886447896,-0.00048752257596020097,1.2708992206739866e-05,-0.0004729357748837907,-3.192831970221527e-05,-0.0005659188687583989,4.609407949566917e-06,-5.39092820102601e-06,-7.1477197682915215e-06,-4.075308835157127e-06,-6.431723928747179e-06,-6.812832761982463e-06,-7.745340706625523e-06,-4.057931934480398e-06,2.770192180842947e-06,-8.46777856273271e-06,-3.2534870468526035e-06,-1.8804319078285964e-05,1.0918032012412125e-06,-4.594252489071396e-06,-4.299507068521625e-06,-8.35279975921504e-06,-3.0905606063449878e-06,1.6563506760917e-06,-1.889868343512428e-05,8.716920281442912e-07,-4.4535205382006125e-06,-1.0384924389861573e-05,-3.837495117054568e-06,-4.31009541086932e-06,-4.915531122405332e-06,-6.6373261078654905e-06,-1.415518886802812e-07,-5.227320240192255e-06,-1.848682007521124e-05,-5.827616596809491e-06,-2.072099795798002e-05,-6.216756264755772e-08,-5.80764162346073e-06,-8.662129208580717e-06,1.3396955435378355e-06,-2.4798095345207836e-08,1.7168125195422625e-06,-3.126800814980357e-08,7.602930162952597e-07,-4.862856116961679e-07,1.7061286733893097e-06,1.9585438233654475e-06,1.2120129458436322e-06,-3.9110300403596284e-07,3.345963222947091e-06,1.542520414045602e-06,1.7196590192431636e-06,1.7335447415181552e-06,2.149850159806778e-06,5.904252369579428e-08,2.2993858027949018e-07,3.953061335098778e-06,1.3752403004736376e-06,1.7136019851852274e-06,-1.3431461744277397e-06,1.7286815586415752e-06,1.7286899297733115e-06,1.6508445790033072e-06,5.051544681203478e-07,-2.9952892476482015e-08,1.5454655891311125e-06,3.274271215323811e-06,2.9195884366233526e-07,3.989254885123551e-06,3.7485737749536994e-08,1.5101476218232294e-06,-7.879385931374309e-07,3.9171801509486e-06
5966.666666666686,-0.009228387266922624,0.30162446815885496,-0.4480817158999999,0.0026001580918695124,0.3215287771339198,-0.4399618943,0.003980831150880744,0.32055332567876166,-0.4281003802666666,0.0028391128309966217,0.3210577457886693,-0.4317037254999999,-0.017904334091830454,0.3275907334846797,-0.4561345315666665,-0.016189697588399398,0.3266652163096585,-0.4706733267333333,-0.011217291810448228,0.3160752341341016,-0.4488647516999999,0.03995802231446231,0.3212119924531516,-0.3280456105666665,-0.07808421226725147,0.27683769539858666,-0.3496717036333333,0.01611911753155974,0.29727940000550684,-0.3926932464333332,-0.012312353526321932,0.26884753147171,-0.4267428011333333,0.12426244212090201,0.20219152761417225,-0.1774118929666666,-0.15309722884229973,0.23527084574288104,-0.1633293665,0.19921591267108682,0.035677501729063955,-0.1607590615999999,-0.19740247185957,-0.0048690282662678264,-0.1931894936,0.2711506603777212,-0.14635760324494484,-0.1764439294666666,-0.18273608171540864,-0.17466350974883804,-0.2747156242333332,0.28270445929815397,-0.18133821273984338,-0.1775906038333333,-0.15814528298587247,-0.20936450447824856,-0.3243845849666666,0.25664138335665426,-0.19403605961060122,-0.2069457819333334,-0.1208909535249934,-0.1843380305913335,-0.3448323893333332,0.2690082950912029,-0.17649312450676444,-0.1883396929,-0.16318994626391944,-0.17645283941145212,-0.310996175,0.08262323148577609,-0.1746688400278976,0.0442789553366666,-0.08079943406362206,-0.1844752475800378,-0.0423328977066666,0.1345181227497399,-0.5121587246478055,0.039996770265,-0.03112405522339303,-0.45404706974542336,-0.0401631551499999,0.09595833413513662,-0.7565073286161925,0.2793312744333333,-0.06906903138496583,-0.7642716777123223,0.1823581710666666,0.07608258308115225,-0.7832548918124862,0.3096296806999999,-0.07134175166455138,-0.7899078215399079,0.1661142567999999,0.10669088249576929,-0.8221231596125599,0.2754572441999999,-0.05712222234329336,-0.821903227995099,0.0881035093033333,onweer_g_ch1_g19_compr.mp4,ch1g19,1.0991620072487826e-05,0.00010253691463689596,7.252958758354011e-06,3.7911907550682205e-05,6.39145035893466e-05,0.00011848852833175649,7.505119131043284e-06,2.36385133644467e-05,1.91087550357436e-05,1.639921122623759e-05,0.00014138327696317537,3.6080850202283176e-05,8.596363000578639e-06,7.555825306538377e-06,4.2563928483642834e-05,3.948338890673002e-05,4.636088695489363e-05,0.0001516527235228076,3.414257905679014e-05,9.104281555915297e-06,0.00015279202499545475,1.0023457646488223e-05,8.451421942107245e-06,8.64593743394433e-06,6.275774509976464e-05,4.078944121698547e-06,1.0786869770840474e-05,0.00013277648731552694,3.279357595775347e-05,0.00016247502567035964,2.231780838501735e-06,9.508210626611956e-06,0.0001254305557931583,0.00017717904839228738,7.144403596281636e-05,-3.8287788389047176e-05,-3.35771617323349e-05,-4.349459673146806e-05,-3.932987074964024e-05,-4.047414622002464e-05,-4.980556143645522e-05,-5.980710876743826e-05,-0.00015456919672154668,-8.285287568307188e-05,-7.424957849705174e-05,-8.605225362579232e-05,-0.00032155541775694813,-0.0002574413318910478,-0.0002874419120288999,-0.00032586111943574015,-0.001144309278602508,-0.0016563938315622227,-0.0012791029112073726,-0.0019749147969381152,-0.001353334829729067,-0.002446696322183703,-0.0012048650354194194,-0.0019173921383342167,-3.71559814652249e-05,6.763273830028346e-05,-0.00027027688073612245,0.0002849886995648399,-0.0005111229899676373,-0.00015007944901841429,-0.0005073996160693759,-0.00020084395479998303,-0.0005910320786919832,-0.00010169497228236876,-3.873250601037307e-06,-7.377116602106798e-06,-2.1457774637387207e-06,-6.6657262320332594e-06,-5.115707175712245e-06,-8.486132090618916e-06,-2.1219849829375568e-06,4.801495308171242e-06,-6.795136680660348e-06,-3.388604385624349e-06,-1.4947772547663133e-05,3.1778482424105007e-06,-2.6530895574681977e-06,-2.333587676952225e-06,-5.692629253860834e-06,-2.544376987093657e-06,1.91622636775195e-06,-1.4554252856692407e-05,2.7405730071870453e-06,-2.5221956644657924e-06,-1.1939411426479886e-05,-1.907637674751925e-06,-2.3650381410450134e-06,-3.0547983862420276e-06,-5.251432544801029e-06,-1.4371269203639675e-07,-3.485233485076591e-06,-1.4535567611252182e-05,-5.42135119853303e-06,-1.644853279344632e-05,-2.0783043928991312e-09,-4.074047651976744e-06,-9.599947455340199e-06,1.5681754399325282e-06,-2.9160047696430357e-07,1.953103375452406e-06,1.7352561121906517e-07,1.5348690141488798e-06,-7.266000241372753e-07,1.951372233807236e-06,1.8344111889698717e-06,1.6973927906923113e-06,9.79442909960043e-08,3.848690266265886e-06,1.4503590603745648e-06,2.0319758602132413e-06,1.992794795613343e-06,2.4996234871641083e-06,5.081374522076929e-07,3.550935258812253e-07,4.383412899923366e-06,1.3083634229846192e-06,2.0124702271368372e-06,-1.2296190352484068e-06,1.9873634384330727e-06,2.0165335361878323e-06,1.980707229285503e-06,1.2924650209061587e-06,7.986752229666533e-09,1.9420675571206564e-06,3.905938507368823e-06,5.943930339215082e-07,4.351978085580893e-06,5.9286761838195475e-08,1.915498470800101e-06,-8.524491737707296e-07,4.649689793614602e-06
5983.333333333353,-0.009384344679616435,0.3017334062489453,-0.4481917371333332,0.002474663336435348,0.321611112792471,-0.4400148699,0.0038588925326160373,0.3206296488088148,-0.4281093477999999,0.00269943828355373,0.3211266200881099,-0.4317319671666666,-0.01800210838024292,0.3276668845374614,-0.4561102963333331,-0.016303734173683925,0.32673164059463405,-0.4706531426,-0.011347986158760193,0.3161439448743816,-0.4488470908333332,0.040073619531977404,0.32114530064804603,-0.3280650426999999,-0.07804868897551329,0.27688469859108994,-0.3494516005666666,0.016060384281958814,0.2973490018030592,-0.3928168515666665,-0.012388709754094665,0.2689253419553736,-0.4268077473666666,0.12414130215155644,0.20204434532194726,-0.1770798295333333,-0.15269934074203168,0.23509597404529678,-0.1630985907333333,0.19853147469556467,0.03550431590280613,-0.1585856457899999,-0.19699704080070685,-0.005127945333006105,-0.1919909472666666,0.26921352253432385,-0.14720404402498763,-0.1726729725666666,-0.18321152261219734,-0.1760586796483257,-0.2731430490666666,0.2804813555846073,-0.18223089960383831,-0.1736583945133333,-0.15883165428669738,-0.21096813233323344,-0.3229106644333333,0.2542233896706003,-0.19495870041913263,-0.2030425988333334,-0.12157646698346122,-0.18632152993050863,-0.3433013924,0.2669235865525967,-0.17738150118955776,-0.1845886149066666,-0.16369751232937596,-0.1780742203610376,-0.306767374,0.08261638366790551,-0.1746987193903715,0.0441422885899999,-0.08080089247852343,-0.18441263311586278,-0.04222202723,0.1342737812853203,-0.5125008292699249,0.0398215817816666,-0.03105509627451205,-0.45384307234036536,-0.0388081588939999,0.09639316496168293,-0.7569065439410223,0.279487627,-0.0687295956984751,-0.7643644085531169,0.1839859321999999,0.07653124606760303,-0.7836158902045693,0.3098628908333333,-0.07100384595080943,-0.7900301051370857,0.1678382049333333,0.10647251669572481,-0.8220466916746236,0.2758844872333333,-0.05685922476991743,-0.8215469390606552,0.0905191700699999,onweer_g_ch1_g19_compr.mp4,ch1g19,9.347151032838875e-06,9.189537470097477e-05,6.438451138642339e-06,3.291054593527511e-05,6.401898169248865e-05,0.00010451887831350003,6.80330012039413e-06,2.773074622947679e-05,1.589187762223755e-05,1.2816323364007934e-05,0.00013572715003435813,4.0600510432963255e-05,7.35678564110211e-06,6.730136735360482e-06,4.3554123584669e-05,3.8284414774149374e-05,4.967790518830536e-05,0.00014800595713539518,3.802471255442126e-05,7.671630243964793e-06,0.0001301597785919417,9.29127264149392e-06,7.451092979712925e-06,7.16146948855922e-06,6.18399724330479e-05,4.089274954713584e-06,8.707025931460548e-06,0.00012790031323413112,2.869487653005579e-05,0.00015594982976929826,2.3290184839347393e-06,7.507431403307291e-06,0.00010857469174320275,0.0001666832797007783,7.259518548338097e-05,1.7180864161789817e-05,9.996596583277463e-06,2.616663863507748e-06,2.006570196274975e-06,6.6962527119680755e-06,-3.358923901974053e-06,-5.585173625034766e-06,-0.0001304641635282349,-4.1204232170227326e-05,-2.118975156395147e-05,-2.9782068223954396e-05,-0.00025791463497505413,-0.00022916542574815172,-0.00024362262262925353,-0.00036299822848696276,-0.0009548034555356275,-0.0014814180685774124,-0.0010637394977985948,-0.001705602152249912,-0.0011107113027908403,-0.0020770904958528364,-0.000995680177715102,-0.0016867579147206576,-3.5655708211044906e-05,6.724466729607603e-05,-0.0003175318081390197,0.00017814201459523483,-0.0007048703553419214,-0.0003480561367669387,-0.0007179684236905629,-0.0004030668223099075,-0.000696950436563815,-0.00020202697516385912,-2.129371160934806e-06,-7.542248642159006e-06,-1.258832575901326e-07,-6.270334062519679e-06,-2.180707621844888e-06,-9.061661844733849e-06,-7.926647008239898e-08,6.595829910432221e-06,-4.62964608733684e-06,-2.962853493953496e-06,-1.0801310367240049e-05,5.1624412230002025e-06,-4.509124646625828e-07,-2.334230458192381e-07,-2.837664833804222e-06,-1.3441754633587333e-06,3.2677451320829054e-06,-9.893125910295462e-06,4.539712373758086e-06,-3.578121443253688e-07,-1.2824111579651302e-05,1.7949520653478803e-07,-1.8472517951468956e-07,-8.245613689919498e-07,-2.6203033279621346e-06,-9.179893105163422e-08,-1.2465985017407907e-06,-1.0185006943330557e-05,-4.526659858622636e-06,-1.2041470577847814e-05,9.211718864119199e-08,-1.809818854675088e-06,-1.0167043617582935e-05,1.592673980546902e-06,-2.2372306919078677e-07,1.97672088523654e-06,3.8673904773642137e-07,1.9779305254644098e-06,-4.835130797287542e-07,1.9764125811855087e-06,1.596769180430806e-06,1.868345158244377e-06,5.24788990816883e-07,3.6097973517088137e-06,1.189701819146946e-06,2.1170660510815026e-06,2.0259757290169632e-06,2.365783355302669e-06,9.126513229939374e-07,4.6498816792386927e-07,3.962784023182649e-06,1.0873368515815003e-06,2.1005185070194982e-06,-4.331841611483627e-07,2.0413901323204845e-06,2.0815782269485013e-06,2.0826093536443915e-06,1.7892364172047982e-06,3.481270376658809e-08,2.116177152496691e-06,3.745068914203408e-06,7.840008844112442e-07,3.909983354243985e-06,7.114130358582849e-08,2.0596705718563037e-06,-3.8243607877146574e-07,4.452200709659445e-06
6000.00000000002,-0.009429490669571215,0.3018475663411191,-0.4481433540666666,0.0024578565793591154,0.32170154808816515,-0.4399236936666667,0.0038449628517770442,0.3207154192383216,-0.4279867559333333,0.0026792711229165823,0.32120524496604885,-0.4316197177333333,-0.017995630651418112,0.3277539157616997,-0.4559629079333331,-0.016312250552250378,0.32680854981644314,-0.4705005636333333,-0.01137064663159098,0.3162204792421482,-0.4487033909999999,0.04022418354848042,0.32109730758246885,-0.3279279639333333,-0.07797405875994932,0.27693990195159385,-0.3491381168999999,0.016074794747265614,0.2974210331487431,-0.3927630365333332,-0.012390840936816765,0.2690046098077546,-0.4267092964,0.1240320731308237,0.2018862539024059,-0.1766661489666666,-0.15229205344962668,0.23493692425254067,-0.1628174445666666,0.19785049704533056,0.03528871082818001,-0.1567897253166666,-0.19655861609747258,-0.005438628016529056,-0.1909288054333333,0.2673083505594891,-0.14799668554932568,-0.1693867315666666,-0.18365882090011582,-0.1774775229284333,-0.2715849116333333,0.2782905576065262,-0.18306851410901284,-0.1701509383166666,-0.15951520843676614,-0.21259717264825775,-0.3212715029333333,0.2518781250149545,-0.1957950351509104,-0.1995774247,-0.12227442105696013,-0.18833304949216784,-0.3416723378666667,0.2648849952372205,-0.17817973060313808,-0.1812992513733333,-0.1641925119232856,-0.17969566432777798,-0.289036274,0.08260886393402532,-0.17473328077788083,0.0440372787399999,-0.08080076448390457,-0.1843477488441446,-0.0421439899733333,0.13387824861418657,-0.5128511221404068,0.039329310995,-0.031014180492704095,-0.4537003138632264,-0.0384231075506666,0.09676745615146999,-0.7576850543026173,0.2780618287666667,-0.06841796167346643,-0.7647680931420132,0.1840698282333333,0.07692006913721804,-0.7844141533790245,0.3082919697,-0.07069238166202085,-0.7904967312184376,0.1678682491333333,0.10617268159759709,-0.8228242683883926,0.2738320862333333,-0.05659147393351679,-0.8219296467155712,0.0903680503166666,onweer_g_ch1_g19_compr.mp4,ch1g19,7.935074766616066e-06,8.726516658051273e-05,7.452027950197011e-06,2.795823607450656e-05,5.8248637047539986e-05,9.880707227022394e-05,7.841717280826692e-06,3.504754623575654e-05,1.197233255842191e-05,1.0617652669981423e-05,0.0001295747483946709,4.511908263070781e-05,8.097877298166658e-06,7.67142707203213e-06,4.285419765790951e-05,3.4571230765435194e-05,5.168189517962213e-05,0.00014238100407263979,4.203609544711507e-05,8.440630782682769e-06,0.00012243186556356534,1.0539291166417066e-05,8.421505731096958e-06,7.571646777808658e-06,5.656781520643479e-05,3.949306044711994e-06,8.637084471985725e-06,0.00012252224491383993,2.4721359402828935e-05,0.00014831644655700883,2.399730512827208e-06,7.129646705258549e-06,0.00010173715711288758,0.00015888692525929446,7.047659922036763e-05,8.536368643457322e-05,6.826223076584528e-05,6.316642927100666e-05,5.794060691645727e-05,7.200882825972474e-05,5.9481259629286354e-05,6.139001325660585e-05,-7.968995698987107e-05,1.707858593615165e-05,4.355458030437053e-05,3.877516910820467e-05,-0.00015747427785503895,-0.0001873853098504145,-0.00012691914719036222,-0.00036131811484697775,-0.0007619432666158472,-0.0014020359530211625,-0.000846704216110633,-0.0015968132423829161,-0.0008833595539103723,-0.0019570384854836346,-0.0007966339747584601,-0.0015913683819595073,-3.351648323512508e-05,6.363272054965692e-05,-0.00034447577629407266,4.353169053689816e-05,-0.0008071464369734986,-0.0005638135097627621,-0.0008281206049668623,-0.0006247994394611241,-0.0007680376655304855,-0.00036411514336040756,-5.078597354377437e-07,-7.61359165420746e-06,1.9015381872460631e-06,-5.724799776328048e-06,5.843608857753142e-07,-9.344828512839026e-06,1.954763881276727e-06,7.930759818644426e-06,-2.4351286745752394e-06,-2.060750294128335e-06,-7.2730250268792935e-06,6.538698849248558e-06,1.7974756359823492e-06,1.8622329077621287e-06,-2.426735688583098e-07,1.3800743727933624e-07,3.915249551962673e-06,-6.021307951458828e-06,5.837556537243124e-06,1.8702750132205557e-06,-1.2873615738482308e-05,2.316061025718611e-06,1.999804614035341e-06,1.4209397756716075e-06,-6.162645669356634e-08,-2.805233174233466e-08,1.1108886453629115e-06,-6.385499697112999e-06,-3.55138127754073e-06,-8.433007486803888e-06,1.8223550877454102e-07,4.4963764740751976e-07,-1.0274530389664282e-05,1.4821022730013032e-06,-1.0207971818126998e-07,1.768086747153336e-06,6.543771899820786e-07,2.311057954122264e-06,-1.9307479478601e-07,1.7688484278617666e-06,1.1736928816944544e-06,1.860019101051657e-06,7.895226826200982e-07,3.0847641851227026e-06,7.962574305202961e-07,1.947543378293772e-06,1.8224220545651263e-06,2.0452188999917705e-06,1.2531807707805375e-06,5.326134828983164e-07,3.2710179449794026e-06,7.364151110440998e-07,1.9322927689213535e-06,2.409271661959584e-07,1.8489137614288297e-06,1.8969812395136618e-06,1.93706477872772e-06,2.1525835707538422e-06,5.65154245455642e-08,2.029605382484481e-06,3.2470942629434735e-06,8.876295881684134e-07,3.2203882712197403e-06,7.521158083502997e-08,1.9675576245756097e-06,6.612078938961446e-08,3.894248486801629e-06
6016.666666666687,-0.009391251009476102,0.30195593197414755,-0.4479014972999999,0.002508404761740474,0.3217834578125934,-0.4396448959333334,0.0038951057163217825,0.3207942580694792,-0.4276832361666666,0.0027295926892502357,0.32127710935104475,-0.4313270380666666,-0.01791396036022171,0.32784003886385993,-0.4556801325666665,-0.016245835042643923,0.3268823096811759,-0.4701952100333333,-0.011316627271333946,0.3162939229935016,-0.4484162257666665,0.04034346140735933,0.3210435259175204,-0.3275833556999999,-0.07789179316428861,0.2769861542354729,-0.3488085985666666,0.016123621410026934,0.29748739100388827,-0.3924931516666666,-0.012347817025495953,0.2690720921392746,-0.4264365872666666,0.12389975525632421,0.20173425513305557,-0.1760833898999999,-0.15192965328522026,0.23476162236177817,-0.1625267735999999,0.1971502729524792,0.03511918038623007,-0.15472995892,-0.19617994376890618,-0.0057859197107609705,-0.1904801488333333,0.2654198097957588,-0.14870862307638175,-0.1656843751499999,-0.1840743232815074,-0.17888220518344533,-0.2707220072333333,0.2760985499709626,-0.18384589513776645,-0.1661086886633333,-0.16014878377241404,-0.21419455248757052,-0.3203593978999999,0.24957701998919535,-0.19659288876716746,-0.1955971529,-0.12290806327978661,-0.19028774541716656,-0.3407649098,0.26288420000846713,-0.17890790613901666,-0.1775638307633333,-0.1646540774464792,-0.1812822164989251,-0.2868222,0.08259740405082061,-0.17476856454406006,0.0439590884999999,-0.08079729968517918,-0.18428347715207685,-0.0420935670499999,0.13333229908405944,-0.513234282141306,0.0389957779316666,-0.031010222458205422,-0.45362253490800636,-0.0382703489173333,0.09704690915415833,-0.7586085507988238,0.2768242277333333,-0.0681532369788122,-0.7652327927297017,0.1839215144999999,0.07722957581265437,-0.7853777300446643,0.3069146146333333,-0.07042474284735215,-0.7910229939939394,0.1676647375333333,0.1058867489423629,-0.8239057319340065,0.2719591473666666,-0.056313117223118686,-0.822496641010138,0.0899021131099999,onweer_g_ch1_g19_compr.mp4,ch1g19,8.436537585442152e-06,8.048444114449342e-05,1.0786331289244926e-05,2.281973340627165e-05,5.899449489960705e-05,9.046471522558559e-05,1.1222326702138587e-05,4.423614554104433e-05,1.0722385188949112e-05,9.670078872733283e-06,0.00012481087060138012,5.2307755777978496e-05,1.14010359726126e-05,1.0986947510323971e-05,4.429233460922412e-05,3.510621824789402e-05,5.606957054700954e-05,0.0001391499493294248,4.8495457553892e-05,1.179272865551046e-05,0.00011220293217663708,1.4269295846060937e-05,1.1894900302268236e-05,1.0452619860941708e-05,5.6848792050074685e-05,3.955019159887954e-06,1.1189597006567855e-05,0.00011888283259796515,2.1886090435437354e-05,0.00014284890901798399,2.6083091469913026e-06,9.049638903465704e-06,9.326083945236722e-05,0.00015196520750068422,7.472345388774515e-05,0.00017320997313915475,0.00014402583720449477,0.00014102487388493863,0.0001328086167753235,0.0001556617915324136,0.00014142214118817342,0.00014755700165791757,-1.365161561872777e-05,9.528817660399373e-05,0.00012624832537298198,0.00012598183519687192,-7.327413417716107e-05,-0.00012601577847027413,-2.654465027172639e-05,-0.00030363203403639975,-0.0005834888577063293,-0.0012822633715444732,-0.0006446959761573087,-0.0014575554231845323,-0.0006699764621846541,-0.001791385899563593,-0.0006048435563132394,-0.001448628127981541,-3.3559701013374e-05,6.227082002461318e-05,-0.0003768944659179272,-5.4269265610509815e-05,-0.000932794920792955,-0.0007489835240684301,-0.0009660305009657065,-0.0008169714043771128,-0.0008772188793873851,-0.000505116503180889,8.009744318415146e-07,-8.143774402836115e-06,3.60854719944927e-06,-4.9312202217440734e-06,2.78944558903925e-06,-1.0022914506767939e-05,3.6546194211648734e-06,9.222292412013142e-06,-8.510422587426219e-07,-8.699752286247928e-07,-3.6880684126293354e-06,7.3227457959204915e-06,3.7119666686220263e-06,3.6202107795207706e-06,1.3610291369006652e-06,1.301334789873918e-06,4.401727037687807e-06,-2.0730664257482623e-06,6.604693472061325e-06,3.8129408166378232e-06,-1.318250306934593e-05,4.171388699439418e-06,3.830993501491072e-06,3.3616572438221263e-06,2.110875512607638e-06,4.44469702315965e-08,3.2190145340341155e-06,-2.72834270997329e-06,-2.642857824980624e-06,-4.497142850702958e-06,2.550525403407345e-07,2.3969247253191807e-06,-1.0731775668420017e-05,1.2197075622547499e-06,2.4080583984919197e-07,1.3582720626418558e-06,9.851343137902656e-07,2.2050387849708282e-06,3.5217325388944617e-07,1.3554223486384548e-06,6.309843903713404e-07,1.607699350143247e-06,8.681242363477912e-07,2.433386655895439e-06,2.7448720262685936e-07,1.5438753816672734e-06,1.4083796889030355e-06,1.5066724142206783e-06,1.3722869825808384e-06,5.219835256630064e-07,2.437537243859676e-06,2.6033537212346353e-07,1.5310396095185898e-06,1.100077535688989e-06,1.4337890529999692e-06,1.4858214409427795e-06,1.5583889127283179e-06,2.110227684006531e-06,6.276857327354982e-08,1.6855954427772156e-06,2.550435434586657e-06,8.882873480492751e-07,2.4588631807389873e-06,6.570757857184557e-08,1.6354452788275721e-06,6.891697602213474e-07,3.1310157678429675e-06
6033.333333333354,-0.00959486484514927,0.3022127083081609,-0.4481710444333332,0.0023823111842623456,0.3219955770075992,-0.4398945629,0.0037754172141862934,0.3209977358126114,-0.4279001811666666,0.002606949548333838,0.3214749022842696,-0.4315591236333333,-0.018031860892040324,0.32807425406679486,-0.4558354960666665,-0.01638243162135309,0.327103719448114,-0.4703376135,-0.011471086391219316,0.31652443421887927,-0.4485559539333332,0.040444015852773046,0.3210461071051744,-0.3276648322666666,-0.07787356043116336,0.27714295930595045,-0.3485145648666666,0.01599771650412886,0.2976712278701398,-0.3927314400999999,-0.012503020368146068,0.269274920762348,-0.4265839547666666,0.12374002232823471,0.2016391770953948,-0.1754488298999999,-0.15160558376176386,0.23467660329824366,-0.1622516360666666,0.19642950326219646,0.03508094813231779,-0.15273289734,-0.19605877867399227,-0.0060465077564238676,-0.1898915425333333,0.26360351590306547,-0.14927816790197898,-0.1618380576166666,-0.18443964155629158,-0.18014583284330393,-0.2696913639333333,0.2739426747035001,-0.18446662523382945,-0.1619793851666666,-0.16060105274956402,-0.21562146214351374,-0.3190892358333332,0.24741992060061258,-0.1972507189641779,-0.1915818365666667,-0.12330858879295674,-0.19201573694624488,-0.3395665971666667,0.2609972727121216,-0.17949736716798728,-0.17365664396,-0.1650075367388431,-0.18270209796657386,-0.297337294,0.08255181753161756,-0.17480398112330756,0.0438622581399999,-0.08076285551230518,-0.18422055252462285,-0.0420178357466666,0.1327256903434784,-0.5136219502808709,0.0391222643283333,-0.031014226390457398,-0.4537927085244881,-0.0365411559543333,0.09731541895708731,-0.7597883959512809,0.2756775525666666,-0.06753439144901388,-0.766428900241916,0.1839967062666666,0.07753919557315732,-0.786619394271269,0.3056993404999999,-0.06972735123499792,-0.7923050031088498,0.1676584204333333,0.10589712971813718,-0.824914460903865,0.2704605440333332,-0.05596484469415705,-0.8231321773692409,0.0894191220199999,onweer_g_ch1_g19_compr.mp4,ch1g19,8.795887008940544e-06,6.865007983260098e-05,1.4096163149631338e-05,1.620904162103419e-05,6.780924912645243e-05,7.687997983973705e-05,1.4645803119803355e-05,5.458094604493383e-05,1.0308996329330853e-05,1.0803498681011012e-05,0.00011812518227901779,6.121679406752464e-05,1.5024639701949427e-05,1.4315096948900679e-05,4.4839498252666124e-05,3.9960044988889584e-05,6.200243684869888e-05,0.00013363312024927763,5.663408028637791e-05,1.5570131627367543e-05,9.688460085698726e-05,1.806725435332417e-05,1.5657383617721173e-05,1.3508268205360185e-05,6.408563322681999e-05,4.1613659266948024e-06,1.4248166024816013e-05,0.00011354348830194362,1.91029707949138e-05,0.00013492186507547656,2.985084185247946e-06,1.1485812030012766e-05,8.018605965759657e-05,0.00014099032176223786,8.552419210940488e-05,0.00030253153034564477,0.00026002174147739173,0.00025906171987037863,0.0002497031775044944,0.0002805648180265568,0.00026567508595989035,0.0002725322650374341,9.616554175221714e-05,0.00022102072084819352,0.0002484824823950309,0.00025320809090615613,1.4508183323322657e-05,-2.3561048015250403e-05,9.065197961504696e-05,-0.00014977521253033762,-0.00038845187454270605,-0.0010742736646732489,-0.00042496575928973603,-0.0012380015127668865,-0.00043665049668597,-0.0015369583830882245,-0.00039327187052047113,-0.0012155029697987882,-3.6330738070908934e-05,6.38611152305536e-05,-0.00042379562713492296,-8.003106450000639e-05,-0.0010846758826228986,-0.0008767684382055921,-0.0011356671812318131,-0.000953074433811706,-0.001003245417668538,-0.0005882522355327942,1.9167990463947798e-06,-7.956888455394486e-06,4.741926596488391e-06,-3.798513879312999e-06,4.763949896608155e-06,-9.568820410518008e-06,4.7688662907600635e-06,9.87475222889385e-06,5.03132095201917e-07,1.0055992000898958e-07,-1.3646832380952527e-06,6.5487675460691514e-06,5.012932266134613e-06,4.796020609828536e-06,2.4300042668140288e-06,2.5362869038472407e-06,4.925138300005228e-06,1.8133764503043401e-07,5.915727746622996e-06,5.105196531852253e-06,-1.1495435981383732e-05,5.346298427151433e-06,5.080318201232192e-06,4.709419787638441e-06,4.036645205826369e-06,9.750101983464489e-08,4.691873590176519e-06,-3.925269602436267e-07,-1.784192943303341e-06,-2.0274215817745423e-06,2.8879673388041954e-07,3.859153561780647e-06,-9.810587840610073e-06,8.882352358798235e-07,7.949346354435776e-07,8.431559557677291e-07,1.3576921812950797e-06,1.6525091903405063e-06,1.0981053091486496e-06,8.330932772426804e-07,5.257591839173459e-08,1.2038827545515632e-06,7.461567683098355e-07,1.8951410500593972e-06,-3.003404853073837e-07,9.999053354687124e-07,8.822868147854116e-07,9.162133959566131e-07,1.2055979538415762e-06,4.1063959791947004e-07,1.7639254214172522e-06,-2.734243235244838e-07,9.87904366969198e-07,2.0413433553665993e-06,8.93089989683988e-07,9.423216000171295e-07,1.0418897105768367e-06,1.6563191931642467e-06,5.289798856146574e-08,1.1696239684953636e-06,1.910200299828229e-06,8.199734325311157e-07,1.916275527654271e-06,4.307713845444304e-08,1.1495255709052505e-06,1.4355394105026421e-06,2.6388560601464818e-06
6050.000000000021,-0.009777529522171879,0.3024621261092529,-0.4481640945333333,0.002267538951778274,0.32220583227989597,-0.4398767133,0.003668070685300981,0.32120164120492245,-0.4278534561,0.002499352806290336,0.32167326704570254,-0.4315318535333333,-0.01813077014725268,0.3283096993649613,-0.4557589329333332,-0.016500246751965226,0.3273237253274935,-0.4702384701,-0.011606916071266866,0.3167526504994259,-0.4484640858666666,0.04053161835354309,0.3210739566967508,-0.3275088995333333,-0.07787099521353781,0.27731221370965964,-0.3480899502999999,0.01586674659950687,0.2978582166660512,-0.3926861653999999,-0.012662487676959218,0.26947232975173424,-0.4264767686999999,0.12357222932362405,0.2015973925034476,-0.1747020626999999,-0.15132620584993797,0.2346157954210309,-0.1618750906666666,0.1956854513455987,0.0351708118284779,-0.1505076887733333,-0.19602153117657076,-0.006241039939694306,-0.1890755807666666,0.2616473403107649,-0.14979215260972756,-0.1577594990399999,-0.18480061482280655,-0.18132252494331094,-0.2682731066666667,0.27160163025722533,-0.18505017625462453,-0.15753219892,-0.16102310521512878,-0.21697907505860464,-0.3175442933666665,0.24508595098843577,-0.19788689155498074,-0.187209442,-0.12367741724398598,-0.19368063022962012,-0.3379755187333333,0.2589709168910955,-0.1800362546268905,-0.16951421006,-0.16534905101015124,-0.1840211377475374,-0.300206363,0.08250939041400134,-0.17484071915080865,0.0437691474899999,-0.0807305846925184,-0.1841573118703999,-0.0419457354866666,0.13175840947160722,-0.5140430298809988,0.0393268886883333,-0.031062075388483944,-0.45396255416512105,-0.03497423132,0.09754437145394634,-0.7609512155155383,0.2748299243666666,-0.06714062728059786,-0.7675151922414619,0.1839419290999999,0.07782743342353968,-0.787834984217787,0.3047260413666666,-0.06929283899722812,-0.7934682673299234,0.1675182734999999,0.10585692663636725,-0.8259850902701036,0.2688927531333333,-0.0558223264448925,-0.8237911659738631,0.0886079283833333,onweer_g_ch1_g19_compr.mp4,ch1g19,1.1696565780694337e-05,6.19404589390725e-05,2.0035781379423262e-05,1.1705132672885496e-05,7.20378300308921e-05,6.913333715051762e-05,2.056277045378435e-05,6.509379579309747e-05,1.1565268425228198e-05,9.668954850210338e-06,0.00011604334566297936,6.653356009658186e-05,2.1325280278345766e-05,2.030678603089983e-05,4.6704909941834886e-05,4.1807191581606016e-05,6.725498659489361e-05,0.00013284455154939263,6.132881013272487e-05,2.2030700119873355e-05,8.940102348070038e-05,2.4653592080267626e-05,2.2002159251633823e-05,1.948304176865692e-05,6.803288787262994e-05,4.2997876673296645e-06,2.0296358799587914e-05,0.00011256323085262684,1.7702908139705797e-05,0.0001323469706021893,3.348903213187479e-06,1.649020251883934e-05,7.321767379356651e-05,0.00013720590416279268,9.159528800427266e-05,0.00040219290506578745,0.00034788365416781844,0.00034811013423550796,0.00033807718742936694,0.0003782340362553986,0.0003623946944194958,0.0003715223610606028,0.00017365064882324317,0.000316403812289431,0.00034010705672107,0.00035040379690757384,8.11952795841032e-05,5.119338252050024e-05,0.00017312497600541327,-6.848354073340121e-05,-0.00029282509532589445,-0.0009444406331878177,-0.0003196028595276501,-0.0011036382187787138,-0.0003378745068015302,-0.0013958156996113048,-0.00029029206324570966,-0.0010712316686618494,-3.824868037390649e-05,6.414549969233912e-05,-0.0004664885631120221,-0.00016727756214691833,-0.0011970677312114493,-0.0010281971943091246,-0.0012582133733932532,-0.0011093250098584701,-0.0011170029414785403,-0.0007507834303236827,2.628100899026109e-06,-6.834927302315545e-06,5.278221063855455e-06,-2.295838195449359e-06,6.251929556672878e-06,-7.867075391035989e-06,5.282832386297459e-06,9.43179177720783e-06,1.401623870976328e-06,8.371193594596678e-07,-6.295259845783231e-07,5.670920629127889e-06,5.6781564610920365e-06,5.359075030995269e-06,2.8176491296471837e-06,3.921280865944656e-06,5.171171965095732e-06,5.578925905941468e-07,5.111448856788914e-06,5.761995383637701e-06,-8.280581221022561e-06,5.897406941464899e-06,5.705542660411292e-06,5.408870817652234e-06,5.525278239824764e-06,1.373941217392805e-07,5.5047061673759116e-06,3.102632753895957e-07,-1.0667014694248652e-06,-1.337249392846165e-06,3.096677260460862e-07,4.6985915397151365e-06,-7.604718550080422e-06,4.646163373617635e-07,1.1635059830374145e-06,2.1066518624140272e-07,1.5839116327987447e-06,1.140013754403627e-06,1.5942280137324815e-06,1.970482313715369e-07,-4.702805322799392e-07,6.93368212648997e-07,5.718543695826702e-07,1.3871574652016426e-06,-7.144648293532732e-07,3.184374797016755e-07,2.3503641188124752e-07,3.043114916569229e-07,9.92266550238882e-07,2.81557926239486e-07,1.1610563707630758e-06,-6.613171710898787e-07,3.066513333556169e-07,2.5410749904803226e-06,2.113649779367475e-07,2.715089466679078e-07,3.776841024116951e-07,1.194604275962225e-06,3.969497803894648e-08,4.772155474929022e-07,1.2786472796693644e-06,6.621697093204697e-07,1.4610661451287388e-06,1.7392428817860324e-08,5.323939551485339e-07,1.876586228384678e-06,2.36433216423568e-06
6066.666666666688,-0.00990193642996505,0.30281619533264925,-0.4472732584333332,0.0021967250104841726,0.32252374443838683,-0.4389623741,0.003604608868479267,0.3215228007073478,-0.4269140372333333,0.002438594037272402,0.3219855925812341,-0.4306175232666666,-0.018177251296760948,0.3286672408618682,-0.4548587309666665,-0.016566423414317206,0.32766082515935413,-0.4692985555,-0.011689167343352746,0.3170953846613832,-0.4475520364666667,0.04060070050346179,0.3212484314160719,-0.3264808386,-0.07787730408653798,0.2776222425853044,-0.3470925549666666,0.015760216979511733,0.29816902586352806,-0.3917491982666666,-0.012791943714922037,0.2697769407087477,-0.4255470017999999,0.12340026636077896,0.20168804675460653,-0.1733294933999999,-0.15107951150038373,0.23466956676706,-0.1610611385666666,0.19490095609648933,0.03542542350473724,-0.14752138355,-0.195985408584288,-0.006318891756204273,-0.1877881601999999,0.25974988803103166,-0.15008312818091227,-0.1528789748566666,-0.18517931990894,-0.18225760618622078,-0.2661507665666667,0.2693604561720334,-0.18540218450682736,-0.1521751701233333,-0.16147979331954537,-0.2180673389301913,-0.3152547945333332,0.24291656965607336,-0.19827729985530088,-0.1819140890333333,-0.12416751555125802,-0.19505143869417413,-0.3355889209333333,0.25704090670551655,-0.18033829347747074,-0.16457494476,-0.16574253747672227,-0.18506600046040028,-0.308005303,0.08247075415009691,-0.17488027658636535,0.0436795911399999,-0.08070044058201649,-0.1840924037728399,-0.0418766119799999,0.1306331211035948,-0.5144992426290996,0.039489877465,-0.0311495346620807,-0.4541319593508247,-0.03368874105,0.09772544482210574,-0.7621846097142007,0.2739027641666666,-0.06684867673445764,-0.7685426399598339,0.1838815456333333,0.07807541942453874,-0.7891338962944027,0.3036381711666666,-0.06897298584427632,-0.7945861009503806,0.1673559705333333,0.10575316286980757,-0.8272300699855292,0.2671408727666666,-0.055768911810473415,-0.8246220259287631,0.0878685163733333,onweer_g_ch1_g19_compr.mp4,ch1g19,1.4880273493531577e-05,5.563436496432052e-05,2.5864585386397872e-05,9.891751490385207e-06,7.908418922835673e-05,6.206337666736053e-05,2.6375847466762714e-05,7.4423028555852e-05,1.341978138961167e-05,1.0530026354463143e-05,0.00011565888570899171,7.24645053030773e-05,2.767120145122958e-05,2.6222621617623326e-05,4.890354697129395e-05,4.702743617856543e-05,7.258395143518177e-05,0.00013354274565984109,6.667817188259872e-05,2.8527585381694083e-05,8.237066499175197e-05,3.121953653009439e-05,2.8338862223028684e-05,2.5614325376285234e-05,7.455116629033911e-05,4.441890763123345e-06,2.6688555864924337e-05,0.00011287557254813054,1.7151892331108322e-05,0.0001311370844720073,3.6903594463104193e-06,2.189521618894144e-05,6.654950835143526e-05,0.00013537164066735908,0.00010001927314700488,0.0004939082201228885,0.00043014694465912784,0.00043144128578321113,0.00042159773082477115,0.00046952855455217055,0.0004534246253807286,0.00046414932992997724,0.00024295791557914684,0.00040137645240879684,0.0004247707110623025,0.00043851114488600596,0.00013272816880459198,0.00011701591316535415,0.00023413571907159928,9.742800231310104e-06,-0.0002453879890379373,-0.0008268072273588392,-0.00027333895506559543,-0.0009786296534637718,-0.0002940325159593778,-0.0012672168565061055,-0.00024414793410545494,-0.0009460647435871227,-3.9814971848011506e-05,6.444398659945875e-05,-0.0004954787194508129,-0.0002117970532092349,-0.0012893053293946326,-0.001121249395385629,-0.0013602836754500758,-0.0012075163104696446,-0.001217726178903167,-0.0008530837948063265,3.0436725798653165e-06,-5.400548243911601e-06,5.402134613188576e-06,-8.839209142957452e-07,6.285283713491081e-06,-5.768155277537298e-06,5.377062517813037e-06,8.5109396160146e-06,1.8317137912765477e-06,1.0011251046353067e-06,-6.473237078618565e-07,4.3548044237581765e-06,5.865930933380328e-06,5.480959866444106e-06,2.66400619369698e-06,4.30502747294852e-06,5.079784764199178e-06,-2.4610005605573005e-08,3.874136576470417e-06,5.935190925295877e-06,-4.876684249799398e-06,6.0214862310406555e-06,5.854668113405469e-06,5.6153044987118095e-06,5.724692496084392e-06,1.6438718152020803e-07,5.805708732852751e-06,1.6608680953347995e-07,-5.304504606274384e-07,-1.5332030604989127e-06,3.2454940031720264e-07,4.9814877149613856e-06,-5.077997169700526e-06,7.259986183364504e-08,1.4042630346085495e-06,-3.7027823063418695e-07,1.607605126623872e-06,5.420986375964821e-07,1.8931286476445537e-06,-3.875600517125458e-07,-8.399511595184774e-07,1.805245934767822e-07,2.6747700932857696e-07,1.0693523078724206e-06,-1.010824833195493e-06,-3.273471018790981e-07,-3.634563751751207e-07,-2.122096911753406e-07,6.123327110346125e-07,1.5823995406928185e-07,7.945372473601764e-07,-9.456454093232772e-07,-3.392639091851211e-07,2.72288605423093e-06,-4.333502652272953e-07,-3.558895495917434e-07,-2.611179656719449e-07,6.381253635541045e-07,2.3197747047013507e-08,-2.1330247006546934e-07,8.467614777848186e-07,4.6120154357163814e-07,1.2551380523860425e-06,-9.083532473905862e-09,-6.811477152058106e-08,2.099851047814247e-06,2.3061628014527574e-06
6083.333333333355,-0.01029028021006942,0.30341982716502075,-0.4465447833666666,0.0019111492477868718,0.32305813226244284,-0.4381907075333333,0.0033265155743681927,0.3220624565827371,-0.4261145998666666,0.002155381029524823,0.32251516049805307,-0.4298361918,-0.01845925244655223,0.3292499793120642,-0.4539888577999999,-0.016868826334096993,0.3282266575035755,-0.4684019625666665,-0.012010875246323171,0.31767192509978975,-0.4466699244666667,0.04064048371097279,0.32158547162115725,-0.3255803872666667,-0.07794071145676766,0.2781084126428811,-0.3457900533999999,0.015470719069299414,0.29869914920118734,-0.3910081247666666,-0.013116764272773347,0.2703105993482204,-0.4247021556333332,0.12320305245899678,0.2018726034583867,-0.1717625568333333,-0.15085827761242404,0.23483060396654695,-0.1599335249999999,0.19405983827815174,0.03569245132789733,-0.1444661714066667,-0.19606262788819662,-0.006239391999686686,-0.1860247403999999,0.25788549288132057,-0.15032220514130568,-0.1481002661066666,-0.18557346144109693,-0.1829130663749787,-0.2638327851666666,0.2671544896682384,-0.18565513111024265,-0.1469348005433333,-0.1619680762973578,-0.21886582651398875,-0.3130593229999998,0.24078653610712325,-0.19853856204028045,-0.1766922175,-0.12467756481751036,-0.19609686023798006,-0.3332905231333334,0.25514585075899976,-0.1805748801052942,-0.15973737266,-0.16614404477361955,-0.18581609170210042,-0.3442536,0.08242020991891837,-0.1749207523545851,0.0435918923433333,-0.08066145951756504,-0.18402723118708283,-0.0418070553466666,0.12943151835231415,-0.5150540729757299,0.0402300021716666,-0.031232806641086644,-0.454369852919816,-0.031879424254,0.09786245694741619,-0.7635652730726673,0.2737984550333334,-0.06652112218319205,-0.7696847742353601,0.1842140168666666,0.07829242519957814,-0.7905953704552551,0.3033775140999999,-0.06861411478747317,-0.7958233285847333,0.1675475989666666,0.10557325828363265,-0.828528513537468,0.2659785146333333,-0.05571429240933934,-0.825513202197282,0.0872711191366666,onweer_g_ch1_g19_compr.mp4,ch1g19,1.7914654319639745e-05,5.035978891512508e-05,3.0876158822687546e-05,1.03407584555355e-05,8.917847510279522e-05,5.6572908393313044e-05,3.137800833818457e-05,8.239821321659971e-05,1.5658791409460238e-05,1.354795943764426e-05,0.00011628316566587902,7.933654492392303e-05,3.320948421356072e-05,3.141860205869519e-05,5.1713056537004215e-05,5.4011287720782375e-05,7.875496715544087e-05,0.0001348204512959072,7.302960149130919e-05,3.420435959837561e-05,7.7029199973932e-05,3.7124208117848386e-05,3.383463912633412e-05,3.131109631697771e-05,8.353605499504086e-05,4.560373063018139e-06,3.2638538331822894e-05,0.00011395791710365157,1.70666007303116e-05,0.0001310888039737587,3.9254665973063555e-06,2.679609281655703e-05,6.115185011709323e-05,0.00013529111837816185,0.0001109576278500668,0.0005641870005104546,0.0004941590550699479,0.0004960264462423931,0.00048672649343359427,0.000539869750639999,0.0005244622870430292,0.0005362477491578435,0.00028806804610638937,0.00045975409203318727,0.000488357716463071,0.0005035666790936437,0.0001592438792977241,0.00015677606609090913,0.0002548481244514937,6.630855623286973e-05,-0.000248780939483564,-0.0007328551535838759,-0.0002839613816417336,-0.0008711498561655691,-0.0003059675218931247,-0.0011622995597435615,-0.00025252161667988117,-0.0008523813804611794,-4.056387663189907e-05,6.473625428245196e-05,-0.0005343885780955971,-0.00020182345991844104,-0.0013693110836882673,-0.0011374045625335558,-0.0014504023416265432,-0.001229411408826643,-0.0013080242169144715,-0.0008586482941203173,2.8797032533382757e-06,-3.3719998203168965e-06,4.632996268030277e-06,7.187093181997403e-07,5.95262722777031e-06,-3.128008768654209e-06,4.587102353885856e-06,7.319936954565525e-06,1.701261929928864e-06,9.700008813726163e-07,-5.967319359956761e-07,3.1650354459959027e-06,5.085345328007482e-06,4.702023548263733e-06,1.9790890416674346e-06,4.700712105739619e-06,4.945920702068725e-06,-4.2228669159098e-07,2.7428642480679354e-06,5.13354056302488e-06,-1.3606656582649471e-06,5.132215289639932e-06,5.062525001624902e-06,4.891965581337686e-06,5.531331602218275e-06,1.642041967573424e-07,5.103446805179211e-06,-2.8937966730955608e-08,-1.9194724086593133e-07,-1.412247688034972e-06,3.015995153544302e-07,4.497704209175191e-06,-2.234532422779204e-06,-2.2479197890987863e-07,1.4768615417942562e-06,-8.108772888844666e-07,1.417228462279165e-06,-4.510132735788896e-08,1.9471793272539174e-06,-8.318794672991053e-07,-1.0474353299904035e-06,-2.5186337109079434e-07,-1.1832332679484669e-07,9.526387912872573e-07,-1.201423313643041e-06,-8.344456682461405e-07,-8.23664052615904e-07,-5.696304788691888e-07,1.5167493068191187e-07,5.907584467258618e-08,6.713335251732571e-07,-1.1349317106469546e-06,-8.474622821245964e-07,2.5682182903812236e-06,-9.468068095931685e-07,-8.408812411528155e-07,-7.789623273554006e-07,8.272757215014855e-08,8.590440861041134e-09,-7.904420705836799e-07,6.486397086319831e-07,2.601042505781686e-07,1.2488805324468007e-06,-2.970937537657671e-08,-5.495449577796943e-07,2.077786486363953e-06,2.221456477628135e-06
6100.000000000022,-0.010433765073392205,0.30403274788285306,-0.4454699049666666,0.0018267887545549972,0.3236027579695356,-0.4370618561666666,0.0032383820668065756,0.3226134355999273,-0.4249613215333334,0.0020730445222497864,0.32305656613059963,-0.4286999365333333,-0.018525468135000313,0.32984538713715855,-0.4528245823999999,-0.01695897190254624,0.32880406172986604,-0.4672099838999999,-0.012112793970080488,0.31826023676692505,-0.4455009134666667,0.04071890360829376,0.3219455040080272,-0.324396341,-0.07794591578805891,0.27862662163040003,-0.3444163103666666,0.01535470674823917,0.29924358407973145,-0.3899262080666666,-0.013266162974563026,0.27086149318430297,-0.4235833098999999,0.12302585174413849,0.202087439273291,-0.1701877588999999,-0.15065138725114094,0.23503597204424845,-0.1587997318999999,0.19321801382821538,0.0360074295974965,-0.1414248525866667,-0.19584035430479016,-0.006102976599478603,-0.1844050335333333,0.2559847327733495,-0.15039860406539413,-0.1429955864933333,-0.18596892765381617,-0.18351812080645424,-0.2612624048999999,0.2649074959125799,-0.18574385243084746,-0.1412265560933333,-0.16251871879200408,-0.2196118258279226,-0.3105121333999999,0.23858552411386602,-0.19861285733602008,-0.1710369462,-0.12530690079232998,-0.19716509959927236,-0.3306910851000001,0.2532015707941463,-0.18062483851112202,-0.15455505973,-0.16656140170208147,-0.18653524625567733,-0.318181068,0.08237101080033433,-0.1749633518444623,0.0435436659766666,-0.08062316592182152,-0.183960903069577,-0.0417797976466666,0.1280899553232835,-0.5156116003620376,0.0412227329283333,-0.03138752675531436,-0.4545871251144911,-0.0301404483932333,0.09797814661215895,-0.7649374397871436,0.2740297618,-0.06631090715182261,-0.7708013419445024,0.1846359501999999,0.07849625008716708,-0.7920429266519583,0.3034547885333333,-0.06838316058603414,-0.7970199983208428,0.1678443366999999,0.10539070050604189,-0.8298339288486475,0.2652637327333333,-0.055685494914964155,-0.826403381789672,0.0867894588433333,onweer_g_ch1_g19_compr.mp4,ch1g19,2.0707278273704806e-05,4.8254311511201134e-05,3.536494354215712e-05,1.3066342301993113e-05,9.31850822276764e-05,5.470332046582524e-05,3.578668548398131e-05,8.906451980731518e-05,1.6764459188240922e-05,1.4220180174364107e-05,0.00011672709136243285,7.963920343460296e-05,3.825435924773586e-05,3.59585438366794e-05,5.2953233538275076e-05,5.682634670901474e-05,8.346114164335889e-05,0.0001361404284194826,7.321994507662399e-05,3.927505107579756e-05,7.669025831295638e-05,4.215732772121417e-05,3.880286968119182e-05,3.621808557904655e-05,8.739953553277171e-05,4.7120837439101294e-06,3.7917820603448565e-05,0.00011470837976330316,1.7154596114130123e-05,0.00013121410142923225,4.18891666619275e-06,3.1310697577625096e-05,5.993317890453488e-05,0.00013587223855760297,0.00011401683721436961,0.0006209817787927401,0.0005454699363768559,0.0005484008859007799,0.0005391023109775259,0.0005975094514431223,0.0005818978498736708,0.0005944423119396981,0.00032812619716165287,0.0005045542474268694,0.0005400885373483739,0.0005540745819303559,0.00018702727598357362,0.00018106335328703897,0.0002600286563951203,8.505697769100947e-05,-0.00026197242947866207,-0.0006846979761053016,-0.0003135470635882467,-0.0008145810344344131,-0.00033565131300320963,-0.0011170655723328996,-0.00026815310981438,-0.0008050870478506997,-4.227473288465765e-05,6.562583935857702e-05,-0.0005806045431409924,-0.00021484471473327653,-0.001438389795773146,-0.0011740257365761729,-0.0015264286460207825,-0.0012744825692721459,-0.0013864878447993217,-0.0009620993755845055,2.3846425668049803e-06,-1.4849615325075438e-06,3.507203583007576e-06,2.212509149006198e-06,5.825384743432413e-06,-8.38473681001593e-07,3.4475430902310137e-06,5.933082577374922e-06,1.214650528669124e-06,7.405238122794905e-07,1.635674361439135e-07,2.3818997923440967e-06,3.9001620856285865e-06,3.5535730242121616e-06,1.1860064186242304e-06,5.051484884542896e-06,4.927544027463391e-06,1.1989439272168297e-07,1.9692717507026674e-06,3.935910682456811e-06,1.0427808517697548e-06,3.865913508332743e-06,3.8774296116920355e-06,3.750987273911752e-06,5.464359542266146e-06,1.5429849694661892e-07,3.927986495141729e-06,3.741900452975061e-07,-3.623690237357299e-08,-3.4322447057819357e-07,2.575404252696628e-07,3.547113465306613e-06,-2.3126309717013268e-08,-3.8886738883936345e-07,1.3399488295734196e-06,-1.0740430986967518e-06,1.0298258097897574e-06,-3.142161401761263e-07,1.727646577116779e-06,-1.0952964092772859e-06,-1.1218121644804175e-06,-4.976963830776715e-07,-3.9928276224166546e-07,9.990714418635187e-07,-1.100484583518026e-06,-1.157202818176811e-06,-1.0979196399431666e-06,-6.677842003449697e-07,-1.691633340793822e-07,3.0958970891216465e-08,7.325116838919516e-07,-1.0492478555525417e-06,-1.1707128359057454e-06,2.064237035912184e-06,-1.2686357800947084e-06,-1.1429045947642986e-06,-1.106006086138289e-06,-2.1115059416865571e-07,-2.933953894844123e-09,-1.179691623371203e-06,6.642689454595528e-07,9.817231789756114e-08,1.3664918653767518e-06,-4.5459789349166384e-08,-8.560394734141731e-07,1.7794127621497347e-06,1.93473332387609e-06
6116.666666666689,-0.010464450198265246,0.30470771594876833,-0.4436224540333333,0.0018348092527320438,0.3242003793028919,-0.4351249972666666,0.003239309282029791,0.3232179772694327,-0.4230081637666667,0.002085565896402759,0.32365074897704577,-0.4267704686,-0.018491628950939438,0.3304915004172575,-0.4509239372999999,-0.016951571642315685,0.3294334628768084,-0.4652748276999999,-0.012111601849044144,0.31890055713142895,-0.4436051400333333,0.04080344646655956,0.3223695413363234,-0.3224593827666667,-0.0779319714063327,0.27920690692186184,-0.3426043987,0.015308029719342609,0.2998495313232672,-0.3880872706666666,-0.013343964517068846,0.27147654360133405,-0.4217734059333332,0.12284742219175633,0.2023592818871048,-0.1681371981666666,-0.1504334310064359,0.23530323328651115,-0.1575639894999999,0.19236826138964344,0.03639537969224493,-0.13798271465,-0.19557789596212727,-0.005907259455529951,-0.1827029091333333,0.25410771195408005,-0.15038293537793965,-0.13734674331,-0.18636912181819398,-0.18408406895067567,-0.2585284928333333,0.26269395026251136,-0.18578965279407716,-0.13487663039,-0.16312358031942742,-0.22033730139137828,-0.3075801153666666,0.2364137230091902,-0.1986672586563677,-0.1646942070766666,-0.12601864611593416,-0.19823629090356362,-0.3277038542666667,0.25127996715495654,-0.18058741395019015,-0.1488093609766666,-0.16700980708714203,-0.18722980609442333,-0.315921038,0.08231912720485704,-0.17500898628118272,0.0435677655,-0.08057987095449726,-0.18389250821771816,-0.0418325086433333,0.1266829704308433,-0.5161765697473186,0.0423831721483333,-0.031519951852247756,-0.4547549066282275,-0.0289322319432333,0.09804285075327519,-0.766290773187375,0.2745525640666666,-0.06615344107880743,-0.7718844257605559,0.1849104757666666,0.07865491886597167,-0.7934716171484454,0.3037957529333333,-0.06821843559625881,-0.7982109230200003,0.1679991493333333,0.10519678637173496,-0.8311436170785818,0.2649033868666666,-0.05560479059753836,-0.8273276228202119,0.08638484662,onweer_g_ch1_g19_compr.mp4,ch1g19,2.2635971836408696e-05,4.696394754145718e-05,3.8115344489287225e-05,1.6516732825572014e-05,9.649936061077847e-05,5.411345277471925e-05,3.842490000395695e-05,9.418950956057263e-05,1.709269127647002e-05,1.4364438159782272e-05,0.0001183952907945604,7.913133438058503e-05,4.135740396525864e-05,3.867494546173842e-05,5.4044975894343464e-05,6.0876311825499197e-05,8.758839687887827e-05,0.00013755553692189223,7.245109308206127e-05,4.234753901008829e-05,7.783772180227896e-05,4.512105446482051e-05,4.185993703089876e-05,3.908181693303723e-05,9.060661004034477e-05,4.8617870186678125e-06,4.100501734345078e-05,0.00011626439017531188,1.708471693549026e-05,0.0001327518687478926,4.397380529172218e-06,3.423056183963608e-05,5.9917499191332614e-05,0.00013753793176489676,0.00011601171782104,0.0006738083044292812,0.0005937967225720489,0.0005983031919954034,0.000588560023637699,0.0006505364082265881,0.0006347349666501062,0.0006477449888057701,0.00037291298262096353,0.0005485561976450043,0.0005903837576052319,0.0006020305281665448,0.00021657765066758345,0.00020064131951291338,0.00025586373000112834,8.91630097466783e-05,-0.00027086583298278005,-0.000650935328023435,-0.00034423790516174884,-0.0007702398323535041,-0.000368000378536854,-0.0010867876318004955,-0.0002783241689328759,-0.0007732682647083463,-4.419203594563111e-05,6.684382495620323e-05,-0.0006280093907521499,-0.0002120351589333767,-0.0015024503849152833,-0.001184565309986829,-0.0015954420977787834,-0.0012936091586560974,-0.001451351540402242,-0.0010326710577792044,1.768490873297484e-06,-1.4815317630766375e-07,2.1701337597394216e-06,3.3484381189746312e-06,5.451497828270113e-06,6.534961287374464e-07,2.1146423219390992e-06,4.6602331005858995e-06,6.534898332430044e-07,6.099105690082396e-08,2.0013814374913176e-06,1.304602948272057e-06,2.485674171690461e-06,2.205393227074589e-06,7.551836869149045e-07,4.3432362822662295e-06,4.98192237362477e-06,1.8909059980966892e-06,9.387563607071007e-07,2.495926802790467e-06,2.0383544217297583e-06,2.3523778998838e-06,2.4572393378184492e-06,2.403748021758365e-06,5.161200990458248e-06,1.4972120408700227e-07,2.496860133775894e-06,1.8046996151090833e-06,-7.848507141811627e-09,2.02380869075844e-06,2.1009471649236107e-07,2.453749985144688e-06,1.1960883511682636e-06,-4.0172239800740454e-07,1.1053332495970926e-06,-1.097256219557881e-06,5.35562002175442e-07,-4.57425069491776e-07,1.3711900093850038e-06,-1.116208756483972e-06,-1.082310200589835e-06,-5.467509764733427e-07,-5.751469892668862e-07,1.0438426462622069e-06,-9.11370536303657e-07,-1.216996207583136e-06,-1.1248889322558608e-06,-5.739602471723861e-07,-4.736939488698631e-07,5.427370535272296e-09,8.339497070581445e-07,-8.725163346777729e-07,-1.2306728872286048e-06,1.4517101138910566e-06,-1.3216608311445113e-06,-1.189540237765875e-06,-1.1701069266975862e-06,-3.982077311071265e-07,-1.0291850517942466e-08,-1.287533017794514e-06,7.411843398611678e-07,-7.057624226439413e-10,1.4216409351106653e-06,-5.30812832375233e-08,-9.37739003408996e-07,1.3795097634456628e-06,1.5451125660704008e-06
6133.333333333356,-0.010978719969450167,0.30550016302578975,-0.4427250434999999,0.001471257501776924,0.32488467712976593,-0.4341592480666666,0.0028771595217816723,0.32390234152613717,-0.4220106879666667,0.0017131727886640562,0.3243243591474837,-0.4257983466333333,-0.01888124357314414,0.3312261970185642,-0.4498843677333333,-0.01736380302629409,0.3301599064863938,-0.4642189641999998,-0.012540702828316177,0.31964787685829443,-0.4425633025,0.040861359543862115,0.3227849474459127,-0.3214677005666667,-0.07802157273038893,0.27982421480975334,-0.3411696771333333,0.014939454847611762,0.30053050342815396,-0.3872213254333332,-0.013775382628277924,0.27219363275315633,-0.4208239386999999,0.12266583727960224,0.20263476627911658,-0.1664839883333333,-0.15023928811226153,0.23557475644258666,-0.1564650510333333,0.191584604831434,0.03666995599076293,-0.13465431406,-0.19545387069713935,-0.005712858445448591,-0.1810263417333333,0.2522554995035829,-0.15068229917300016,-0.1323651716333333,-0.1868648825538944,-0.18455205699075822,-0.2563977171999999,0.2604802495713929,-0.1861340037194708,-0.12957833752,-0.16380094726255887,-0.22089732190865524,-0.3056740836,0.23429434218670528,-0.19904693888610375,-0.15948609998,-0.1267020366782582,-0.19908805786104125,-0.3257227578,0.24938934439916463,-0.18090952720604137,-0.1437747950533333,-0.16751529073177296,-0.18783147165132436,-0.261702478,0.08225208061472095,-0.1750538011184333,0.0435740498166666,-0.08052680985025955,-0.18382515300213667,-0.0418543664099999,0.12518216635174378,-0.5168395748984286,0.044097019145,-0.03167641235371093,-0.45492584267279196,-0.0268331288505666,0.09801343308612556,-0.7678103760509278,0.2759211731333332,-0.06594541068559284,-0.772987111264464,0.1859536573666666,0.07873707222266008,-0.795098619611229,0.3050653904666666,-0.0679832703524222,-0.7994182207857704,0.1689573913666666,0.10491984443950027,-0.8325654465512682,0.2655285601333333,-0.05556051043352561,-0.8283117730101094,0.0866922995466666,onweer_g_ch1_g19_compr.mp4,ch1g19,2.4143655643634533e-05,4.698503197085683e-05,3.973024835391574e-05,1.9539126737432883e-05,9.930178356070946e-05,5.517721182295875e-05,3.992318514047279e-05,9.82042440098229e-05,1.7132303635469366e-05,1.3850271908728021e-05,0.00012076907243006894,7.842482123109691e-05,4.2844665012195266e-05,4.022417412901375e-05,5.4922149280892945e-05,6.401846008144974e-05,8.933227625393092e-05,0.00013896147000759678,7.143969406924139e-05,4.38524992843469e-05,8.022553740654088e-05,4.656657239024019e-05,4.335658225349312e-05,4.0291244643289396e-05,9.327542433748714e-05,4.976828441595939e-06,4.198718786075411e-05,0.00011832301577369402,1.637461286293167e-05,0.00013487629181467426,4.534387589020529e-06,3.5432184537354855e-05,6.144363617500475e-05,0.00014002195987193735,0.00011749014713602622,0.0007137147331353783,0.0006293363660956752,0.0006347172338199169,0.000624405975175344,0.0006900420810059236,0.0006744712484345834,0.0006875072936564605,0.0004079828632528428,0.0005899501356965459,0.0006288281358033231,0.0006424321106118336,0.00023727638014846527,0.00021707289367509192,0.00023007710265654155,7.71483862693103e-05,-0.0002860618076978852,-0.0006287132019565291,-0.00037332625588727946,-0.0007289980603093992,-0.0003913013790537858,-0.001052779455094327,-0.000290903306654937,-0.0007523864907077766,-4.58444110783196e-05,6.79040439938085e-05,-0.0006660954857306907,-0.00019369919612226066,-0.0015496741089140534,-0.0011630524843742312,-0.0016454122879637305,-0.0012789175505509196,-0.0014568409375629063,-0.0010369784408939982,1.273352093294403e-06,6.642485498338464e-07,8.090792116400284e-07,4.019601020946261e-06,5.110981099013978e-06,1.5134181819088464e-06,7.489466042567937e-07,3.537201153958985e-06,1.6007055971304863e-07,-6.347477729233388e-07,4.173806516701381e-06,5.811123868973026e-07,9.805974426573982e-07,8.351545939070416e-07,6.380557683773069e-07,3.670635253543677e-06,5.014663116898188e-06,4.080476605115867e-06,2.317870308273164e-07,9.490893284643762e-07,2.5378023056005924e-06,6.821636697359938e-07,9.893517262352558e-07,9.943826396045812e-07,4.87503911575611e-06,1.4439316558833323e-07,9.023045329999835e-07,3.646901515307866e-06,-3.532561468365542e-08,4.804015408555309e-06,1.4944391924137482e-07,1.4076438144816858e-06,1.8639049142087306e-06,-2.9943382986219187e-07,8.069365660440164e-07,-9.399069514580858e-07,2.5318274774264363e-08,-5.404304917964361e-07,9.41687125856122e-07,-9.541559227334148e-07,-9.94490466652082e-07,-4.218481803023669e-07,-6.175549578449864e-07,9.73949089901794e-07,-7.204630737053e-07,-1.0622499924691242e-06,-9.636742448810698e-07,-3.3661228018951833e-07,-7.011146744344854e-07,-2.772718622568488e-08,8.274403002416499e-07,-6.859859339083608e-07,-1.080362752210832e-06,8.518277027842225e-07,-1.1587800965254453e-06,-1.0315091098291683e-06,-1.0140117608768462e-06,-5.281357700809766e-07,-1.3271085140940012e-08,-1.1406612589891418e-06,7.538479365962423e-07,-2.151281665121006e-08,1.2913109852519063e-06,-5.2623807923694825e-08,-8.054484036665594e-07,9.475145061021414e-07,1.1547216873953886e-06
6150.000000000023,-0.011287494601019315,0.3062308745518835,-0.4408878823,0.0012604879368227088,0.3255239872977838,-0.43224081,0.002666821903275916,0.32454564997529795,-0.4200659284666667,0.001502035183012467,0.3249568185248677,-0.4238879035333333,-0.019085010743386498,0.3319258559147568,-0.4480410742333333,-0.01758986681169119,0.3308470960975382,-0.4623435815333332,-0.012777169262166661,0.32035131467998534,-0.440727849,0.040922812282078364,0.32317812806085533,-0.3196616411,-0.07807173745114823,0.2804155506634714,-0.3394391079333334,0.014693060552797068,0.30116650150887875,-0.385443001,-0.014062381362234887,0.27285002885075577,-0.4190988004666666,0.12249128032335266,0.2028299007328367,-0.1646057715,-0.15003790302312145,0.2357701166262421,-0.1552522335999999,0.1907106901713851,0.0367711666965848,-0.1311466332266666,-0.19515232437344265,-0.005709399835216444,-0.1793182415,0.2503669459912706,-0.15117927132125697,-0.1273531066,-0.18740092472083328,-0.18526414792784585,-0.2540621911666667,0.25828588479163916,-0.18676050821395673,-0.12417621072,-0.16463225699085823,-0.2217009834243788,-0.3033069368,0.2321781192679917,-0.1997088592786741,-0.1541214308666667,-0.12765628724172504,-0.20021968437519888,-0.3233471213,0.24746147157336734,-0.18142361245179367,-0.1387114570966666,-0.16813111975558043,-0.1886730551071566,-0.26372689,0.08218853800947827,-0.17509956366925483,0.0435977450233333,-0.0804764365958582,-0.18375786940986047,-0.0418954350033333,0.12370116099183286,-0.5175203987653204,0.0455812068383333,-0.03177697233589658,-0.4551069552299777,-0.0263393468372333,0.09800181346833489,-0.7694248371963172,0.2768752309333333,-0.0656574776235043,-0.7741524046538788,0.1856321926333333,0.07883560313940804,-0.796818449443868,0.3059144795,-0.06766282883240687,-0.8006998738265,0.1685427794666666,0.10465741485260727,-0.8340949618660084,0.2657346739666666,-0.05542910216176916,-0.8293734109673262,0.0858197166033333,onweer_g_ch1_g19_compr.mp4,ch1g19,2.5782362243446524e-05,4.93935367649759e-05,3.980808172171789e-05,2.4064932815651276e-05,0.00010460188076235622,5.893510733246857e-05,3.996980829599224e-05,0.0001007761028298675,1.7583338693933828e-05,1.240368375139192e-05,0.00012395231595837918,7.822130155433636e-05,4.302032952815863e-05,4.036037131377825e-05,5.567474874320473e-05,6.736865047302766e-05,9.61272170393225e-05,0.00014133089783703871,7.076884420710949e-05,4.386654405139541e-05,8.618252507288724e-05,4.6250480716637726e-05,4.3653578090957804e-05,4.0572611569894475e-05,9.828225476195055e-05,5.144328720226833e-06,4.194109198075894e-05,0.00012110063963590547,1.668736880424222e-05,0.00013831773211765708,4.69691800244746e-06,3.6542009207317116e-05,6.603763978703156e-05,0.00014416617159867723,0.00012110999509331625,0.0007208494717798872,0.0006380995653913505,0.0006444603495126616,0.0006344325754534493,0.0007016289432649031,0.0006858090775989846,0.0006975731343817102,0.00042908455895361407,0.0006050066519565974,0.0006382361933347167,0.0006486051898087486,0.00023431300635885123,0.00021579809936286213,0.000185351944945589,3.096399680884276e-05,-0.00031022130883320696,-0.0006441831094508128,-0.0004214354079267822,-0.000733351235796292,-0.0004303941822404408,-0.0010674960983974363,-0.00030790893342401096,-0.0007680530052487934,-4.8656956495640216e-05,7.002754845040132e-05,-0.0006900951993045722,-0.00017579079172356005,-0.0016360304786207749,-0.0011618651397166644,-0.001739872329162782,-0.0012874660991920403,-0.00157794817636607,-0.0011229696821765016,9.213264444760316e-07,1.408297193316492e-06,-6.681016025901145e-08,3.8345527140349095e-06,4.300617932773991e-06,2.419068910037854e-06,-1.526567276607741e-07,2.9233533595351018e-06,-3.9743216118042266e-07,-1.178011344704326e-06,5.446282686641581e-06,6.494951319999721e-08,-4.6967578320119524e-08,-7.634851079143183e-08,2.4046560885124703e-07,2.8844599295511583e-06,5.034319780892238e-06,5.229355017720875e-06,-2.574986281846149e-07,-7.761302671968963e-08,3.6184874041077907e-06,-4.3798331461185363e-07,9.50328715038764e-09,1.475909898194137e-09,4.166881594384107e-06,1.2070374375512925e-07,-2.603060584020992e-07,4.693036016887993e-06,-1.552253917581945e-07,6.494011216565857e-06,8.597356471283383e-08,5.793992483808416e-07,2.8473929135955023e-06,-1.406130604340713e-07,4.906312584908195e-07,-6.404750801992665e-07,-4.948507166767012e-07,-7.172290975824338e-07,5.07415587885046e-07,-6.491908248429722e-07,-9.04771041889316e-07,-1.8083103767844437e-07,-5.208868869332039e-07,6.703848815673517e-07,-5.968294939794179e-07,-7.510541045040928e-07,-6.578569825773203e-07,-3.1992609194527e-08,-8.843660316468709e-07,-3.3602296464546025e-07,5.548380763087008e-07,-5.545777330663166e-07,-7.709387516443757e-07,3.283270096636812e-07,-8.293387248606534e-07,-7.29864676677331e-07,-7.163417709421995e-07,-7.378908904100553e-07,-1.7896690737896923e-08,-8.305021507806442e-07,5.690267405995475e-07,-2.3601615887945295e-08,8.448627155492973e-07,-4.966400276092133e-08,-5.514913258967107e-07,5.395116535691367e-07,9.002284277693904e-07
6166.66666666669,-0.011529372161022271,0.30688926168641545,-0.4394236226666665,0.0010967039313964264,0.3261070020148945,-0.4306730200999999,0.0025026489974138773,0.3251338526220491,-0.4184729029333334,0.0013382730101616194,0.32553498263524144,-0.4223161499,-0.01924413352034475,0.332579949578448,-0.4465029624666666,-0.017768051199696617,0.33148376545112673,-0.4607845346333332,-0.012966496046523498,0.32099595932916697,-0.4391893363333333,0.040984653314658184,0.3235417400265641,-0.3180028219666667,-0.07815233677285417,0.28097428004667874,-0.3377777377333334,0.014484832976751748,0.3017433077237751,-0.3839661697666666,-0.014313600663719318,0.2734384291291105,-0.4176624020333333,0.12232033450296977,0.20300682801062228,-0.1628067538333333,-0.14986209084607197,0.2359190410150416,-0.1541249428999999,0.18978599547998598,0.03686276565768006,-0.1278157977666666,-0.19468820107310764,-0.005794924068454473,-0.1778818654333333,0.2483224792661125,-0.1516272793221578,-0.1231989998699999,-0.1879443965669275,-0.18606559783636129,-0.2519412055666666,0.2559297135526765,-0.18733767263170406,-0.1197346335366666,-0.1655064630103135,-0.22256476981346923,-0.3012351449000001,0.22987146254924412,-0.20029078963170818,-0.14972730741,-0.12867648802014345,-0.20141538852342547,-0.3212879755333333,0.24536412030039687,-0.1818943797696256,-0.1345324410799999,-0.16877591687322788,-0.18961195410700196,-0.264041245,0.08213039992828061,-0.175145355862816,0.0436209117366666,-0.0804319841401922,-0.18369069138470348,-0.0419300624466666,0.12219807240115903,-0.5182031257439478,0.0471467561116666,-0.03183679702589472,-0.45527572493031665,-0.0258750673205666,0.09799741097710994,-0.7710212197663775,0.2778029921333333,-0.06536990293377146,-0.7753118441574625,0.1853341123,0.0789427980753062,-0.7985163298201009,0.3067181955,-0.06735179516841898,-0.8019823548961985,0.1681589911333333,0.10437891524947168,-0.8356694682411323,0.2659077211666667,-0.0553175724479099,-0.8304679763963422,0.0849505004533333,onweer_g_ch1_g19_compr.mp4,ch1g19,2.727458199247598e-05,5.610020275229464e-05,3.955189682700138e-05,2.745195248606731e-05,0.00011017867511497525,6.791031872541672e-05,3.970254845381683e-05,9.950677213700378e-05,1.957774676246156e-05,1.034364633394828e-05,0.0001228386141754405,7.859682287451297e-05,4.28767134802199e-05,4.016615468643532e-05,5.800904255878426e-05,7.195465804343917e-05,0.00010049159626671242,0.00013836038467890754,7.072313694716996e-05,4.344631953736929e-05,9.912955416551257e-05,4.546092745227773e-05,4.358702359756932e-05,4.0369692986690166e-05,0.00010329837295957601,5.234194610739981e-06,4.143786351576455e-05,0.00012023367461489633,1.7123221751177525e-05,0.00013608716191921178,4.833675123586116e-06,3.7247608297017504e-05,7.648030922396489e-05,0.00014738394747778157,0.00012518912075633337,0.0007166943006162204,0.0006379996926628414,0.0006451274068707342,0.0006347832604033631,0.0007039131654727493,0.0006876280008649671,0.0006963230333761045,0.00044807073738539267,0.0006124455735190426,0.0006376628943904291,0.0006445100018973568,0.00025168170418927375,0.0002124231970711435,0.00019608522048464793,-2.268422506884731e-05,-0.00030779185489801595,-0.0007274100137696997,-0.00045068333416175654,-0.0008332805921844433,-0.00046386911324320057,-0.0012080389745673247,-0.00031122966974853603,-0.0008701398884839605,-5.0744506447636785e-05,6.951391370389931e-05,-0.0006763533895137653,-0.00016485520245603855,-0.0016277332286731565,-0.0011638096726369663,-0.0017332638636048182,-0.00129730395899466,-0.0016354855561940243,-0.0011989223631844496,9.560347896353822e-07,1.2688334227589158e-06,-4.884925798282988e-07,2.685928452190594e-06,4.033082637532503e-06,2.208291200662163e-06,-5.813628858173349e-07,2.440733007356656e-06,-4.682368819898686e-07,-1.5492572128817794e-06,5.949815866595321e-06,-2.917712401514579e-07,-5.762867465533181e-07,-5.110401648478727e-07,3.003681155901733e-07,1.9827814461079774e-06,4.576481361073896e-06,5.655480582436233e-06,-5.744304790813389e-07,-6.126558214467699e-07,3.3153182722382217e-06,-1.0376219101820857e-06,-4.808645626200307e-07,-4.880359227561435e-07,3.8334175106114805e-06,1.1776148875345808e-07,-8.816922105483531e-07,5.182874081258979e-06,-2.0771379111140748e-07,7.178216712615893e-06,4.8825517098563855e-08,2.602405404815519e-07,2.823284044034031e-06,3.235335815827692e-08,1.8751379024368865e-07,-2.8816773057663556e-07,-8.707908720105876e-07,-9.404851183909231e-07,1.0721239709288746e-07,-2.890334504693034e-07,-8.015732672887539e-07,9.604926649171971e-08,-3.142966543495264e-07,2.0467034318612463e-07,-5.562192491197667e-07,-3.7064658231842805e-07,-2.958019440773655e-07,2.214301009516569e-07,-1.0290198727513545e-06,-7.078614198966025e-07,1.0150788995506892e-07,-5.009656562888943e-07,-3.896746837935375e-07,-9.038242275624124e-08,-4.146092225097927e-07,-3.644618411683238e-07,-3.415262214528476e-07,-9.680678303157295e-07,-2.07302485055721e-08,-4.2142190278671747e-07,2.1593745036582143e-07,2.4091704662376832e-09,2.1450037029052996e-07,-4.2673011713732885e-08,-2.4218219377059e-07,1.7878619268628929e-07,9.429201643757896e-07
6183.333333333357,-0.011758859123597443,0.3075504753187579,-0.4376325000999999,0.0009413554775841553,0.32670053059611426,-0.4287999590333333,0.0023447476000591325,0.32573462311239176,-0.4165724555333333,0.0011832197554799513,0.32612648033306413,-0.4204434941666666,-0.019390566942003706,0.3332427403475754,-0.4446658519666666,-0.01793609329330354,0.3321281528133449,-0.4589196950666666,-0.013144074972646202,0.3216483730670586,-0.4373545523666666,0.041026755760766365,0.3239310224624577,-0.3161209900666666,-0.07823050735822162,0.28153030350050245,-0.3359862386666667,0.014281620324087028,0.30233510529911506,-0.3821871698,-0.014556729603654516,0.2740265721490862,-0.4159170012,0.12214473144839817,0.20319838797350256,-0.1608794311999999,-0.14967959398154848,0.23606345469259138,-0.1529682462333333,0.1888398062221636,0.03699791857668513,-0.1243356787566666,-0.1941512299175778,-0.005922494868422443,-0.1764706137,0.24620849592450977,-0.15200299753560712,-0.1182697881333333,-0.188508993699334,-0.18687959282248512,-0.2498057479666666,0.25348634241373175,-0.18786370989679774,-0.1143338663533333,-0.16645242139303282,-0.22344684750198418,-0.2990847762333334,0.2274740204061487,-0.20082795624643762,-0.1443468738466666,-0.12980501467087852,-0.20264925952476742,-0.3191432384666666,0.2431957974147587,-0.18227799170403697,-0.1295373386299999,-0.1694819277932261,-0.19055905890337566,-0.268932402,0.08207181205367454,-0.17519578475906045,0.0436502045633333,-0.08038598040506688,-0.1836194246340752,-0.041971401,0.12065811754139708,-0.5189006311016651,0.0489008116583333,-0.031859354635391794,-0.4554352278979995,-0.0255619115972333,0.09791691046263051,-0.7728463144110493,0.2785151156666666,-0.06510239552382434,-0.7765976814199742,0.1844206909666667,0.07896300317698081,-0.8004572491329962,0.3072146495333333,-0.0670771877845135,-0.8034223583299042,0.1670859654666666,0.10408215498924311,-0.8374394396184089,0.2657549197000001,-0.05522178159587404,-0.8317759269030945,0.08334969864,onweer_g_ch1_g19_compr.mp4,ch1g19,2.6912686255789902e-05,5.565657807550018e-05,3.853878137449982e-05,2.952063245750299e-05,0.00011161708094561771,6.740645834676713e-05,3.8640778548519405e-05,0.00010211267168831345,1.7732063756864814e-05,9.378970982410199e-06,0.00013032465784287273,8.155291745472617e-05,4.1848210481906484e-05,3.911370868237426e-05,5.6256610902511024e-05,7.234164620703019e-05,0.00010482944482540249,0.0001467653999320319,7.322160838818744e-05,4.254370857885624e-05,9.668875002008282e-05,4.4177879096841296e-05,4.2527714984417376e-05,3.943591160977918e-05,0.0001052905928435231,5.38138631630192e-06,4.0317506553031855e-05,0.00012650039321338707,1.6633942177572663e-05,0.00014597404680770728,4.934826327869335e-06,3.685703682842707e-05,7.587871223883014e-05,0.00015210614115525808,0.00012824785719961813,0.0006984335539343185,0.0006233489704195005,0.0006305957189179742,0.0006214061277400736,0.0006909915875505452,0.0006745939216698561,0.0006844882650057275,0.00044473458632793115,0.000609975065223487,0.000623979945924645,0.0006273989472745041,0.0002176440233518467,0.00020101942282890653,0.0001290736305061664,-8.03623924892722e-05,-0.000301818134542836,-0.0006711790465474054,-0.0004611859872577771,-0.0007357227427098951,-0.00046075894903260464,-0.0010542540190302508,-0.00029078625166420837,-0.0007862238762992754,-5.3742018224742016e-05,7.351582702517808e-05,-0.000678008627864317,-0.0001432425244128709,-0.0017643313350504469,-0.0011968272149960246,-0.0018828881157369486,-0.0013361388935109778,-0.001730433345354692,-0.0011984364210314903,1.1856668220233415e-06,8.956840929530971e-07,-4.90082859984404e-07,1.1095821856385205e-06,3.557306008525525e-06,1.7434180448562776e-06,-5.85027507561626e-07,1.8405358944470313e-06,-1.9229868865277764e-07,-1.7126893986678203e-06,5.340830631774034e-06,-7.126737202840094e-07,-6.413502760770315e-07,-5.218326747187744e-07,5.380620505746819e-07,1.2120521795652472e-06,3.952511997180665e-06,4.817889790787549e-06,-9.272019303748996e-07,-6.874175121675875e-07,2.870901933451119e-06,-1.1457662580707005e-06,-5.323088408645851e-07,-5.565627174797611e-07,3.228419585878555e-06,1.0981004374949386e-07,-9.984915226548213e-07,4.7219442667782885e-06,-2.1110019605550837e-07,6.357194484039712e-06,2.4055264808351266e-08,2.9467435739862197e-07,2.6262063285433454e-06,2.1689090791887515e-07,2.7280847320491605e-07,3.806902232070566e-08,-1.0556603444899608e-06,-1.0853891866218342e-06,2.118105683529795e-07,4.999591983743526e-08,-9.344510558194183e-07,4.999820940398696e-07,-7.282010739456463e-08,-8.040250322513682e-07,-6.373206043716266e-07,-5.4085382701369575e-09,4.7416351816772313e-08,5.260827984586007e-07,-9.695325759881521e-07,-1.1871288389054814e-06,-1.0206729812734976e-06,-5.645666830907548e-07,-3.651776389792667e-08,2.3970050539470686e-07,-1.599742307714062e-08,-1.3908438634499798e-08,2.7349157036736513e-08,-1.127345173618329e-06,-2.6593401525600187e-08,-8.47938240911834e-09,-6.398317852442064e-07,6.394857895059419e-08,-1.1079441278470784e-06,-3.2530028920157464e-08,7.01286768876384e-08,3.743731325846367e-07,1.369303125762839e-06
6200.000000000024,-0.011920694877103838,0.30820536271030124,-0.4350693970666665,0.0008267953692115828,0.32728906207624225,-0.4261648307333333,0.002225363369699748,0.3263308589664555,-0.4139163345,0.0010739527811326715,0.32671439333546476,-0.4178234547666666,-0.019487342564822388,0.33390068279670687,-0.4421143082666666,-0.01805506676406837,0.33276652761848086,-0.4563336352999999,-0.013271822783529515,0.32229342321261417,-0.4348115003333332,0.04104345213255971,0.3243608048562905,-0.3135704566666666,-0.07830420434328965,0.28210560361051085,-0.3337058543666667,0.01410578035741569,0.3029228445091884,-0.3796626200333334,-0.014759258649345562,0.27460783027740054,-0.4134502679333333,0.12192366586458686,0.20339251891945448,-0.1586244998333333,-0.14948739721842733,0.23621321219835917,-0.1515886455666666,0.18784967500362734,0.037086959360459235,-0.1209297921066666,-0.1936433767803545,-0.006061770867468503,-0.1750564155333333,0.24403061837692086,-0.15232320160899698,-0.1133858305466666,-0.18913496093284854,-0.18763278999661898,-0.2475095038666666,0.2510053012733542,-0.1883454825282812,-0.1090021700403333,-0.1675034775985127,-0.22427995682410562,-0.2966247554666668,0.22501435455005936,-0.20129644795983764,-0.13896521643,-0.13106007594199923,-0.20381629166353918,-0.3166831600666666,0.2409645113983765,-0.1825695559601422,-0.1245771887166666,-0.17029357574954743,-0.19142192105715244,-0.264113694,0.082009132613179,-0.17525114665132438,0.0436846358066666,-0.08033281771521207,-0.18354363203139837,-0.0420213419933333,0.11907419267975788,-0.5195976661910655,0.0505335129183333,-0.0318823164578294,-0.45558682631614356,-0.0256327522139,0.09777187513164153,-0.7746914332761714,0.2783438168999999,-0.06486598802786858,-0.7778035446272702,0.1827026054666666,0.07891274325918758,-0.8024204552537851,0.3066718171333333,-0.06684446252778192,-0.8047786818442751,0.1651256938666666,0.1038363125079347,-0.8392238213523724,0.2644370957666667,-0.05505853056798139,-0.8330556410731739,0.0807637179833333,onweer_g_ch1_g19_compr.mp4,ch1g19,2.715521928352906e-05,5.428486715076274e-05,3.711674622351795e-05,3.030414778424251e-05,0.0001147438465782049,6.604266209991838e-05,3.712911189875418e-05,0.00010644622012506426,1.6331760523386505e-05,7.76428038672627e-06,0.00014039085951338413,8.066902884833326e-05,4.0242610919504e-05,3.765467409293809e-05,5.5584368890644914e-05,7.207516615649772e-05,0.00010956254834961522,0.00015742992096831008,7.222635453039106e-05,4.0981360002853265e-05,9.454457495407897e-05,4.201869993636444e-05,4.103068785326131e-05,3.810221886283695e-05,0.00010814075123745701,5.474225067735814e-06,3.8489969300566905e-05,0.00013522570564650623,1.598633678922187e-05,0.00015852770837439652,4.883059389243166e-06,3.637579293979487e-05,7.465172962777892e-05,0.00015887353998407665,0.00013004256367417285,0.0006685637327454759,0.0006017508943692974,0.0006099133464693901,0.0006020682670668121,0.0006703446417321725,0.0006524064994226907,0.0006626914238739971,0.0004504723086100058,0.0006043163677834176,0.0006045898701129982,0.00059992066255694,0.00019511285026909179,0.00018772082226657094,9.467781988745806e-05,-0.00012833162227684976,-0.00026759078631289447,-0.0005913148315803538,-0.0004345136866698703,-0.0006240211831916126,-0.00041712417261190605,-0.0009006851224312959,-0.0002382780835829888,-0.0006784751436476031,-5.6547080548112016e-05,7.811211798530191e-05,-0.0006802862877960369,-0.00011469377806894293,-0.0019162174008836362,-0.0011792058950397407,-0.0020450279801641352,-0.001320765119700823,-0.0018273551240106962,-0.0011885924780521385,1.7194802750874717e-06,1.2815698868819044e-06,5.6724822706171345e-08,-1.5350064670899276e-07,2.061364190153798e-06,2.0922925841988953e-06,-3.9681567576530615e-08,9.049672257380192e-07,5.59232258997471e-07,-1.8104617246670117e-06,4.090860198046271e-06,-1.3880766349675643e-06,-1.2298398239429368e-07,2.9125895492514764e-08,1.1953476122374821e-06,1.3431386227167512e-07,2.816342875732572e-06,3.3088273821528856e-06,-1.5134678525941077e-06,-1.9413713915135437e-07,3.4337460671972585e-06,-5.943022139544701e-07,-3.542757720865816e-08,-2.959901329687623e-08,1.7328904523971342e-06,6.929061815806885e-08,-4.541647156471119e-07,3.7227511276787025e-06,-6.967740052748295e-09,4.6482053491396356e-06,-7.123680027067429e-09,7.374667492797357e-07,3.228097638055282e-06,2.9708735684064856e-07,5.676035595258787e-07,2.6848331153747266e-07,-1.0195078659137355e-06,-1.311776657951384e-06,5.574758889030525e-07,2.969180811069031e-07,-1.2185186340145485e-06,8.375052200739743e-07,2.1705169779359673e-07,-2.046690033052741e-06,-6.090116347930506e-07,2.7180746312841777e-07,2.966545771610911e-07,6.907498750262581e-07,-8.126318435040064e-07,-1.7296342590946176e-06,-2.3832648252970086e-06,-5.304553361413753e-07,2.3121428573367013e-07,7.800993938761788e-07,3.0152279111045196e-07,2.4460336814182444e-07,3.0722604276643863e-07,-1.3174222677576605e-06,-3.188969012042131e-08,3.2659119545961517e-07,-1.7482121173464812e-06,1.205007083902688e-07,-2.667395198042761e-06,-1.6960027935132e-08,2.9341069528997327e-07,7.777417224043138e-07,2.2124536348887143e-06
6216.666666666691,-0.012072687598023844,0.3088797702387929,-0.4315773238666666,0.0007162822578578247,0.3279031805319189,-0.4226108392333333,0.0021100887890648104,0.3269564454004004,-0.4103504856333333,0.0009709899413721163,0.32733235377352676,-0.4142945736999999,-0.019575331018904837,0.3345841116905294,-0.4386278965,-0.018167182835517312,0.33342967503347437,-0.4527951429666666,-0.013391212458333641,0.3229636122467904,-0.4313349829333333,0.04104064018985658,0.3248728718000098,-0.3101684327333333,-0.07837805990528102,0.282738683180678,-0.3304926822,0.013934273545119278,0.3035417743539912,-0.3762461781333334,-0.014953277707911551,0.27521295292207865,-0.4100406736333333,0.1217006673556525,0.2036339578805045,-0.1557895799666666,-0.14931349366987623,0.2364212926654881,-0.1493430465333333,0.1868817671645022,0.03723449772686516,-0.1172729781033333,-0.1931817955072313,-0.0062017057909760955,-0.1728907726333333,0.24178494755818455,-0.15250425336459417,-0.1083562244766666,-0.18988523026995102,-0.18821967814166435,-0.2442707404666666,0.24843651787516297,-0.18872458620483032,-0.1034483748613333,-0.1687302135215613,-0.22493915898462505,-0.2930794329333334,0.22239223994634133,-0.2016596660258086,-0.1333579988933333,-0.1325494656954944,-0.2047980568910405,-0.3132073499666666,0.2386306623546267,-0.18270344924007764,-0.1194502909233333,-0.17127407647207973,-0.19209571704817596,-0.260530353,0.08194982405209139,-0.17531195173471117,0.0437119341133333,-0.0802806412882387,-0.18346389434775395,-0.0420675383266666,0.1174474304391317,-0.5202791272583781,0.052096709175,-0.031911981919108136,-0.4557200778384691,-0.0257533750039,0.09760889819825957,-0.7765454423620192,0.2777957403,-0.06467786004897823,-0.7789985583340255,0.1810096830333333,0.07884861520247642,-0.8044016342738779,0.3057229240999999,-0.06666924794479637,-0.8061187549471115,0.1631839900999999,0.10359137177441329,-0.8410773755196533,0.2626989349333334,-0.05488630437264597,-0.8343189770314724,0.0782662881999999,onweer_g_ch1_g19_compr.mp4,ch1g19,2.7370606680469486e-05,5.646739675531158e-05,3.525430672229175e-05,3.17151653641603e-05,0.00012217320208107068,6.881436553933832e-05,3.523056031844097e-05,0.00010776364637741956,1.592182234829725e-05,7.335773794182214e-06,0.0001480252900323341,8.094395450060452e-05,3.820701599886639e-05,3.5820067822410034e-05,5.605675179457835e-05,7.547958910331845e-05,0.00011281774147682814,0.00016554024570954518,7.241349377186613e-05,3.901486317398741e-05,9.829290560382129e-05,3.9360744857565834e-05,3.913953795539609e-05,3.638411829932873e-05,0.00011445970106274807,5.502374552281296e-06,3.624126744758645e-05,0.00014196514673731975,1.5699842184180175e-05,0.0001685473708963773,4.743440954547039e-06,3.577976762332927e-05,7.806565596736417e-05,0.00016580374217823162,0.00013544274527497495,0.0006295406466299705,0.000572220893852238,0.0005817324453278444,0.0005742483918773884,0.0006416093589539091,0.0006211821459363712,0.0006329810906866713,0.0004527541808930807,0.0005884519816309701,0.0005776666708706058,0.0005638425597191661,0.00019199723283458536,0.00016601727119791793,9.161352766505109e-05,-0.0002065121770537324,-0.00022713623915842317,-0.000574963471823822,-0.00040008140637553017,-0.0006015659047566335,-0.0003745600517950969,-0.0008692485090740262,-0.00018564708371457682,-0.0006493339623432615,-5.757683815436682e-05,8.007408274549244e-05,-0.000653164112757063,-0.00013441481743741639,-0.001980469737947869,-0.0011765475188965763,-0.002111078893228347,-0.0013172964380519625,-0.0018794906225724837,-0.001230512942117621,2.088534814253751e-06,1.811545860375476e-06,5.348470470230125e-07,-1.1253907740984217e-06,7.61886534557693e-07,2.571563424337276e-06,4.708140973474096e-07,-4.858587553143796e-07,1.579300315889603e-06,-1.381142245881648e-06,1.60282934787592e-06,-2.0663264392261657e-06,3.979567449039286e-07,5.442376339269251e-07,2.001601750131361e-06,-5.87435521941922e-07,9.421194622878986e-07,5.042332863412637e-07,-2.0965889778963117e-06,2.849105272955381e-07,4.005291350243765e-06,-2.628297886856986e-08,4.345891383934879e-07,5.137899684470783e-07,3.7527111153536146e-07,4.089839953715308e-08,1.6083110354182688e-07,1.5911182000812674e-06,2.0278502173350424e-07,1.3416983297484681e-06,-1.1911459244895837e-08,1.1904688261947749e-06,3.865546774938205e-06,2.570742294348075e-07,8.624050341667775e-07,3.6606528540454907e-07,-8.175440314883596e-07,-1.6294567219934043e-06,8.870632708787164e-07,4.0989609472910934e-07,-1.4431177377725492e-06,1.0234363339520496e-06,4.728672640386719e-07,-3.1240642893481867e-06,-5.756630502712597e-07,4.115660689356282e-07,4.09667166184059e-07,6.878894418939258e-07,-7.009035561372498e-07,-2.186429891118637e-06,-3.544901238363971e-06,-4.982330650574373e-07,3.6476179620106434e-07,1.1778321029986425e-06,4.794809795471315e-07,3.6780685306237077e-07,4.474552840290376e-07,-1.55459222496365e-06,-3.56911041930414e-08,5.180865564546806e-07,-2.7505823393905025e-06,1.4780777911953542e-07,-3.984480269895477e-06,-1.9589795534861848e-10,3.8101426971248507e-07,1.0961485449916673e-06,3.0742504413945374e-06
6233.333333333358,-0.012221812779846608,0.30955541978215423,-0.4280047754333332,0.0006045879783860745,0.32852507322147334,-0.4189793239333333,0.001993856365453204,0.3275898878478035,-0.4067096160666666,0.0008686562778573971,0.32795920952031393,-0.4106876969666666,-0.019662942943906834,0.3352746725298099,-0.4350366898333333,-0.018279328614592152,0.3341005881642349,-0.4491504510666666,-0.01350943569277625,0.32364222978007084,-0.4277520186,0.0410276555533898,0.32543285686136525,-0.3067138687333333,-0.07845162016323748,0.28340604740351527,-0.3271322905333333,0.013767337190901898,0.30417335119221367,-0.3727617482333333,-0.01514059076085924,0.2758290596705984,-0.4065298269666667,0.12147681440588855,0.2039270292842517,-0.1529350271,-0.14913945891955177,0.2366913932113118,-0.1469532350666667,0.1859178069266192,0.037489083019848476,-0.1135949517933333,-0.1927412014870079,-0.006304480084641491,-0.1706121685,0.23957319465600668,-0.15248489583209196,-0.1032207160199999,-0.19067573081573952,-0.1887077503648373,-0.2410780946333333,0.24591422881240113,-0.18889438950359227,-0.0978181772786667,-0.1699606823780269,-0.22550354729468838,-0.2895879016,0.21979789101079977,-0.20181443256659842,-0.1276563158,-0.13402898773217606,-0.20566256119965565,-0.3097532727333332,0.2363312244489167,-0.1826330749527816,-0.1142143333266666,-0.17228619416364424,-0.19266549720516304,-0.221512631,0.08189210999272938,-0.17537454649260864,0.0437417607733333,-0.0802284083130153,-0.18338284172792294,-0.04211853328,0.11580660559797884,-0.5208784775681314,0.0533407678816666,-0.03198854334188087,-0.45579554992921995,-0.0260619530905666,0.09743037619007437,-0.7784015657973159,0.2765443407999999,-0.06452491290518883,-0.7800964341352786,0.1791784062999999,0.07877674996566944,-0.8063838117137397,0.3040763507666666,-0.06652371745717148,-0.8073519174131427,0.1611002310666666,0.10335691975084833,-0.8428950383699342,0.2602930843333333,-0.05468462919895769,-0.8354670693253046,0.0757394914766666,onweer_g_ch1_g19_compr.mp4,ch1g19,3.062263014440241e-05,5.5455694914969254e-05,3.725285208024598e-05,2.8502813246234073e-05,0.00012169460691068876,6.848981561308206e-05,3.710888353338015e-05,0.00010747632043758425,1.8129868199478336e-05,4.554620784092299e-06,0.00014950177096759848,7.680885739543247e-05,4.0029279546789436e-05,3.7812826193254154e-05,5.91694055762918e-05,7.19916432399015e-05,0.00011300324716210669,0.00016553093827355477,6.835459883133076e-05,4.0747201867256893e-05,9.987773756696488e-05,4.092619597884795e-05,4.099496153870511e-05,3.831996029393497e-05,0.00011384648626965732,5.550958942145544e-06,3.778190521188149e-05,0.0001435427545083709,1.5785051991073006e-05,0.00016932702633823206,4.7429779863077835e-06,3.8003409637760495e-05,7.940631890642277e-05,0.00016731194036754816,0.00013279071359601708,0.0006543412418780561,0.0006019316734326944,0.0006134059393493417,0.0006062872375928577,0.0006707451037312848,0.0006497746054314354,0.0006593343950659549,0.0005118127651840931,0.0006288133754938503,0.0006106895262469215,0.0005901500138447116,0.0002308715052012135,0.00019752383186038742,0.000163826413512468,-0.00015729527232968778,-8.940875921430058e-05,-0.0004907938092789432,-0.00025676532237916796,-0.0005425233297000371,-0.00021294347309632188,-0.0008107653224441631,-3.8211377244144e-05,-0.0005675772703116989,-5.9392658797414845e-05,8.191111634161226e-05,-0.0005975338882974749,-5.943010648360095e-05,-0.001971757631515642,-0.0011067016247814478,-0.0021078021622949325,-0.0012468914791458185,-0.001879248732892134,-0.00115925393164369,2.2481034873151676e-06,2.8045132211264603e-06,9.05324370807778e-07,-1.5986838766176363e-06,-8.841342345653916e-07,3.5681419368347534e-06,8.973270546468671e-07,-2.004595429254773e-06,2.6730666352164585e-06,-6.409173631527007e-07,-1.642522045736154e-06,-2.592318344881291e-06,8.523348042459817e-07,9.756282468011053e-07,2.7447215760577203e-06,-1.1095689541807955e-06,-1.5063893512206636e-06,-3.0770200548823797e-06,-2.5476326071092674e-06,6.895519809261572e-07,5.1628477336378355e-06,5.235177058434109e-07,8.222771001867613e-07,1.017511765714688e-06,-1.2295545283776391e-06,4.825573341939394e-10,7.740147912274484e-07,-1.2803501527461196e-06,3.7511505748914967e-07,-2.7886690374068315e-06,-1.4916647512627904e-08,1.5637341133498923e-06,4.965083790768361e-06,3.1209034848292455e-09,1.2257150062499793e-06,1.9928699042337874e-07,-3.415459680915574e-07,-1.6035555837489267e-06,1.2591516618813925e-06,2.581062458265998e-07,-1.5679568078131027e-06,9.696778885570638e-07,7.587201342241999e-07,-3.6795767141900144e-06,-3.5954635518187055e-07,2.759137057924127e-07,2.5448235556767725e-07,4.795182233664892e-07,-3.5321547515923593e-07,-2.4057931383743278e-06,-4.056423007042821e-06,-2.9536607758719907e-07,2.344949706517986e-07,1.4744996228904914e-06,3.639512908682913e-07,2.2564563580490559e-07,3.136397991161719e-07,-1.469619565009031e-06,-3.842219118347833e-08,4.1973062362532027e-07,-3.3207010164503413e-06,1.3484167496416081e-07,-4.5567237238149835e-06,9.731590805142945e-09,2.3042522108497287e-07,1.3611935446127318e-06,3.5883176966457235e-06
6250.000000000025,-0.012387391027062997,0.31024459205504173,-0.4248095949333332,0.0004820713997310745,0.32916124337946934,-0.4157499641666666,0.001867191517731794,0.3282391445394518,-0.4034820563333333,0.0007556925148953699,0.3285990001612311,-0.4074806909,-0.01977137741641907,0.3359769739269035,-0.4318265995333333,-0.018410855565355745,0.3347843731608225,-0.4459036529666667,-0.013647728468305679,0.32433303255656476,-0.4245524085000001,0.04102852084766461,0.3259957808996115,-0.3035890833333333,-0.07853456896283399,0.2840833087277899,-0.3239512641333333,0.013598408133289374,0.3048235551663822,-0.3696333616666667,-0.015341344232085458,0.27645909630290544,-0.4033652693666667,0.12128098140991654,0.20423464907809794,-0.15023402,-0.14897738411126923,0.23695505437981804,-0.1446270244666667,0.18497253599545732,0.0377951553473762,-0.1104046714233333,-0.19229336907352604,-0.006411530841510346,-0.1685390762333333,0.23738185149025187,-0.15240975890899097,-0.0990995900366666,-0.19145799286202894,-0.18917302645426098,-0.2384998609666666,0.2434101145681865,-0.18899302088831255,-0.0934132500116666,-0.17118340041112712,-0.22603982651950666,-0.2868689214666667,0.21723399200594595,-0.2018711357663196,-0.1232219050666666,-0.13547919792065458,-0.2064758035690913,-0.3071175782333332,0.2340551931396556,-0.18252087917697002,-0.1100387595533333,-0.17327555357845903,-0.19322901185719588,-0.233669922,0.0818407017421343,-0.1754340581091639,0.0437740621466666,-0.08018260222092724,-0.18330417641811375,-0.0421710077166666,0.11417234173160389,-0.5213780559895925,0.0547220321383333,-0.03204560347902769,-0.4558204230413509,-0.0262033001639,0.09725324701591292,-0.780197389926631,0.2755641632666666,-0.0642768404367901,-0.7811547317353649,0.1775514438666666,0.07870807309774261,-0.8083137792801804,0.3027111530666667,-0.06625987290631741,-0.8085500847646139,0.1592473903666666,0.10314838376488293,-0.8446995192722887,0.2582131569,-0.0543813893605024,-0.8366043853228968,0.0734768850033333,onweer_g_ch1_g19_compr.mp4,ch1g19,3.4545055934178325e-05,5.7408125980379364e-05,3.946893441800065e-05,2.49960409361529e-05,0.00011794761104223118,7.145656433759688e-05,3.9244961292814344e-05,0.00010552133015499303,2.209391045129988e-05,3.3154492619721705e-06,0.00014478390365450395,7.163282022204163e-05,4.2077117557954464e-05,4.009668154695288e-05,6.34113050756508e-05,6.892117891284285e-05,0.00010986957274029249,0.0001582653713103246,6.342020948819475e-05,4.25319647083891e-05,0.00010584625316106611,4.2610702404139234e-05,4.307518509594401e-05,4.0563809421571026e-05,0.0001100626597563026,5.565082763391976e-06,3.968990574428417e-05,0.00013984749495933802,1.6414975485847358e-05,0.0001622007581193111,4.770981434347506e-06,4.094129259883783e-05,8.447010442786284e-05,0.00016582765284734713,0.00012702720985740865,0.0006906511552996799,0.0006423381088545257,0.0006559687814386647,0.000648376209005282,0.0007093590549494496,0.0006888324203140798,0.0006940736296892337,0.0005802379814880956,0.0006821734910374771,0.0006551998818445027,0.000630109500925838,0.0003019824627725283,0.0002479346844109071,0.00029125544618498916,-8.483691875277373e-05,9.680684982523798e-05,-0.0004529728833789194,-6.308055463164763e-05,-0.0005498978827993439,-1.6094403057106285e-05,-0.0008442607564591861,0.00015211810790630268,-0.0005486762071698141,-6.11369927199165e-05,8.192735167784755e-05,-0.000525632753535011,2.5652712590298127e-05,-0.001861071412849591,-0.0010259597807178783,-0.0019964888490872643,-0.0011640973029058061,-0.0018168197873028112,-0.0010977252802556602,2.117342626300869e-06,4.296707455021838e-06,1.0717162540204833e-06,-1.5177050563749324e-06,-3.0254636690627824e-06,5.114472234258882e-06,1.127879638672747e-06,-3.599731141519036e-06,3.5825532217647656e-06,9.994424876111166e-08,-5.378132367872479e-06,-3.326213479251073e-06,1.1232793768693324e-06,1.1934217522597198e-06,3.172373654605365e-06,-1.7309541854746173e-06,-4.29229581239641e-06,-7.134507171256368e-06,-3.1986424038862573e-06,9.132504029790716e-07,6.976367391807957e-06,8.947687307365775e-07,1.02800278845667e-06,1.3062794486698833e-06,-3.1340684686705657e-06,-4.252451530005546e-08,1.2097493090370057e-06,-4.678212977130816e-06,4.972269397647398e-07,-7.391722022898526e-06,-3.1162932381999546e-09,1.7379279039592896e-06,6.57300639920016e-06,-3.637899456742328e-07,1.3670598824932188e-06,-9.207913035340979e-08,2.0537317568399662e-07,-1.329838075193201e-06,1.3656479495688886e-06,-2.573743304797548e-08,-1.5183983557775324e-06,6.924129891837157e-07,9.234876683647675e-07,-3.5517295525483097e-06,-7.74839921874073e-08,-8.655044215728555e-10,-3.522065203219401e-08,1.5272547199554236e-07,-2.886874618082596e-08,-2.3150986485314465e-06,-3.7711707346079896e-06,-3.597359629386534e-08,-2.3912980903724092e-08,1.3572179796986779e-06,9.990325571280965e-08,-4.8135602512635484e-08,2.7441687396060385e-08,-1.1448211955108243e-06,-3.5618479320360175e-08,1.5075076752787702e-07,-3.291533154107729e-06,7.781753716910494e-08,-4.246565048631676e-06,1.616827913568572e-08,-7.620544241277198e-08,1.2920511009812203e-06,3.57331029131246e-06
6266.6666666666915,-0.012603649957017246,0.31093062943449074,-0.4219083964666665,0.0003205576694007391,0.32979485107250445,-0.4127639174666667,0.0017030905887623871,0.3288858336781403,-0.4004846808,0.0006044112703210407,0.32923548551791004,-0.4045075049333333,-0.019930736453755756,0.33667579115943275,-0.4288560957666666,-0.018591110440256377,0.33546431277349714,-0.4428975483333333,-0.013836543754688633,0.3250201245524465,-0.4215849157333333,0.041028214704476665,0.3265455281065144,-0.3005983001,-0.07864625018472794,0.2847475942538524,-0.3209167380333333,0.01340186783684689,0.3054708287103549,-0.3667538801666667,-0.01558001910620767,0.2770844339965821,-0.4004619370333334,0.12108531365957674,0.2045343319078496,-0.1475923903333333,-0.14882804702286134,0.2371895551109694,-0.1423953490666666,0.18399856617705676,0.038091364217145755,-0.1075394850966666,-0.1918618650208678,-0.00652805831104087,-0.1664922070333333,0.23510619586397705,-0.15232833278743899,-0.0953107513699999,-0.192367547126046,-0.18961970605864525,-0.2360774601666666,0.2408006248050832,-0.1890606445204265,-0.0893720257372,-0.1725384235415608,-0.22655578612265365,-0.2843093430666667,0.21457285416455288,-0.2018786739227582,-0.11913953476,-0.13706526257173793,-0.20724324751559697,-0.3046332715666665,0.23169412061405528,-0.18239142194132651,-0.1061951313099999,-0.1743886239171068,-0.19377066861107994,-0.234981373,0.08179040625694094,-0.17549296172212372,0.04380254286,-0.0801375670807496,-0.1832261136451595,-0.0422191315133333,0.11251122837989301,-0.5218309166038457,0.0560433286549999,-0.032118055545064715,-0.45582105426766034,-0.0262814122972333,0.0970590187491162,-0.7819748925143699,0.2745823148,-0.06402100012309676,-0.7821687180660418,0.1760071009333333,0.07862133812653678,-0.810227188068043,0.3013731122333333,-0.06598125041085415,-0.8096907401760558,0.1574864197999999,0.10292028293617991,-0.8464576614519485,0.2561438028333333,-0.054078716022148234,-0.8376860482151701,0.0712860564433333,onweer_g_ch1_g19_compr.mp4,ch1g19,3.8112482609364544e-05,6.27524375544574e-05,4.23628059142993e-05,2.2651951012958312e-05,0.00011536196826539594,7.790078467295153e-05,4.209063913760342e-05,0.00010060272117735808,2.681346701357802e-05,5.5134768967387015e-06,0.00013508906076153236,6.987938754834818e-05,4.4894293531064446e-05,4.303557553946146e-05,6.718846637861809e-05,7.099143631116825e-05,0.00010454783473690576,0.0001461576176363741,6.168040101909462e-05,4.508959306107952e-05,0.00011532977050465382,4.5358701199680603e-05,4.589780252424106e-05,4.32967345620173e-05,0.00010706656392038356,5.498200740299684e-06,4.2353465950602916e-05,0.00013159702456494853,1.7483898100466956e-05,0.00014895769219749918,4.765617520955753e-06,4.375585947382305e-05,9.299383880594359e-05,0.00016212046814754113,0.00012356261966951779,0.0007324541065987701,0.000684381278913194,0.0006997440883985972,0.0006904048100783856,0.0007501088781185251,0.0007305559153215061,0.0007312160651049835,0.000640939098559521,0.0007316524534911518,0.0007011276168810073,0.0006752031269189616,0.00039205178499388704,0.00029619313285564124,0.00043993395182388814,-3.7552182484267276e-05,0.0002534885422013907,-0.00048404632448709417,8.686564842285511e-05,-0.0006347739204448135,0.00012146929178831886,-0.0009678540675227049,0.0002979138329362701,-0.0006086095748487284,-6.228019162473966e-05,7.908940444589191e-05,-0.0004297997510251867,6.522759903255006e-05,-0.0016486180168753736,-0.0009889650215035447,-0.0017782380780461855,-0.001126988206485229,-0.001695002032108964,-0.0011327830257253822,1.617606728807512e-06,5.785541082896515e-06,7.431979900912946e-07,-1.058481949848516e-06,-4.512136911632307e-06,6.659767060917228e-06,8.727921459631042e-07,-5.236301124732791e-06,4.248560454599586e-06,1.0062117532592494e-06,-9.08559115171429e-06,-3.538171831100616e-06,8.741930367115351e-07,9.262944895471103e-07,3.3721380004041606e-06,-1.7214735085627003e-06,-6.8792513062393975e-06,-1.118763730750281e-05,-3.374768626289872e-06,6.296937532248567e-07,8.577975871767586e-06,7.440641561621053e-07,7.316526442189181e-07,1.1028499998388987e-06,-4.380617056941211e-06,-8.131434235136335e-08,1.1179314550788473e-06,-8.14437099897726e-06,5.334139028249675e-07,-1.1844594499932676e-05,1.1241350310782169e-08,1.533654328323996e-06,8.004258455674482e-06,-7.545665424245172e-07,1.2057330541249848e-06,-4.526569571613539e-07,6.764242039250875e-07,-9.640192193426934e-07,1.1398266683586728e-06,-3.890431290546226e-07,-1.2123018416657842e-06,2.440804038779315e-07,8.882447338791074e-07,-2.755292050760941e-06,1.1550866495967323e-07,-3.691741093729987e-07,-4.032689834546802e-07,-2.1068920081285384e-07,9.115899917555118e-08,-1.9126110520565598e-06,-2.7521832955767936e-06,1.3900560966684445e-07,-3.664855116102704e-07,8.564632419690337e-07,-2.7389490743011813e-07,-4.029226135573278e-07,-3.525706825104907e-07,-7.309797472121026e-07,-2.610297586930404e-08,-2.3715000014572548e-07,-2.6455498308577285e-06,-1.048439085632756e-08,-3.1038376799198607e-06,1.9883982157671076e-08,-4.591096739824747e-07,8.750584977680207e-07,2.992434752564501e-06
6283.3333333333585,-0.012828809635282079,0.311620340091997,-0.4188561667666665,0.00014736691521571442,0.33043472280697955,-0.4096314947,0.001529599667501646,0.32953933953501946,-0.3973445650666666,0.0004441583450124293,0.3298794895651435,-0.4013934096,-0.020101194126364418,0.3373791812739864,-0.4257465582333333,-0.018782322749880006,0.3361489377186923,-0.4397490204,-0.014036224828640476,0.3257119707689258,-0.4184780285666667,0.041019500316994265,0.3271165807663476,-0.2974938259666666,-0.07877584480777955,0.28542632080751695,-0.3177761374,0.013199712630457081,0.3061277420688018,-0.3637358208333333,-0.015828494936879135,0.27771837904110497,-0.3974147817,0.12088870334312035,0.20486069043060995,-0.1449010312666666,-0.14868716904730464,0.2374330736630029,-0.1400451093666666,0.1829863129960794,0.03842204602413449,-0.10455828577,-0.19146581634659415,-0.006634859041349526,-0.1643413749333333,0.2327915378951245,-0.15215738877358154,-0.0911729390966666,-0.19328132242837798,-0.19005913948627587,-0.2333598261333333,0.2381601134831739,-0.1890537507562095,-0.0849221754305333,-0.1738715861984033,-0.2270963321863536,-0.2813770096333334,0.211864545769789,-0.2018394703097999,-0.1146434949466666,-0.13862178964468266,-0.2080535572967249,-0.3017724552333332,0.22928968498767832,-0.18217993393547058,-0.1019945642499999,-0.17549539291184973,-0.19430642624739308,-0.238912195,0.08174378832601092,-0.17555213237185352,0.04383340515,-0.0800939833266027,-0.18314797852600398,-0.04226963664,0.11086006581086799,-0.5222755259128492,0.0573424578316666,-0.03218396232336812,-0.4557599806139578,-0.0265796082505666,0.09684728715673484,-0.7837431788492639,0.2735099388333333,-0.0637256320594628,-0.7831521952680198,0.1741071869666666,0.07851691349464396,-0.8121312432270855,0.2999475499333333,-0.06565791946762871,-0.8108047437337659,0.1553433834666666,0.10269162520025471,-0.8481988989834314,0.2539895722666667,-0.05371835728587387,-0.838752972803492,0.06871298554,onweer_g_ch1_g19_compr.mp4,ch1g19,3.9799037986784565e-05,7.034724266359988e-05,4.401085717204447e-05,2.1012887468486413e-05,0.00010789510675851785,8.645631863819532e-05,4.395740088091742e-05,9.378627208245796e-05,3.173705761746417e-05,6.733862413206576e-06,0.00012213816529035,6.442546953131757e-05,4.692487438454747e-05,4.489048731051317e-05,7.084910284498725e-05,6.660650253073676e-05,9.594038380780263e-05,0.0001304198484250924,5.663412059579748e-05,4.6827258896486136e-05,0.00012547482027282938,4.749446970013402e-05,4.7601270180847266e-05,4.534448766196405e-05,9.981751368163938e-05,5.394260654545378e-06,4.481507262236674e-05,0.00012005175250672087,1.84033643018004e-05,0.00013189008617515253,4.8357969671941154e-06,4.583936503862298e-05,0.00010292181903944523,0.00015755092714423872,0.00011476480145603702,0.0007606622685968545,0.0007113009985737459,0.000727028397434174,0.0007154450108075523,0.0007743387205323384,0.0007576015148876152,0.0007548119524026925,0.0006644663826001293,0.0007526141345774423,0.0007283297022245453,0.0007058777817984853,0.00046713658024053134,0.0003192548629511274,0.0005556125115250594,-2.329960833317839e-05,0.0003260637453004028,-0.0005650150707885008,0.00014457897304650394,-0.0007579975383462881,0.00015666755343782534,-0.0011293613154356574,0.00034340614099120643,-0.0007246320716356613,-6.046269325395021e-05,7.220864736759198e-05,-0.00033083678039797025,0.00011535969103546253,-0.0013839237697057351,-0.0009153539640891757,-0.0015078891503554164,-0.0010479845931045616,-0.001532986629775843,-0.0010622378489259056,7.806289599848644e-07,7.2957704731047556e-06,1.779375643136602e-07,-1.7373629992620063e-07,-5.402416484472371e-06,8.204815202074232e-06,3.748223660221466e-07,-6.607171647689109e-06,4.464372061336499e-06,1.9040927997078474e-06,-1.2226555956575544e-05,-3.3327624373978117e-06,3.6225168905287496e-07,4.0667668667618855e-07,3.090689619426166e-06,-1.4609628821942265e-06,-8.94021522954665e-06,-1.4456888856595708e-05,-3.168297419018024e-06,1.2252351484666245e-07,9.989331958662289e-06,3.399923194821024e-07,2.0139978152661048e-07,6.044996865210995e-07,-5.0019002892781944e-06,-1.0995174846535836e-07,6.935916826734092e-07,-1.1163234713046982e-05,4.6062707497318007e-07,-1.5418141079514563e-05,3.31776416935476e-08,8.983912994030684e-07,9.295616166601469e-06,-1.0663283904089102e-06,7.766067074011705e-07,-7.546231163640086e-07,9.839004660057802e-07,-3.9847482667826807e-07,6.43161892896702e-07,-7.11918403984175e-07,-6.805105980200099e-07,-3.1990894961113296e-07,7.736139565959929e-07,-1.480014022754269e-06,3.8288440870871686e-07,-7.106157469165675e-07,-7.282075134969763e-07,-5.947943871109159e-07,3.044215612792897e-07,-1.2001578753310022e-06,-1.211996570742285e-06,3.806491703856371e-07,-6.751322357868312e-07,1.575304717001747e-07,-6.330954617140356e-07,-7.131206692269337e-07,-7.209780968347266e-07,-1.5729638154988899e-07,-1.3324317460787645e-08,-6.410000492924553e-07,-1.5319493423615816e-06,-1.074505001049947e-07,-1.3928549290918244e-06,1.705480194496934e-08,-8.412699150191905e-07,2.3385611188140277e-07,2.0668399201407957e-06
6300.0000000000255,-0.013065216426064067,0.312309292580476,-0.4163219640333332,-3.6247797563330314e-05,0.33107420505226876,-0.4069559892333333,0.001346823162262621,0.33019255917765994,-0.3946504937333333,0.0002734994105984749,0.3305229381915366,-0.3987248063333333,-0.02028696639885304,0.3380793085805187,-0.4230756492666666,-0.018988753318979125,0.3368312608874173,-0.4370523374,-0.014251945825607255,0.3264023093369668,-0.4158079918,0.041014235212698605,0.32768220867591047,-0.2946751719999999,-0.07892824738989067,0.2860956221859485,-0.3148869333666666,0.01299021908307007,0.306785483456218,-0.3611876527,-0.01608680132825068,0.2783540193325929,-0.3948379020333333,0.12069323579696802,0.20522014012725132,-0.1422276931666666,-0.14857681089096203,0.23765381470107688,-0.1379360741333333,0.18196149843155413,0.038776151892557814,-0.1015596992866666,-0.19108921580550695,-0.006761397749284994,-0.1624175992666666,0.23047521151993097,-0.15196788306745124,-0.0870006772266666,-0.1942312829225316,-0.1904606876986892,-0.2310277343,0.23552140900119778,-0.18902670684356607,-0.0804594857862333,-0.17525346135817235,-0.22757832062045755,-0.2789409171333333,0.2091690943198661,-0.20179104139421844,-0.1101494425566667,-0.140214027410661,-0.20877932473410366,-0.2993708281333332,0.2268858022095579,-0.1819585418707673,-0.0977692977766666,-0.1766343130583567,-0.19479708490914954,-0.233607337,0.08169759527158599,-0.1756087829416555,0.0438822699066666,-0.08005079015641903,-0.18307255201457764,-0.0423337071633333,0.10920323295274191,-0.5226568654677054,0.0588626349316666,-0.03224526534292465,-0.4556340006998058,-0.0264185253305666,0.09661243312407623,-0.785374757624184,0.2728660387999999,-0.06339212863685581,-0.784039819541515,0.1727738379999999,0.07839306478036476,-0.8139074639534903,0.2989821464,-0.06528495324710502,-0.8118181201048262,0.1538035302666666,0.10247095593726849,-0.84977475130581,0.2523218402666667,-0.05328732145204086,-0.8397083942641789,0.06682926343,onweer_g_ch1_g19_compr.mp4,ch1g19,3.9340641473551746e-05,8.025574060528262e-05,4.288210126646696e-05,2.2216669448181364e-05,9.995661747403631e-05,9.740620141065177e-05,4.315252284865179e-05,8.50468603169145e-05,3.629358792972336e-05,8.543958806813082e-06,0.0001077306784791689,6.04220922048114e-05,4.6132460576355095e-05,4.407508620491584e-05,7.403808323738473e-05,6.350076791816231e-05,8.508577638378706e-05,0.00011372726776131512,5.2832607098360616e-05,4.570494778305736e-05,0.00013806026559046064,4.6528352534305044e-05,4.652553596884552e-05,4.4863302094056246e-05,9.240915161409746e-05,5.250795065803428e-06,4.4604631659861036e-05,0.00010678778597121791,1.894161568125794e-05,0.00011380325054272886,4.8798884666003235e-06,4.599075427853797e-05,0.00011466506983616084,0.00015433675292545428,0.00010644592840896731,0.0007516794185582903,0.0007028150328751444,0.0007188530949452874,0.0007041087762343632,0.0007628127364968318,0.0007485663044250754,0.0007427990679189793,0.0006476635855621316,0.0007329862849894495,0.0007197086280504037,0.0006999099204699944,0.0005240487877949697,0.0003075485426427056,0.0006340543484947812,-6.626300697756791e-05,0.00034298437323540304,-0.0007166128681261392,0.00012955198435050147,-0.0009407249883744261,0.0001131953935739981,-0.0013547725723914259,0.0003255168856265959,-0.0009100878520495598,-5.625287774835558e-05,6.177057458921194e-05,-0.00023236699501744408,0.00013605245847846223,-0.0010734484121905452,-0.0008554649786664747,-0.0011883168987135136,-0.000983485522232302,-0.0013365153454741219,-0.0010085716307736735,-3.3837867995135725e-07,8.494394250248828e-06,-7.129434693360459e-07,1.0596786627205759e-06,-5.443587351063886e-06,9.373557090349203e-06,-4.6804749377037427e-07,-7.495701587685934e-06,4.114111810698677e-06,2.6575771893594926e-06,-1.4136450964028053e-05,-2.694589848519873e-06,-4.79599600814399e-07,-4.522254479011016e-07,2.3660205075847833e-06,-8.424399220965083e-07,-9.660557864317547e-06,-1.6172036161584717e-05,-2.5492757297995833e-06,-6.944192286304984e-07,1.0884951521411449e-05,-3.9800385319059945e-07,-6.195846523473758e-07,-1.9175337072563304e-07,-4.787272219523659e-06,-1.15639548191716e-07,-1.3398919377192532e-08,-1.3106009734114152e-05,4.1280426579904896e-07,-1.7269061458551854e-05,6.46084951822233e-08,-4.9272913784667634e-08,1.0103171242192736e-05,-1.239259472028925e-06,1.2605937375473585e-07,-8.927094225692641e-07,1.0288381284458735e-06,1.602558681961886e-07,-6.793866065830828e-08,-8.825941676477253e-07,2.0292751660336306e-08,-9.11727836686012e-07,5.443552462026904e-07,3.807495772441499e-08,5.416545426967536e-07,-8.998420416884446e-07,-9.014404175163602e-07,-9.350074659835265e-07,3.645630528831307e-07,-2.8494668942893984e-07,5.459843473946128e-07,5.26330308504598e-07,-8.280354415856627e-07,-6.856234762061867e-07,-8.362412171248417e-07,-8.685733012038719e-07,-9.553210104779552e-07,3.7158641079845525e-07,6.36898155023901e-11,-9.150046515414266e-07,-1.5639795922830058e-07,-1.9055901990680186e-07,5.484861420309562e-07,1.0165921162106156e-08,-1.1252091928483341e-06,-5.524626089302576e-07,1.4046701190497206e-06
6316.666666666692,-0.01327844848966072,0.3130103485611725,-0.4133228222333333,-0.00020963858328676866,0.33173006039275543,-0.4038218796666667,0.001174768442785568,0.3308647433077343,-0.3915025528999999,0.00011429645106282747,0.33118535810841837,-0.3956086645666666,-0.020457399471843867,0.33879576819250323,-0.4199953775666666,-0.019179707587014892,0.33752905926242843,-0.4339371989666667,-0.014452503709004678,0.3271059647706622,-0.4127330428333333,0.040990994610789394,0.32828539753793745,-0.2914734856333332,-0.07908271811784581,0.28677942762028513,-0.3118039248333332,0.012790389395240293,0.30746374317167746,-0.3581961871666666,-0.016330526850652793,0.27899895699906824,-0.3918625841666667,0.12045617617388875,0.2055961588356379,-0.1391783436333333,-0.14845618503819483,0.2378861941082189,-0.1357938439333333,0.18092647030920095,0.03914832607455937,-0.09807174127,-0.19073554184531782,-0.006873270985974674,-0.1605222828333333,0.22822143723376018,-0.15169428869844023,-0.0822936384166666,-0.19517772217832988,-0.19084647557963813,-0.2284735844,0.23295217468623666,-0.18891616072853476,-0.0754051599965666,-0.17662751966492543,-0.22805456484369444,-0.2761845042999999,0.20653383652848392,-0.2016340839295939,-0.1050290753666666,-0.14180458828077197,-0.20949793589224022,-0.2966094532333332,0.22454895281850173,-0.1816322622348597,-0.09300103987,-0.1777705851300311,-0.1952661335897986,-0.226022154,0.08164358858273345,-0.17566646920825157,0.0439654003833333,-0.07999776781244376,-0.18299616803920196,-0.0424337781466666,0.10752674852722005,-0.5230305074516809,0.0603677221116666,-0.032312871295671106,-0.4554963210461703,-0.0264129994839,0.09637416086217564,-0.786983345903791,0.2719938847666666,-0.06308921741167853,-0.7848758026541126,0.1711477800999999,0.07826236079629727,-0.8156575252187004,0.2977349807999999,-0.06494905010118772,-0.8127786221612409,0.1519431918,0.10223070522408702,-0.8513105943477313,0.2503143687666667,-0.05285166173613877,-0.840604565947318,0.0646031015866666,onweer_g_ch1_g19_compr.mp4,ch1g19,3.739352478088361e-05,8.978975650536096e-05,4.1106827691965966e-05,2.6308557831591665e-05,9.465523456517588e-05,0.00010771978846197398,4.1650445059442916e-05,7.650127555029203e-05,4.019823791013863e-05,1.1280917692599495e-05,9.402473043087726e-05,5.884090454665333e-05,4.459514016854788e-05,4.253571762363386e-05,7.596603737438005e-05,6.516290239810424e-05,7.709122174251183e-05,9.874004805816523e-05,5.118589337914211e-05,4.394693001372751e-05,0.00014911946001287737,4.504108464498116e-05,4.4768597357612054e-05,4.342858184678751e-05,8.770335882339084e-05,5.092879880692856e-06,4.3388175489898145e-05,9.377470722254374e-05,1.9227472683560717e-05,9.765706944693662e-05,4.916325108380329e-06,4.423640432585151e-05,0.0001251005772397697,0.00015270519027691797,0.00010154740188663299,0.0007193388733883801,0.0006708877042184647,0.0006871091759848855,0.0006686433519341104,0.0007276476578513017,0.0007149062748193631,0.0007072614900119501,0.000602937896211098,0.0006766665385707252,0.0006864366495456757,0.0006660337619519594,0.0005680581092174833,0.00026366993233841466,0.0006892030227255835,-0.00014492926376218228,0.0003265871461263399,-0.0008910860964622263,7.143429373395954e-05,-0.0011296725438786077,2.0270865538083386e-05,-0.0015795135027572675,0.0002694829943788427,-0.0011122283408659232,-5.090313553102023e-05,4.9485032008552816e-05,-0.00014422795167542835,0.00011652090430654285,-0.0007713521380719378,-0.0008254307884549711,-0.0008796835288451188,-0.0009504629432881143,-0.0011857279971052921,-0.0010322203286687757,-1.7315042025981252e-06,8.856811678277131e-06,-1.8266591924055636e-06,2.113232185781273e-06,-5.022806068516887e-06,9.554039116054927e-06,-1.5665912392578246e-06,-7.646943180056827e-06,3.085936560732676e-06,3.1686100735774775e-06,-1.4203551138181316e-05,-1.7766359184534626e-06,-1.6043395360824084e-06,-1.5681696860638735e-06,1.321153575269255e-06,-2.1467239396339577e-07,-9.74196852349657e-06,-1.5687672848912177e-05,-1.6645690502731161e-06,-1.7531417170205586e-06,1.035341307848101e-05,-1.5143404052292043e-06,-1.7093985410666928e-06,-1.3930631932587684e-06,-4.157757102699963e-06,-1.2024881961800208e-07,-1.2000360529176482e-06,-1.3362816101895859e-05,2.03327407455664e-07,-1.6800945607691862e-05,7.49273259866466e-08,-1.322265028790443e-06,9.772452470981256e-06,-1.2338159246843278e-06,-6.776122769801504e-07,-8.847340214201062e-07,8.399469812897422e-07,6.179737982481302e-07,-9.388518239223093e-07,-9.087962980497716e-07,7.056976834886424e-07,-1.383951263620363e-06,2.081716577252524e-07,1.613174157904322e-06,5.266323834545335e-07,-9.428358315490376e-07,-9.29338613780135e-07,-1.078848401842759e-06,1.8632042571300647e-07,5.873277807274451e-07,2.31011235540329e-06,5.14719768074308e-07,-8.457157824046621e-07,-1.6444131569335724e-06,-9.02787044490403e-07,-8.831817408374794e-07,-1.0412528510821612e-06,7.519869684235307e-07,1.3532130081393768e-08,-1.0399866697513729e-06,1.3278667352435495e-06,-2.2396716293449703e-07,2.4557482963271185e-06,1.3135344681524303e-10,-1.2419665253621101e-06,-1.4332828295762558e-06,2.0228230940981996e-06
6333.333333333359,-0.013421082207347917,0.31384377095244914,-0.4102467496999999,-0.00035860873749430603,0.33252579571779356,-0.4006292095333334,0.0010258128768431784,0.33167999173799173,-0.3882998016333333,2.9455580746165248e-06,0.33197318290980643,-0.3924332708333333,-0.02057725431839059,0.33965241675635244,-0.4169386079999999,-0.0193481081358719,0.3383686253839765,-0.4308146010333333,-0.01458648055275022,0.3279095952981848,-0.4096516535666666,0.040772300417565584,0.3290867256029677,-0.2880332525666666,-0.07942585925684177,0.2875664243927038,-0.3087743270333332,0.012588914251375496,0.3082639712856315,-0.3550569148333333,-0.01657464110733039,0.2797770754989834,-0.388852942,0.11992593143885875,0.2065601561473117,-0.1358967351333333,-0.14854167777157368,0.2382585412250197,-0.1337037963666666,0.179840976553821,0.04054150733990782,-0.09318167116,-0.19044965518216492,-0.006872013192590956,-0.1584101237,0.22773187688234298,-0.15112722107837526,-0.0761528211953333,-0.19665353554963486,-0.19258602522174553,-0.2245335639,0.23273739849810782,-0.18866021238633127,-0.0684852804315666,-0.17887826979309776,-0.23048350172550586,-0.2720704953666666,0.20634681323136544,-0.20154166129577117,-0.0987056569,-0.14406114224372837,-0.21299647874759275,-0.2928230244666667,0.22414757669479346,-0.1812413895219951,-0.08687882675,-0.17945366840448107,-0.19753439224589164,-0.243176639,0.08156606849232798,-0.1757115977229305,0.0441209908566666,-0.07992020028359319,-0.18297673882393914,-0.0425840440633333,0.10678553931571079,-0.5229280240314894,0.0613283171483333,-0.03241845022018487,-0.45545989731866277,-0.0256669052972333,0.09464088198738557,-0.7866844459398711,0.2722720476999999,-0.06297219202427216,-0.7856909318308193,0.1717973724,0.0762922565893506,-0.815385667283721,0.2978523205,-0.0648496298250729,-0.8137313687350552,0.1523352090666666,0.10146054155343175,-0.8519546631097392,0.2503155365,-0.05249842776781371,-0.8419529011030873,0.06428584171,onweer_g_ch1_g19_compr.mp4,ch1g19,3.4130569907621577e-05,9.8369713286421e-05,3.7587617311097846e-05,2.958387092679391e-05,9.039239251148639e-05,0.00011668361439734515,3.847889588983184e-05,6.96501542910484e-05,4.236803536418523e-05,1.4735312645041872e-05,8.181330786424248e-05,5.777609244938438e-05,4.1365089042252915e-05,3.936057145388641e-05,7.629959056727666e-05,6.393636535572841e-05,6.504156721262428e-05,8.587333559875444e-05,5.0124334567056815e-05,4.065356623897342e-05,0.0001579534440750079,4.193408972937667e-05,4.1464530811558724e-05,4.0693608754919735e-05,8.476787813471197e-05,5.0024098207552605e-06,4.070214225073901e-05,8.195938108415992e-05,1.8916489981202486e-05,8.390701264833595e-05,5.007460661997955e-06,4.162889253697487e-05,0.00013363316562497017,0.00015195648580925553,9.847863767971014e-05,0.0006827276178968323,0.0006306064672264863,0.000646750392597353,0.0006235430724696063,0.0006851865759189745,0.0006729049472547437,0.0006662154046421581,0.000543894295005299,0.0006137315534726074,0.000647147438158542,0.0006291348870950666,0.0005984093486401547,0.00021006461713834023,0.000711302849160404,-0.00022647746033037274,0.00028294001383530874,-0.0010549884738874527,-4.809882514933886e-06,-0.001289192789066561,-9.124570606821449e-05,-0.0017633812581211584,0.00019137004453123214,-0.001292939085660961,-4.4926533559847525e-05,3.6431280099405845e-05,-8.927420237506625e-05,6.281472084670791e-05,-0.0004968018475758805,-0.0008017937499063657,-0.000594775665716021,-0.0009214567751359849,-0.0009591319131369868,-0.0009973563421889532,-3.4040677741776037e-06,6.894551275243555e-06,-2.962905042259323e-06,3.1291478335821586e-06,-4.48210503533271e-06,6.9447439207081245e-06,-2.747409903244121e-06,-5.927730802087906e-06,8.347139591777194e-07,3.412592838552854e-06,-1.0328068460735827e-05,-8.144868608264625e-07,-2.8060805927580026e-06,-2.78008323250152e-06,-5.548209892375574e-07,-3.3686412300295936e-07,-8.357717229710093e-06,-1.0510476612586804e-05,-7.286082487221648e-07,-2.7912179314249204e-06,6.026876356218029e-06,-2.703364496615917e-06,-2.852735238033179e-06,-2.756015257453872e-06,-3.377718778840069e-06,-9.405660565609075e-08,-2.5752735531149583e-06,-1.0108863632838547e-05,-1.6104851749395703e-07,-1.1271643391481564e-05,6.288999291609657e-08,-2.911676245473563e-06,6.341503568037037e-06,-1.0656463052058645e-06,-1.406471703159525e-06,-7.012785548264074e-07,5.757501775817089e-07,8.151815909827098e-07,-1.6926258401514891e-06,-7.604022444671227e-07,1.2350172835912893e-06,-1.6682985726666356e-06,-1.8664765798035505e-07,2.9828880029040626e-06,3.5976844089965106e-07,-8.078344486731951e-07,-7.831185140822736e-07,-1.0329682167824041e-06,-5.778726904597839e-08,1.4484907321614877e-06,3.7735447439390755e-06,3.6386415629346967e-07,-7.001455512570343e-07,-2.351282930079736e-06,-7.888354955480127e-07,-7.330092149746298e-07,-9.516373755686792e-07,8.431965501925566e-07,1.8158280761411538e-08,-9.811158794838044e-07,2.661270190546972e-06,-1.961440602160094e-07,4.01349825936346e-06,-1.6546765345196466e-08,-1.2066119812795462e-06,-2.1217796862435706e-06,3.234042869652528e-06
6350.000000000026,-0.013551726081851727,0.31464815453241574,-0.4074968437,-0.00048716368167800445,0.3332633461148833,-0.3977066964333334,0.000899620994078193,0.3324364452806839,-0.3853613085333333,-9.351470999115128e-05,0.3327028636587441,-0.3895229498666667,-0.020685270623124568,0.34044255013726554,-0.4140688718333333,-0.019498436609461538,0.3391554790349836,-0.4279125274,-0.014707959556910845,0.3286762304700815,-0.4067793891666666,0.04066336914196389,0.32972491812624993,-0.2848633161333332,-0.07972955719243432,0.288301046017485,-0.3058081664666666,0.01240288305976204,0.3090232925732277,-0.3522690247666666,-0.01680564296159642,0.2805327538364267,-0.3861418674333333,0.11952977731723394,0.20726882280272532,-0.1327398138766667,-0.14859040645319369,0.238601937284202,-0.1315123735,0.1788187887688513,0.04141848666185775,-0.0888707535666666,-0.1900709015027821,-0.006895648091559338,-0.1562715130333333,0.22704097529004727,-0.15063373892844542,-0.0710239560602666,-0.19800163334167303,-0.19376343172055333,-0.2212918197333333,0.23200508162256012,-0.18848490175450067,-0.0628555262515666,-0.1808258750797589,-0.2319964682032747,-0.2686075096999999,0.2057128098177748,-0.20147600869732146,-0.0932136750866666,-0.14606848075360013,-0.21498771761331756,-0.2895030865,0.22347957570029953,-0.18087041538744633,-0.0817001476566666,-0.18097063002484054,-0.19900762733027372,-0.243751183,0.08148819283654164,-0.17576020406732923,0.0442124480966666,-0.07984192254153567,-0.1829483842490284,-0.0426705685233333,0.10587498517412718,-0.5228455418499992,0.0625126032016666,-0.03251774133258452,-0.45519954569345017,-0.0249535881572333,0.09368180553399522,-0.7865870167035471,0.2724891347666666,-0.06284882312831261,-0.7863764222789541,0.1721711153666666,0.07533824800597357,-0.815382736824941,0.2978527158666666,-0.06474376360583509,-0.8145424429480228,0.1523691598666667,0.10095541315403804,-0.8527139380622429,0.2499467208333333,-0.052282497381392,-0.8428674018454638,0.0636889322366666,onweer_g_ch1_g19_compr.mp4,ch1g19,3.0050204621105387e-05,0.00010488845703689175,3.3442925944418385e-05,3.262540822248873e-05,8.768287066936254e-05,0.00012322799827639867,3.458744164631519e-05,6.488281641619404e-05,4.250387579024281e-05,1.8338912947066784e-05,7.276502629212619e-05,5.774258217063598e-05,3.736271140606233e-05,3.5453506813084956e-05,7.511174552557998e-05,6.422052307673552e-05,5.5800995904937e-05,7.681678255921295e-05,5.0147461854431706e-05,3.6731091583615066e-05,0.0001636528332707721,3.804624689480201e-05,3.751286121828897e-05,3.6997844115416385e-05,8.337348905767842e-05,4.94733004562031e-06,3.704166605612895e-05,7.288500367002459e-05,1.827988538426437e-05,7.455684714415463e-05,5.0919496995439225e-06,3.823921730276129e-05,0.0001394512607168651,0.00015172344498179212,9.729289084045405e-05,0.0006321909487140621,0.0005748622571846662,0.0005904207149358273,0.0005628136584246574,0.0006283311082705072,0.0006157549962346718,0.0006116392028675869,0.0004706670118576191,0.0005405884862865677,0.0005927024727964216,0.0005791180604021963,0.0005962773343240149,0.00014493233034823693,0.0006734982851868926,-0.00031434668492248056,0.00020482190709861968,-0.0011899311371172604,-0.00010807078697577009,-0.0014056718995310957,-0.0002207227761444792,-0.0018865394477060435,8.980667620090094e-05,-0.0014311858648892559,-3.9016199098793185e-05,2.3793775724078215e-05,-6.016591187511792e-05,-1.579285557723846e-05,-0.0002976319214281521,-0.000794536979575465,-0.0003890264721257982,-0.0009077552297454403,-0.0007805426332077287,-0.000980070718454424,-4.625719103117269e-06,4.781394288415456e-06,-3.848902073645071e-06,3.8016883798363568e-06,-2.7311457385480516e-06,4.442988509540957e-06,-3.716133826120219e-06,-3.869277143013823e-06,-1.262029047491703e-06,3.0179142868109086e-06,-5.338581128225065e-06,-4.550073012499764e-07,-3.833765953517591e-06,-3.772758286642294e-06,-1.747440840222823e-06,-3.2335023386141524e-07,-6.149822059096592e-06,-4.433587459620504e-06,-3.551080906242373e-07,-3.674632798739765e-06,2.713604153059614e-06,-3.733903963397587e-06,-3.7796762264259656e-06,-3.938805134673659e-06,-1.769818666751817e-06,-6.979698303734191e-08,-3.820953011531345e-06,-5.641771023120463e-06,-4.2607298290911085e-07,-4.739022672910002e-06,2.292729895808184e-08,-4.358119305441573e-06,3.2849774042200605e-06,-7.535794541258037e-07,-1.9027856635484661e-06,-3.91600279951562e-07,3.0391641299185657e-07,6.860879769031865e-07,-2.169923695415731e-06,-4.764646756376977e-07,1.5050666287547695e-06,-1.69231929207827e-06,-5.78519175993939e-07,3.950765066941031e-06,4.735092753220401e-08,-5.307434559634914e-07,-4.999749071411559e-07,-7.720326250386226e-07,-4.5312663432785586e-07,1.9725811338064377e-06,4.731363300652598e-06,7.994137178747463e-08,-4.311497325831877e-07,-2.668375821407469e-06,-5.231076662792762e-07,-4.564507344442127e-07,-6.967424764526586e-07,6.145934198101765e-07,1.3066811563921699e-08,-7.490586777436276e-07,3.6524105348279957e-06,-1.0368362145192185e-07,4.998634231033939e-06,-3.6951611650876936e-08,-1.0082463274100607e-06,-2.4774010417561256e-06,4.201082664806534e-06
6366.666666666693,-0.013680204363610185,0.31545047315654223,-0.4048429926333333,-0.0006112940807335244,0.333997141425751,-0.3948676904333334,0.0007782439625655668,0.3331887638236969,-0.3825040307666666,-0.00018821937799019553,0.33342870242529604,-0.3866920550666667,-0.02079047961580606,0.341230817908998,-0.4112764538333333,-0.019644673914482783,0.33994014164496067,-0.4250869046666666,-0.014827558202410458,0.3294404872025113,-0.4039832429,0.04057045465298777,0.3303404097985696,-0.2817566514999999,-0.08001229127420591,0.28902053493263563,-0.3029025403666665,0.01222361668017394,0.309780928361093,-0.3495734225999999,-0.01702916014058245,0.2812837826288484,-0.3835186997999999,0.11914396626873881,0.20793361178343556,-0.12962371831,-0.14863426280403583,0.23892023107120602,-0.1293858491666666,0.17780919386728886,0.04219133076473287,-0.0845224201533333,-0.18968015852531794,-0.006893432782488805,-0.1542443168333333,0.22624739690501186,-0.15014976415437525,-0.0653786513482666,-0.1992018315479569,-0.19459374512716865,-0.2183297396,0.23113475291564106,-0.1882966394981702,-0.0566868551615666,-0.18253666522455353,-0.2329760417837595,-0.2655010706,0.20495717884445747,-0.20136717080936983,-0.0870959980036666,-0.14789393232998088,-0.21630250874899787,-0.2864553748666668,0.2226730236608717,-0.18048304410690022,-0.0759827571156666,-0.18234124675758304,-0.20003304428816096,-0.237735,0.08140949512018034,-0.17580837338519548,0.0443104895433333,-0.07976309683055552,-0.1829196614899273,-0.0427626749599999,0.10477566012208757,-0.5229119499562812,0.0641914616483333,-0.03261509431466642,-0.4549061804148813,-0.0242489424205666,0.09294303327394209,-0.7869299638182738,0.2729548288333333,-0.06273319907874858,-0.7870310151382379,0.1722760409,0.0746833037431779,-0.8158556821439474,0.2980876376333333,-0.06464386010415636,-0.8153225966761432,0.1522146015666666,0.10061620643322146,-0.8535231177387543,0.2497016608,-0.05214103301108618,-0.8435929586282482,0.0630114807466666,onweer_g_ch1_g19_compr.mp4,ch1g19,2.5528209946200023e-05,0.00010865349500160647,2.9759825447537824e-05,3.6528617061249286e-05,8.594621137746808e-05,0.0001267668837883234,3.096687835288871e-05,6.211055474597305e-05,4.0477160848948695e-05,2.1877417777223912e-05,6.854904591136467e-05,5.9444469521262244e-05,3.35458234759924e-05,3.176583128212357e-05,7.26658502852435e-05,6.51924979567583e-05,5.172509496349749e-05,7.345836234086922e-05,5.197318388132972e-05,3.3171303482983676e-05,0.0001659900102842649,3.453334623882776e-05,3.387448702585714e-05,3.3149431763292786e-05,8.277676293739488e-05,4.77223762821281e-06,3.333149330733465e-05,6.81147754090496e-05,1.795928817102106e-05,7.157580603376552e-05,5.00115579891538e-06,3.3840851063336674e-05,0.00014196363485268482,0.00015185476702156636,9.774049480719944e-05,0.0005645991016139589,0.0005033370875079873,0.0005185500474920838,0.0004876219164497204,0.0005562038377803953,0.0005427777014409094,0.0005420053062624283,0.00038842477474534904,0.000456001475654342,0.0005234229593226037,0.0005125287855573084,0.0005591703100655079,6.831578003113109e-05,0.0005837702726413296,-0.0004104673099333778,0.00010240749827267839,-0.0012836969473693871,-0.00022610496394067357,-0.001468856289044309,-0.00035394265710394097,-0.001940438368922736,-2.4281976806517962e-05,-0.0015152956805159232,-3.350518999868006e-05,1.2485957580551416e-05,-5.414773789012819e-05,-9.967869254474413e-05,-0.00018939295268835375,-0.000770298443666913,-0.0002791718827851804,-0.0008754316263781992,-0.0006953603169383689,-0.0009805216626159333,-5.361311516490652e-06,2.5971581305425e-06,-4.285988262331505e-06,4.032428348696311e-06,-1.0904082123958919e-06,2.0333949154592966e-06,-4.256739420596067e-06,-2.052184506883568e-06,-3.1306998045368225e-06,2.2320963903122507e-06,-1.912443463227871e-07,-3.846628526612489e-07,-4.443025042076635e-06,-4.334289247411675e-06,-2.4520089672319375e-06,-5.38828824965671e-07,-3.740176616406298e-06,1.6399234447764746e-06,-2.409785900543789e-07,-4.1575261831173465e-06,1.3189443089356444e-08,-4.3379766379064045e-06,-4.294383139521101e-06,-4.710244760348629e-06,-3.597693594979441e-07,-5.1113740495964e-08,-4.664500005928284e-06,-8.499500302353852e-07,-5.449399195177713e-07,1.7649825410248392e-06,-2.935955356124441e-08,-5.4371948838123685e-06,6.182839628529921e-07,-3.775833266994456e-07,-2.1533678582842622e-06,-6.749724965672331e-08,2.4121441470836174e-08,3.6191224368503374e-07,-2.3629689117111173e-06,-1.6014476147055535e-07,1.474850875960578e-06,-1.4662187538045299e-06,-8.751956756269262e-07,4.286918484551105e-06,-3.3486017644131483e-07,-2.1264244371341675e-07,-1.835353432027033e-07,-3.739947148016519e-07,-8.551544962922417e-07,2.031794908889747e-06,4.935177496798518e-06,-2.655958917422741e-07,-1.3965240489295947e-07,-2.630371950018482e-06,-2.1262490770897774e-07,-1.5413875535396076e-07,-3.685342946882568e-07,1.9966433135348463e-07,2.997224514504128e-09,-4.343944995903422e-07,4.06672480469874e-06,6.9903581531345075e-09,5.1670132953116525e-06,-5.426104262491935e-08,-6.880097660844051e-07,-2.5086110054751482e-06,4.616892641255799e-06
6383.33333333336,-0.013762207525139162,0.3157012582859188,-0.4044318000666667,-0.0007046940585756769,0.33419532559180193,-0.3943827957,0.0006958901198488195,0.33339560476278696,-0.3820160455666666,-0.0002474164558732621,0.3336014274160442,-0.3862089991666667,-0.020855132588230702,0.3414809632082017,-0.4109467060333333,-0.019753620737065845,0.3401737735288132,-0.4247091453333333,-0.014900902643454332,0.3296958204313553,-0.4036158001333333,0.040436395016349894,0.33037684118665994,-0.2806972613999999,-0.08030052401372173,0.28913838708272843,-0.3025945830333332,0.012066967594026857,0.3099899569396857,-0.3489780775,-0.017219894812865864,0.2814861222609118,-0.3831083883666665,0.11876164621644728,0.2083226539971716,-0.1277037650433333,-0.14887510175279314,0.2386902258444757,-0.1290998628666666,0.17684180609026912,0.042435292287110744,-0.0808144740666666,-0.18947867161902843,-0.008030251328128861,-0.1536508632,0.22504639325132753,-0.15058945767308551,-0.0607617500117666,-0.20052390150933758,-0.19638193856992317,-0.2171233704,0.22975448164752837,-0.18913427081232131,-0.0514707473382333,-0.1844790246412704,-0.23481213437849077,-0.2641821598666666,0.20368032315798054,-0.202421288871777,-0.0820763891403333,-0.1499211983883205,-0.21859225162401047,-0.2853321998333334,0.22144170593750803,-0.1810783498129952,-0.0712792625436666,-0.1838897044069522,-0.2020101494903339,-0.249903888,0.08134041748371695,-0.1758294266314438,0.0445765802,-0.07968907996756049,-0.18292298141931343,-0.0430093778399999,0.10384221987492419,-0.5229863767776537,0.0635301309783333,-0.032718709871815535,-0.45561205204375943,-0.0270732102339,0.09114930966500881,-0.7870688300618907,0.2716802302,-0.06309983531679295,-0.7882061647821762,0.169508934,0.07275508104598509,-0.8160458246131589,0.2967082053666666,-0.06513907404288892,-0.8165794720190159,0.1494177112333333,0.10011830622250384,-0.8541547712399736,0.2478190038999999,-0.05265107898728977,-0.8451220122213666,0.05886499634,onweer_g_ch1_g19_compr.mp4,ch1g19,2.0519989401270214e-05,0.00010966163429771725,2.5887826392253966e-05,3.970671608823295e-05,8.560133195608168e-05,0.0001270443840035294,2.701614675034356e-05,5.9958790099201346e-05,3.665097218544572e-05,2.3772108050878336e-05,6.837290285968654e-05,5.7949850094046775e-05,2.937241426618387e-05,2.7754060961640374e-05,6.990796241825413e-05,6.372816264516041e-05,5.0112349072814054e-05,7.510925035254047e-05,5.0860242008971244e-05,2.933221882511062e-05,0.0001639724821335906,3.0445447864253175e-05,2.9926877356562683e-05,2.8617389363798355e-05,8.300318614878025e-05,4.763554939557072e-06,2.8793602170148255e-05,6.739493513251064e-05,1.758524486332209e-05,7.328932074354454e-05,4.996470684674116e-06,2.8431648515507923e-05,0.00014079996049356472,0.00015176131862350552,9.734625379571722e-05,0.0004948488809458147,0.00042947461456674786,0.00044334248469022193,0.0004109229169529142,0.0004830917901801563,0.0004688242816230309,0.0004727280017545416,0.0002988149414865813,0.00036861451034013866,0.00044974588190411157,0.0004420793172694633,0.0004831673530018283,-1.339622362327891e-05,0.0004444633783440345,-0.0004967479992991169,-2.169703245210599e-05,-0.0013327112534787869,-0.0003498027851006278,-0.0014788279674752304,-0.0004799634472283251,-0.0019216376079767207,-0.0001484368429593314,-0.001545205390596068,-2.8292188569916795e-05,3.068883087385702e-06,-6.343532170783736e-05,-0.0001986061642080996,-0.00019967516562036805,-0.0007969892479517802,-0.00029312262914619265,-0.0008952846265027407,-0.0006652947298536116,-0.0009725247890389459,-5.079865415453361e-06,-4.317778198795429e-07,-3.6850044176324686e-06,3.114920457519093e-06,-1.5103259003574283e-06,-1.1442015464267056e-06,-3.785680679398366e-06,-3.257142454327419e-07,-4.359248949051526e-06,7.422543157353218e-07,4.090893808258975e-06,-1.4769741246823068e-06,-4.0298504817743215e-06,-3.870927423860825e-06,-2.367293264111356e-06,-2.321266486834804e-06,-1.5692518612066897e-06,6.285972476714755e-06,-1.2345480463275902e-06,-3.693696413021603e-06,-3.0910945993875234e-06,-3.8917777046764195e-06,-3.816082124226978e-06,-4.464272436253538e-06,-8.859690455148411e-07,-4.1911986283376865e-08,-4.5005947780966685e-06,3.355501250581178e-06,-4.977642659460248e-07,6.588236206771627e-06,-7.590632868969514e-08,-5.59828479047193e-06,-2.464937090616455e-06,3.197567529679482e-08,-2.0630634273242423e-06,2.5505969818546985e-07,-1.7178791622699463e-07,-1.9558615337547807e-07,-2.1715901902959274e-06,1.7124217904675972e-07,1.1917704858507285e-06,-1.0307965236681493e-06,-1.040852400712159e-06,4.001039556996128e-06,-6.355233307198029e-07,1.26274845638526e-07,1.4841938078311658e-07,7.276056386183681e-08,-1.1741413883593737e-06,1.6924166134277668e-06,4.4093779491714564e-06,-5.291752233363609e-07,1.6001098851282996e-07,-2.135133928824221e-06,1.3665249747193727e-07,1.5851150265962945e-07,1.5867237913319716e-08,-3.977542388561499e-07,-2.07047043546338e-08,-4.782381963115541e-08,3.884794780733351e-06,1.3147781961557274e-07,4.592613594685274e-06,-7.419992986318585e-08,-2.72391592482665e-07,-2.132818844738685e-06,4.402574971694524e-06
6400.000000000027,-0.01384163508780955,0.3160025128214451,-0.4047046403333333,-0.0007910251907231523,0.3344375722869936,-0.3945874293666667,0.000617028249488427,0.33364705682021895,-0.3822227077999999,-0.0003103839368563264,0.3338211692054054,-0.3864072402333333,-0.02092208834614995,0.34176920787307263,-0.4113152683666667,-0.019860663558942948,0.34044693656413383,-0.4250028184,-0.014981221190507075,0.329988363655066,-0.4039145802,0.04031911811028473,0.33045485098839883,-0.2800856730333333,-0.08056802439765667,0.2892707927109194,-0.3026002017333332,0.011920620105241782,0.3102440276873267,-0.3489852638333334,-0.01739974571207548,0.28172968254597125,-0.3833033094333333,0.11837262489780849,0.20861872826364028,-0.12612682881,-0.14905379796777735,0.2384758841085806,-0.1287907199,0.17581553229904934,0.04258748488635759,-0.0773665604266666,-0.18910231684544598,-0.008781543781804811,-0.1531382031666666,0.2237490895255134,-0.1509759668293518,-0.0561682081350999,-0.20164171806498896,-0.19768179477421374,-0.2159840892333333,0.22825535749422837,-0.189910630500156,-0.0463040086595666,-0.18614668293198686,-0.23613089105489762,-0.2629775082666666,0.20221087756041084,-0.20329416019474372,-0.0769928462736666,-0.15173212332722733,-0.22026120769749638,-0.2841782976333334,0.22007586737897664,-0.18161707757332862,-0.066597126087,-0.18521900933147972,-0.20346803722927445,-0.239334464,0.08126425218453787,-0.17584549640786445,0.0448306195433333,-0.07961204532657477,-0.1829292570176573,-0.0432457462666666,0.10286211527312707,-0.5230034092260766,0.0651794643916666,-0.03278294888692406,-0.4558722068948963,-0.0269339400712333,0.0898186532221533,-0.7873526620023702,0.2724900228,-0.06333209850031617,-0.7889014113541569,0.1690422296333333,0.07143421969018604,-0.8164360986657667,0.2973862787333333,-0.06547989918760176,-0.8173547384382038,0.1488786920333333,0.09972200600670397,-0.8548160803151748,0.2480655297333333,-0.05307855701777646,-0.8457907241065147,0.0577530572966666,onweer_g_ch1_g19_compr.mp4,ch1g19,1.533642609422928e-05,0.00010768880275966404,2.2397915884095872e-05,4.262922806794084e-05,8.416960507640482e-05,0.0001239666054447936,2.334458215978292e-05,6.022760950821013e-05,3.113266319491936e-05,2.4110868478103897e-05,7.451129016112117e-05,5.581448284870841e-05,2.5438297831658783e-05,2.400981059764039e-05,6.679950865468048e-05,6.178873459729952e-05,4.998745625780901e-05,8.410293517541741e-05,4.9021471608257e-05,2.576591406869113e-05,0.00015802328231767233,2.6546902660303884e-05,2.623734621824888e-05,2.401594259713872e-05,8.190569838641272e-05,4.760682620620791e-06,2.4084339687907138e-05,7.269667083105044e-05,1.7075030327599825e-05,8.253727536022885e-05,4.914915980207541e-06,2.2447774985834818e-05,0.0001361703537698319,0.0001521877446836741,9.545495328585707e-05,0.00042457334167396465,0.00035633056278085574,0.00036851226771963475,0.00033626791342672316,0.00041035979950585275,0.00039550262047955537,0.0004041572330983884,0.00020798903153426175,0.0002807975008196068,0.00037531666985264286,0.0003692350521464109,0.000374620637026246,-0.00010078964570172077,0.00026453392285590656,-0.0005737229922274068,-0.00017077689821040883,-0.0013324777076534034,-0.0004811548231433947,-0.0014326996766166305,-0.0005971613757655208,-0.0018318102747787307,-0.0002861722559897247,-0.0015193953186266361,-2.3353289852384863e-05,-4.066991238591964e-06,-7.83744886009024e-05,-0.0002864150917131464,-0.0002827692615180173,-0.0008207350650374235,-0.0003826774452439627,-0.0009110270253272016,-0.0006722759951123794,-0.0009327065368789591,-4.468816975399781e-06,-2.3813043174274745e-06,-2.929677337196726e-06,2.4516609445747482e-06,-2.1087706286218698e-06,-3.0759425838010522e-06,-3.131103520528648e-06,7.425879824142766e-07,-5.0147064627227185e-06,-3.0350470120667254e-07,7.414175429524674e-06,-2.4217743306451262e-06,-3.4289093680660893e-06,-3.228403881733819e-06,-1.8692502276834872e-06,-3.5200320276970137e-06,6.227142389697694e-08,9.69797133851024e-06,-2.041643058684763e-06,-3.0980389562858407e-06,-4.54352278204426e-06,-3.2801949535387203e-06,-3.179649816035519e-06,-3.966361014115089e-06,-1.7484585655934086e-06,-6.864605734982054e-08,-4.075810106842459e-06,6.779227927649966e-06,-2.458130237334494e-07,1.0077141141771414e-05,-1.5117050297348712e-07,-5.39428330210022e-06,-4.1149383762491595e-06,4.1208277766474503e-07,-1.6587134317262708e-06,5.058511136978685e-07,-2.7716226996859795e-07,-7.965259636733222e-07,-1.6422439663708613e-06,4.4515430354019196e-07,6.489322203497824e-07,-4.59114583638935e-07,-1.0525816259525384e-06,3.101237421686646e-06,-8.483200001008192e-07,4.1229141292951546e-07,4.237613084677876e-07,4.836319775785626e-07,-1.3668856325811518e-06,1.0559284004242674e-06,3.1946215699692552e-06,-7.01947767750555e-07,4.009151455316719e-07,-1.2984803207310554e-06,4.4199723663780516e-07,4.131553903753072e-07,3.768285033049937e-07,-9.94751973151978e-07,-5.0043804478650674e-08,3.289529270874043e-07,3.099892209895753e-06,2.466021024465922e-07,3.3163287746736465e-06,-8.872673728853551e-08,1.7135768662863198e-07,-1.4329208328841553e-06,3.5596882974766506e-06
6416.666666666694,-0.01389989735620205,0.31634722332802295,-0.4047026207333333,-0.0008563019715547763,0.33471818924092583,-0.3945079019,0.0005570051501087994,0.333938538624442,-0.3821539597999999,-0.00035871589689999217,0.3340810650831074,-0.3863213092,-0.020968530095108313,0.3420901578242561,-0.4113657783333334,-0.019943505713507587,0.3407545256584802,-0.4249602924999999,-0.015044519011543606,0.33031437033411654,-0.4038873299666666,0.040204186637436606,0.3305672476887213,-0.2792282185,-0.08081314745304971,0.2894379140424867,-0.3022089160999999,0.011790488155189132,0.3105423943546268,-0.3487311503666667,-0.017555952219482533,0.28201225372030353,-0.3831831275999999,0.11798058153640681,0.20888075384054106,-0.1244802286433333,-0.1492117292296856,0.23827622616644464,-0.1283150455333333,0.17472276179032822,0.04266246289809946,-0.0738201562,-0.18873579188594272,-0.009334937883489134,-0.1525264534,0.22236421190320257,-0.15124966515361538,-0.0512971933260999,-0.20274861994797683,-0.19880247193956505,-0.214634347,0.22668152710837186,-0.19046776233855706,-0.0408454880428999,-0.18776813327301825,-0.23726118175492208,-0.2615565166333333,0.20060787759023482,-0.2039515775109215,-0.0715655899236666,-0.15350261773937288,-0.22170512263623518,-0.2827601998333334,0.21863395102913297,-0.18199401092157724,-0.0616346302036666,-0.18652454858402942,-0.20473072995158495,-0.239658028,0.08117907393523534,-0.17585905864313064,0.04507659152,-0.07952904030458875,-0.18293686401700976,-0.0434758979299999,0.10172656601174498,-0.5231917542024097,0.0678085907966666,-0.032842733541801526,-0.45597933474352603,-0.0260792172575666,0.08874040955385436,-0.7878681652320112,0.2741949108333333,-0.06348734592847717,-0.7893859933271754,0.1691721335,0.07045330089706195,-0.8170729656509587,0.2989238401333333,-0.06572562281553916,-0.8179155412953621,0.1489235569333333,0.09946925036389677,-0.8555302926894655,0.2492623462999999,-0.05348293366601349,-0.846097064354352,0.0574810433033333,onweer_g_ch1_g19_compr.mp4,ch1g19,1.050294843224875e-05,0.0001037689808754418,2.0033154165436123e-05,4.532194497310808e-05,8.166606098477115e-05,0.0001190239159352429,2.0689239638058123e-05,6.272117033764347e-05,2.472012402759944e-05,2.341699697353332e-05,8.657475056224171e-05,5.341470482002653e-05,2.2532830943194786e-05,2.1211597499324642e-05,6.425634611888712e-05,5.766719500653249e-05,5.1479225117354526e-05,9.93893844444753e-05,4.698933787831229e-05,2.3279194628312163e-05,0.00015089920743808846,2.3853823229026353e-05,2.3584671288988853e-05,2.018937505058533e-05,7.961506793458363e-05,4.689636024899001e-06,2.0214085167282362e-05,8.377830604829972e-05,1.6792962904742423e-05,9.834058016993047e-05,4.727967130012647e-06,1.6427343786082085e-05,0.00012995516579454437,0.00015482171252426463,9.244759010634383e-05,0.00035235703443763707,0.00028488122773096035,0.0002954652258033797,0.0002651704840106931,0.00033817245795429983,0.00032286937241233246,0.0003351189897262625,0.00012606195972607534,0.0001973205666359166,0.0003015901079338042,0.0002943026257886007,0.0002471607734619681,-0.00018596084619676364,6.817825376008602e-05,-0.0006348788949699231,-0.00031420676152636517,-0.0012850582298409487,-0.0005956827302682804,-0.0013409339702827715,-0.0006867315857528328,-0.0016901094480222365,-0.00040689801838928314,-0.0014415295068677342,-1.9503369614089138e-05,-8.199430074006765e-06,-9.691644418534669e-05,-0.00034102126705709665,-0.0004179347822968335,-0.0007970600063483843,-0.0005252933984681688,-0.0008768194325035196,-0.0007158522888155045,-0.0008591055843462882,-3.677020208165547e-06,-3.4989032805731356e-06,-2.0282154818268164e-06,2.0564088412942026e-06,-3.093476654781856e-06,-4.071913787795644e-06,-2.287398781374054e-06,8.079030366451254e-07,-5.07937912438264e-06,-1.0670934728501631e-06,9.510826634265306e-06,-3.208259688890262e-06,-2.6076344767293347e-06,-2.4088442373478336e-06,-1.0826675998854172e-06,-4.516366826710889e-06,8.779149627169648e-07,1.1650652300328703e-05,-2.675478720355451e-06,-2.32585509169343e-06,-4.919662950570007e-06,-2.4234439322568963e-06,-2.373714641050651e-06,-3.201277209022206e-06,-3.035672305800354e-06,-1.3543583641142223e-07,-3.3378140697964555e-06,9.052329662029876e-06,1.45667646894381e-07,1.1929504608182391e-05,-2.4821814278299203e-07,-4.863496167201771e-06,-4.733156970570359e-06,7.103401587325645e-07,-1.0547777725393155e-06,6.231618716955582e-07,-3.047191214520069e-07,-1.2328537175595163e-06,-9.224322939042436e-07,5.966192511843001e-07,-6.042510316606898e-08,1.5479473407766587e-07,-8.89082475949869e-07,1.7675174177490784e-06,-8.746970344332997e-07,5.758065966169591e-07,5.813752164090129e-07,7.796532283329398e-07,-1.298318309733216e-06,2.6855842193278466e-07,1.5321615001131177e-06,-6.989361027254686e-07,5.205094629249788e-07,-3.708758583595791e-07,6.256097039815267e-07,5.457964125373414e-07,6.416918101071388e-07,-1.4048343820944517e-06,-7.790105239068716e-08,6.119588368226804e-07,1.8666568000040955e-06,3.2535669533469435e-07,1.59952405099907e-06,-9.478575304034843e-08,5.732098179536633e-07,-6.008751117848247e-07,2.301668233667265e-06
6433.333333333361,-0.013650802051355668,0.31672684891322084,-0.4042056113666666,-0.0006084904054571657,0.33501839596307426,-0.3939764073,0.0008097272707200722,0.33425302961808706,-0.3816656408,-7.838387434482706e-05,0.3343616155786251,-0.3857894172333332,-0.020697176720987736,0.3424518479555364,-0.4110458444333333,-0.01971289460613501,0.3410916842024197,-0.4245270889333333,-0.01478671453584303,0.3306669266495701,-0.403512378,0.040275481858277944,0.33074341596853596,-0.2779631486666667,-0.08086793744221486,0.2896592800183318,-0.3017390317999999,0.011917159591297629,0.3108727946351961,-0.3479798775,-0.017452263026410054,0.28232586897784195,-0.3825982023999999,0.11779679111958492,0.20915274383482177,-0.1224642353766666,-0.1493500059800189,0.23808594998004448,-0.1278133959333333,0.17375368642692615,0.04272348630066532,-0.0700215693166666,-0.1883510273645335,-0.009926353830315825,-0.1518770632999999,0.22081689448013778,-0.15149213056416416,-0.0462854451790999,-0.2038505064073595,-0.20000470024432201,-0.2131059974999999,0.22484957143989925,-0.19095377676459033,-0.0351429292095666,-0.1893961447889174,-0.23851112345281214,-0.2596873313666666,0.19883273489077533,-0.20452150985910722,-0.065953522597,-0.15533560801529323,-0.2232908466857999,-0.2809904743666667,0.21705030826559854,-0.18229612479070167,-0.0564993033169999,-0.1878381333922941,-0.2060549749424915,-0.238786459,0.08111150535927286,-0.17588310819544192,0.04536684056,-0.07945351199716515,-0.18294063902560637,-0.0437549427866666,0.10056812318429025,-0.5233745986515875,0.06751742335,-0.033070315694736084,-0.4565283655144276,-0.0270842835709,0.08701496242734036,-0.7884219860967621,0.2730541723,-0.06414480589237721,-0.790385233664734,0.1691335941333333,0.06868954889259525,-0.8177322302080687,0.2976625214333333,-0.06649345564238587,-0.8190056599275434,0.1488810116333333,0.09877921961979838,-0.856272560776463,0.2470991546999999,-0.05417076508536197,-0.8475605898363504,0.0566080364066666,onweer_g_ch1_g19_compr.mp4,ch1g19,6.644140571541874e-06,9.778596127280245e-05,1.737688946798421e-05,4.700679640072775e-05,7.832362860886994e-05,0.00011207685208987628,1.7734093990180944e-05,6.527927048325837e-05,1.886283380459251e-05,2.1136292687843223e-05,0.00010144627606281306,4.94337130994129e-05,1.9240260542933865e-05,1.8159993954023756e-05,6.348924029438097e-05,5.145453191449094e-05,5.370005928739945e-05,0.00011706322265803781,4.360646330319439e-05,2.0252606507386935e-05,0.0001422405631845171,2.053770174269655e-05,2.0485241734673533e-05,1.6217011970582746e-05,7.610437610874757e-05,4.549652151060592e-06,1.6061119590378945e-05,9.784557155659012e-05,1.7024711284087102e-05,0.00011654041042431696,4.41174312160065e-06,1.1496445069971496e-05,0.00012207937585823305,0.0001592996316263755,8.771202713832662e-05,0.0002896770523133481,0.00022453517780336415,0.0002335720754159021,0.00020686588331098526,0.00027633014906179896,0.00026141062767885264,0.00027590178470884635,6.230588352529868e-05,0.00012773075871153443,0.00023831877432811192,0.00022843366067456941,0.0001157439023846025,-0.000258262569961742,-0.00013480436929432736,-0.0006748682550231487,-0.00045758622903944486,-0.0012011881428588152,-0.0007010637007930368,-0.0012228136708425914,-0.0007604386245961302,-0.0015222175184168775,-0.0005220718884348556,-0.0013274389245435927,-1.6851001442472354e-05,-9.51750937138406e-06,-0.00012512355939048805,-0.0003587127947569003,-0.0005805238728072588,-0.0007356381396764789,-0.000695941357345108,-0.0008068311160504374,-0.0007770442097350197,-0.0007599455536256294,-2.9086292723872472e-06,-3.943044094893739e-06,-1.3882296756908056e-06,1.844771341566621e-06,-5.3812897300373155e-06,-4.319807184479501e-06,-1.6278884587200862e-06,6.890159309499068e-08,-4.495955676668111e-06,-2.1134441022508684e-06,1.0193547907700754e-05,-4.688662733743264e-06,-1.939054288392084e-06,-1.7770396383826834e-06,-1.0421158866388827e-08,-6.6963661867456074e-06,5.003848761503952e-07,1.1844289855458582e-05,-3.936338038809338e-06,-1.758201831834978e-06,-4.598958890894496e-06,-1.7230893643531988e-06,-1.7991584461821865e-06,-2.4237000895909812e-06,-5.455114101813354e-06,-2.278300645169916e-07,-2.5437820801537745e-06,9.92703723590839e-06,5.810440524762322e-07,1.2076379514462395e-05,-3.3902201070722906e-07,-4.080974007909226e-06,-4.608162907307374e-06,8.868484999636919e-07,-3.4728351484574865e-07,6.427602579443238e-07,-2.588880416342505e-07,-1.4597124308115814e-06,-1.3069387659501607e-07,6.526757588624412e-07,-7.524033549302734e-07,6.740214044307005e-07,-5.828105560333336e-07,2.8097695439006395e-07,-7.090731911197975e-07,6.474871977003354e-07,6.453843085678463e-07,8.499692012623646e-07,-1.0075959534226914e-06,-4.9431862365241e-07,-2.1098528249314427e-07,-5.231752423378734e-07,5.608009518215453e-07,5.012434545613875e-07,7.200801737925207e-07,5.930295556071985e-07,8.134703230973742e-07,-1.5761757863050404e-06,-9.828140243978916e-08,8.069235647411269e-07,4.4125089043508637e-07,3.4486773278437747e-07,-1.8019284103616466e-07,-8.857319514984499e-08,8.667980350458192e-07,2.3119642550796725e-07,1.0510846061041773e-06
6450.000000000028,-0.013468179407493798,0.31709966626975433,-0.4037084122666666,-0.0004027690797009936,0.33531923988564327,-0.3934167336,0.0010151182941539204,0.33456518479140307,-0.3811206010333333,0.00015103453944850733,0.3346468786760513,-0.3852229873333332,-0.020475120483751993,0.34281426046834507,-0.4106321584,-0.019525549927557256,0.34143361757621155,-0.4240327745666666,-0.014579046296682403,0.3310196311744343,-0.4030583714,0.040345647065972434,0.3309050426613065,-0.2769230933,-0.08092452659643819,0.2898952602995896,-0.3011841165333332,0.012004452433015211,0.311195214932353,-0.3473175437333334,-0.017383424991825627,0.28264047753856625,-0.3820499101999999,0.11760538233887874,0.20927235000112723,-0.1211290364433333,-0.14949986401664445,0.23788721465220863,-0.1273243905,0.17267221479196557,0.04261762261971018,-0.0674771587833333,-0.18797057632295006,-0.010428108371821121,-0.1513817884333333,0.21912562978896463,-0.15183589431988917,-0.0422090029860999,-0.20496688074395358,-0.2011263792303982,-0.2116795883,0.22295446964422252,-0.1914695023800937,-0.0306166356762333,-0.19102725926963174,-0.2396989200501521,-0.2580165793999999,0.19694627397528675,-0.20507589012076954,-0.0614628522836666,-0.15719122502317873,-0.2247966208681533,-0.2793889840000001,0.21533143208977074,-0.18266631492976848,-0.052355673317,-0.18916714701458365,-0.2073089660773532,-0.231381327,0.08104682448003098,-0.1759055644705777,0.0456019725633333,-0.07938244156297855,-0.18294448742201488,-0.0439856901233333,0.09939678656687764,-0.5235494064633409,0.0684928713666666,-0.033247892747160175,-0.45686165917998595,-0.0264882743775666,0.08593639014290483,-0.7891240779426137,0.2724972215333333,-0.06436790307419209,-0.7910681368367667,0.1693138390999999,0.0676604594084168,-0.8185440575020647,0.2968772918333333,-0.06676541709527861,-0.8197534089900593,0.1489559520666666,0.09822418332354364,-0.8570259816430459,0.2455359607999999,-0.05455739850885899,-0.8482084170861075,0.0561694915066666,onweer_g_ch1_g19_compr.mp4,ch1g19,3.956348945421976e-06,9.213732126347211e-05,1.6355378377577217e-05,4.864445113676412e-05,7.298357229719878e-05,0.00010599920231433572,1.6440632236650723e-05,6.651656065487971e-05,1.4214869607249394e-05,1.7973574497759232e-05,0.00011560605043084345,4.410317894676036e-05,1.7682624997596863e-05,1.667113764074494e-05,6.400097160022394e-05,4.3505522083919714e-05,5.474012660457655e-05,0.0001331475550379592,3.897401609310151e-05,1.890930417332326e-05,0.00013596311057686858,1.895506211372226e-05,1.902104708928759e-05,1.3891845469338868e-05,7.044347216727068e-05,4.2955803637902885e-06,1.3482212330242677e-05,0.00011160257203633434,1.7579225086582506e-05,0.000133003071976247,4.002591149857385e-06,7.61131864268376e-06,0.00011575320081165088,0.00016555007413741367,8.05062525609432e-05,0.00024163824265319516,0.00018131774650806127,0.00018923810290066915,0.00016678221480327847,0.00022972552671703402,0.00021606418980925704,0.0002304564807079021,2.28857468105139e-05,7.564560006245152e-05,0.0001916776743112711,0.00017725558267012192,2.3494188249296085e-06,-0.0003123646793046662,-0.00030252126466983145,-0.0006913508619340065,-0.0005740054758774547,-0.0011129105598633453,-0.0007746601889198623,-0.001116772818156241,-0.0007993696315607768,-0.001383997028449972,-0.0006099433948629423,-0.0012201350970642896,-1.5291496019235407e-05,-8.985777582211388e-06,-0.00014228993029235767,-0.00033338586008852867,-0.0007059069005298757,-0.0006250482257051164,-0.0008261459734311936,-0.0006860277073781223,-0.0008183486117428269,-0.0006308623820266419,-2.1487223368390615e-06,-3.6598407795131735e-06,-9.897075083219978e-07,2.0052130919127996e-06,-7.228796535712041e-06,-3.7821137657529175e-06,-1.1827846904395765e-06,-1.3131400717557482e-06,-3.4431299857657122e-06,-2.607544299422376e-06,9.620462154463405e-06,-5.277132245590174e-06,-1.492492081277353e-06,-1.341496458693546e-06,9.402410291134472e-07,-7.549668522882956e-06,-6.016798776441797e-07,1.072081560315068e-05,-4.367663366697868e-06,-1.4299486318046207e-06,-3.435879469664986e-06,-1.2343927084808263e-06,-1.4430925389106716e-06,-1.751111770246456e-06,-7.389106152802442e-06,-3.391099095587846e-07,-1.8748158762877854e-06,9.5188820538628e-06,9.70853872142651e-07,1.0910380581861502e-05,-4.2876842528505046e-07,-3.233861002646988e-06,-3.7263960927426656e-06,9.215600527239663e-07,2.5769168309126964e-07,5.124191614969701e-07,-2.1120336775733464e-07,-1.3831612339471205e-06,4.950089988347409e-07,5.537189161151876e-07,-1.2711260506180215e-06,1.0059413021065899e-06,-1.9541424065150648e-07,-1.0339638306412408e-06,-3.7316903129289386e-07,5.639196013630284e-07,5.60029450855598e-07,6.912162742440363e-07,-5.185468636919538e-07,-1.03997007763901e-06,-1.6614719091241057e-06,-1.9934685727963374e-07,4.597959026875837e-07,1.0274510129132608e-06,6.46219960422587e-07,4.954825828882403e-07,8.220032016048886e-07,-1.4357521771433785e-06,-1.0460211831391683e-07,8.382865677093472e-07,-8.682779743614762e-07,3.0320073433082585e-07,-1.6354793768045877e-06,-7.022250109258194e-08,1.0272926052371818e-06,8.10770448904346e-07,1.1587486546389285e-06
6466.666666666695,-0.013336706097960635,0.3173839428956341,-0.4035274873333334,-0.00023002589564026984,0.3355385523393541,-0.3931398739999999,0.0011864238037695997,0.3347908692779046,-0.3808317430333332,0.0003393052149881876,0.33485200055748415,-0.3849303851666666,-0.020293141037289415,0.34308791249467574,-0.4104177922666666,-0.01937391057674662,0.3416962122086468,-0.4237787385666666,-0.014412224622533519,0.3312905128710338,-0.4028204098,0.04041302482481988,0.33096948717154967,-0.2762699108333333,-0.080988273439108,0.2900722821341218,-0.3007608510666666,0.012070290366117984,0.3114301985374819,-0.3470339259333334,-0.017338333732161836,0.2828868013217177,-0.3818211783666666,0.11740953699450461,0.20924470404384987,-0.1203333804766666,-0.1496754981423114,0.23765874622986619,-0.1268775315,0.171589793301901,0.04228685308761419,-0.0655562805066666,-0.1875995184993921,-0.010976548791911303,-0.1509234048666666,0.21737850024024216,-0.1523683113989819,-0.0388749374561,-0.20609205497499852,-0.20223117335060917,-0.2105487898333333,0.2209756852422905,-0.19211697839412856,-0.0269806452292333,-0.19265296560753328,-0.2408710356059185,-0.2567573726666666,0.1950037791263255,-0.20570446768388137,-0.057842935807,-0.15903546220666698,-0.22627436130766568,-0.2782062182333334,0.2135645061943537,-0.1832054351123192,-0.0489822055136666,-0.1904967100836024,-0.2085516196096345,-0.212679714,0.08098419904378601,-0.17592201084353762,0.04577598075,-0.07931450412137701,-0.1829535522768747,-0.0441542982533333,0.09834466848456176,-0.5237073334661939,0.0696414467666666,-0.03340376204314237,-0.4570911098148195,-0.0252632083775666,0.08532505859011578,-0.7898231711847994,0.2728208290333332,-0.06428089145875912,-0.791585079941555,0.1698724582999999,0.06712893109985511,-0.8193486540633846,0.2970593253999999,-0.06668016524435384,-0.8203263255440172,0.1493995164333333,0.09785530204879382,-0.857618300566783,0.2452907288999999,-0.05478060669766443,-0.8485027952766674,0.0563546352033333,onweer_g_ch1_g19_compr.mp4,ch1g19,2.9815268775718884e-06,8.89192613367111e-05,1.673853223565097e-05,5.0115672535056945e-05,6.561598352839885e-05,0.00010337909268806183,1.6595888840798682e-05,6.45369619346044e-05,1.1834101377786557e-05,1.4681900059033904e-05,0.00012406074719894294,3.799793902500505e-05,1.750545502244313e-05,1.6643054815397562e-05,6.605343922386504e-05,3.552583313785136e-05,5.3861990509143854e-05,0.00014166319578043097,3.391237210445232e-05,1.8772862368691555e-05,0.00013596394639113068,1.970336537387322e-05,1.8918071086531238e-05,1.3944170880471135e-05,6.274639967726902e-05,3.969913623292454e-06,1.3689632193255549e-05,0.00012032124238287503,1.8828410181861245e-05,0.00014192313032795176,3.6002918723626595e-06,5.129722869799131e-06,0.00011389263353631309,0.00017105108556266687,7.132432722578196e-05,0.0002087028296289883,0.00015663533772585221,0.000164536716681775,0.00014594220492965417,0.00019965963220003926,0.00018766349303259673,0.00019809725867932882,1.684421372191371e-05,4.683647667205413e-05,0.00016414774695520286,0.00014246214150334118,-7.152212630603865e-05,-0.0003389655895540109,-0.0003938980043848978,-0.0006817239812770339,-0.0006293566828398441,-0.0010695996168255605,-0.0008022156097384505,-0.0010929054649558977,-0.0008000428660116554,-0.0013678927559071929,-0.0006430868965397751,-0.0011796602669483084,-1.4778435267070396e-05,-8.116395707484278e-06,-0.00013402349995999453,-0.0002653384852531989,-0.0007351144194273093,-0.00047204549795132366,-0.0008521592852338538,-0.0005262757150273184,-0.0008194540304018694,-0.0004929738973268432,-1.382686080385438e-06,-3.087800734092318e-06,-6.597636041588238e-07,2.1857017323638396e-06,-8.413802745526958e-06,-2.9828851969101567e-06,-7.859266346483289e-07,-2.8652805439761603e-06,-2.201553975983026e-06,-2.578158118168619e-06,8.078489133989395e-06,-5.215565569435916e-06,-1.0803636757498928e-06,-9.373303038131228e-07,1.5219138323054479e-06,-7.424889125910673e-06,-1.931125320311233e-06,8.57341918297617e-06,-4.178190640324628e-06,-1.1255150326891898e-06,-2.2367743316069805e-06,-7.209656777671344e-07,-1.11551751171881e-06,-1.0392506721696625e-06,-8.568897696531624e-06,-4.5231745295344907e-07,-1.160053123373682e-06,8.074843975447291e-06,1.2271419142198678e-06,8.827476499056668e-06,-4.968354621934308e-07,-2.304619783688206e-06,-2.691598893074143e-06,8.164885776954187e-07,5.812299842455286e-07,2.8257414722199863e-07,-2.2534524406429705e-07,-1.016016338497874e-06,7.537942746817346e-07,3.436809297661934e-07,-1.4729406484619474e-06,1.0813665748754907e-06,1.9319653061456824e-07,-1.877285942276041e-06,5.428558042858445e-08,3.664550896242533e-07,3.6461314687749195e-07,3.203717821817459e-07,4.028098540962361e-08,-1.3190797659872232e-06,-2.485906337593988e-06,1.858951664262704e-07,2.6643121980648306e-07,9.711840396007352e-07,4.1857695416161155e-07,2.9340971958299543e-07,6.60790847965758e-07,-1.0128999861619402e-06,-9.5064455473187e-08,6.778773691194244e-07,-1.7663587714014167e-06,1.8280719714252312e-07,-2.440416636449826e-06,-4.376808875045902e-08,1.034593943524423e-06,9.336860113182997e-07,1.9003342236915814e-06
6483.333333333362,-0.01294018517162219,0.3175480689964783,-0.4033410152,0.00013737292855775537,0.3356688009989581,-0.3928664554333332,0.001547275249580902,0.33492823450463244,-0.3805485613666666,0.0007264149981088147,0.33497909897389955,-0.3846491058666666,-0.01991545088977151,0.3432544596255409,-0.4102577597333333,-0.01900980526664436,0.3418570432584194,-0.4235967953999999,-0.014033660182414337,0.3314508327769915,-0.4026430879666667,0.04050328890934587,0.33097309913636,-0.2757440617666666,-0.08094679850621318,0.2900575088716151,-0.3007292923666666,0.012323904215445852,0.3115516149452478,-0.3467583667,-0.017064012096571563,0.2829699582061832,-0.3816730846666666,0.11722930103095323,0.20908636216898435,-0.1198862656766666,-0.1497570726590717,0.23728060039486457,-0.1270894364333333,0.17050501681146607,0.04181030515085191,-0.0644677962533333,-0.1869741403303971,-0.011722295955474098,-0.1519040058333333,0.2155393151253858,-0.15308594431212308,-0.0368328365694333,-0.20705891714456573,-0.20337485118669998,-0.2107180486333333,0.21886069116110077,-0.1930527386316553,-0.0245430183469,-0.19419361792334514,-0.24211132223105422,-0.2566972003333333,0.19292258542319937,-0.20662725604838705,-0.0554816457803333,-0.1608391755929396,-0.22781737515249384,-0.2782970318666667,0.21169415639927988,-0.1839317386358561,-0.0468782579736666,-0.1917115921122297,-0.2098269292335661,-0.209378943,0.08093012165175553,-0.1759389564298122,0.04599167717,-0.07925305202344832,-0.18296162113391012,-0.04437570691,0.09742925736195021,-0.5237391280864289,0.0706808326866666,-0.03343193395088363,-0.45729046873696616,-0.0255362151735666,0.08493322052661746,-0.7906934389786511,0.2723190148999999,-0.06420913696882583,-0.792148187976711,0.1685340349999999,0.06680450421878446,-0.8203749074454398,0.2962615748666666,-0.06662183463670218,-0.820966071907909,0.1478505382333333,0.09798620048589475,-0.8590905475651791,0.243611522,-0.054810560414098486,-0.8494579424141696,0.0537022301266666,onweer_g_ch1_g19_compr.mp4,ch1g19,3.864756357650093e-06,9.067607269879009e-05,1.6908631859332798e-05,5.029589778602659e-05,5.6402816342077514e-05,0.00010675002427622878,1.676454303859401e-05,5.697653568917704e-05,1.3008603544757267e-05,1.1760547289848036e-05,0.00012240384807153285,3.1877265399461536e-05,1.718501610582597e-05,1.6738151085530983e-05,7.059745617071599e-05,2.868825041179516e-05,4.8872811483881104e-05,0.00013788462477611147,2.893362085352277e-05,1.8070772358820155e-05,0.0001437997461620131,1.979087813584584e-05,1.853261369025327e-05,1.4288391409792508e-05,5.313120670087894e-05,3.396418259160802e-06,1.3809487983259283e-05,0.00012017879261598226,2.0518033730432864e-05,0.000137424013122209,3.1041774496958093e-06,4.822410959661981e-06,0.00011903994730981886,0.00017372038022808416,6.049859123307691e-05,0.00020541199557123357,0.00016069710239749658,0.0001687289516615699,0.00015232202057039124,0.00019682299256270426,0.00018788512008739846,0.00019072400064833495,3.9945754580349524e-05,4.352223609863063e-05,0.0001642489865430886,0.00013765924700597393,-8.220042243357592e-05,-0.0003346674981953726,-0.0003831030255545643,-0.00064466505324919,-0.0006471098706144127,-0.001104888263066758,-0.000807547586208329,-0.0011868055648264163,-0.0008012126448124392,-0.001514261617105775,-0.0006616829614538964,-0.0012489720464732418,-1.4273709416156357e-05,-9.96429385385909e-06,-8.449352201544363e-05,-0.00016586258411945833,-0.0005940755130370462,-0.00028947160585288416,-0.0006998177082482111,-0.00033942589025908306,-0.0007350521674699145,-0.00036906327998368396,-7.074446753323001e-07,-2.309625712315178e-06,-6.846023204426452e-07,1.9162935950566533e-06,-9.211182484849775e-06,-2.0621188908315914e-06,-7.163437130700566e-07,-4.313461263684973e-06,-1.083302933269733e-06,-2.114801598350009e-06,5.785401011605742e-06,-4.86534244273528e-06,-9.735620150412597e-07,-8.371418277703119e-07,1.5961839878896168e-06,-7.4567457413717305e-06,-4.2661075975367995e-06,5.638743147600696e-06,-3.7038515862450125e-06,-1.104537580857567e-06,-1.2346765801611181e-06,-5.369659771098849e-07,-1.0693861815054434e-06,-5.282949041267511e-07,-9.215172471163145e-06,-5.432775927014294e-07,-6.328480527195725e-07,5.822002494057642e-06,1.2822965171357459e-06,6.033402696822156e-06,-5.274143337364887e-07,-1.2349103609470691e-06,-1.6916402784647227e-06,6.145399979118692e-07,5.243956339072449e-07,4.490877532758889e-08,-2.8423227630961447e-07,-3.9564540879242615e-07,5.602009914166707e-07,1.0777197122353272e-07,-1.2753519654615432e-06,8.859110085790982e-07,5.075301995443858e-07,-2.083945767195999e-06,4.6920941635004426e-07,1.4336271580295042e-07,1.4059247272232297e-07,-2.2155351724000877e-07,5.630425228965904e-07,-1.1903145547260573e-06,-2.528737896838577e-06,5.346375773228609e-07,7.194795620708398e-08,3.473114027940775e-07,1.651219818830382e-07,7.969481663844487e-08,4.3363343271539175e-07,-3.5636575621458666e-07,-6.395158398747817e-08,4.500319662262736e-07,-2.0851274805275083e-06,1.6135125045581135e-08,-2.4203432520815618e-06,-8.270150907515145e-09,8.982801884709891e-07,5.475825222308573e-07,2.1800507651909256e-06
6500.000000000029,-0.012695881704265203,0.3177283075326135,-0.4032542536666667,0.0003569116467297339,0.33581314313009414,-0.3926838404999999,0.0017597013901349784,0.33507982611972154,-0.3803454277666666,0.0009520488861748127,0.3351190198339491,-0.3844505677666666,-0.01968941004896334,0.34343102145350696,-0.4101368209333333,-0.01879890394138025,0.3420287613112877,-0.4234651228,-0.013811242642935782,0.3316229767639827,-0.4025120948333333,0.040543076487390826,0.33098466933195764,-0.2753474355999999,-0.08097001919632385,0.2900565309181793,-0.3006511039666666,0.012481368650582693,0.3116892800494928,-0.3466108799666667,-0.016895503973694118,0.2830707448930278,-0.3816065370666666,0.1170401804206074,0.20894524185603466,-0.1194678683766666,-0.1498651465039297,0.2369085207696094,-0.1272183826333333,0.1693763145390109,0.04136178228446492,-0.0631015298933333,-0.1864077580820984,-0.012425342315664972,-0.1525646140333333,0.2135699873985462,-0.15380486458906947,-0.0343250687427666,-0.20807069113893573,-0.20444749445176585,-0.2105449498,0.2166005857176373,-0.19394248798227373,-0.0216704154265666,-0.1957603832795064,-0.24324021395143816,-0.2563419487,0.19069431124499772,-0.20750254881170196,-0.0526658734436666,-0.16266655454909618,-0.22923242811075698,-0.2780591447666667,0.20969067222019583,-0.1846643815509547,-0.0443213906903333,-0.19296062293251864,-0.21103086518114017,-0.211501956,0.08087686355048482,-0.17595195083552304,0.0461672376833333,-0.07919390020703265,-0.1829715518953197,-0.04455133746,0.096577202060706,-0.5237716877073303,0.0719692471866666,-0.03344144644246912,-0.45743246392849457,-0.0246665821002333,0.0845668175847633,-0.7912193250993018,0.2734247441333333,-0.0641357717927566,-0.7923852893328164,0.1691562031666666,0.06650790497657535,-0.8210030631474005,0.2973027080666666,-0.06656493476009184,-0.8212423102098926,0.1484348067999999,0.09809587862258883,-0.8597321322688634,0.2444474666999999,-0.05491532877748684,-0.8495897687536595,0.0540618552466666,onweer_g_ch1_g19_compr.mp4,ch1g19,3.791080046862497e-06,8.75531104027968e-05,1.687466546378551e-05,5.186185402937946e-05,4.189571768293117e-05,0.00010328416329260441,1.6752581000508427e-05,5.166038190800572e-05,1.2221829636547689e-05,1.0566146711555844e-05,0.00012496631248409482,2.650607392757736e-05,1.703454710717323e-05,1.6620558346973728e-05,7.133284777382187e-05,1.9787074836660247e-05,4.36214017793685e-05,0.00014014328705359166,2.4823796276542268e-05,1.7667848260133154e-05,0.0001393671148632788,1.9797381619861332e-05,1.8159295096198962e-05,1.4562044131178713e-05,3.952063830215932e-05,2.7839818529084786e-06,1.3857341858156957e-05,0.000122845739866116,2.1893429814572878e-05,0.00013969206540495946,2.5547376958090583e-06,4.753317530210783e-06,0.0001159044798139555,0.0001747416665233157,4.6670137276307386e-05,0.0001962570088884379,0.00015804191896407418,0.00016655517541635175,0.0001523332033788361,0.00018620797824320278,0.00018100578982318782,0.00017892584840676232,4.773758277319579e-05,3.6243694818963526e-05,0.00016051278457734455,0.00012835799037843137,-0.0001242196522226038,-0.0003343784742304546,-0.00043844646208444877,-0.000630997128253849,-0.0006729855554817745,-0.0010496436947827223,-0.0008273869164203514,-0.0011322218745618837,-0.0008078512298476056,-0.0014279012694967909,-0.0006778394083988165,-0.001188051789199422,-1.508536792456255e-05,-7.787864520318652e-06,-5.4913851230756246e-05,-3.4272172033466e-05,-0.0005336727810292646,-8.970832496768417e-05,-0.0006360913364348007,-0.00013554622428922853,-0.0006790921101002097,-0.0001912485871626321,-1.3000547788733807e-07,-1.6789942094286662e-06,-7.566184610088715e-07,1.538417597998005e-06,-9.049579504882004e-06,-1.3958424304586925e-06,-7.200265985851935e-07,-5.5065771675584884e-06,-2.5073888695474427e-07,-1.3291670829992403e-06,3.232851596726291e-06,-3.916775670845225e-06,-9.452107004991979e-07,-7.993143032006135e-07,1.0979422966953795e-06,-6.2528878031551966e-06,-5.400171254834973e-06,2.593192452851699e-06,-2.7035579874073818e-06,-1.1299017095879052e-06,-8.148473348235972e-07,-4.605067611060779e-07,-1.0822257230654896e-06,-1.6186390671543405e-07,-8.970125016709647e-06,-6.103350672348837e-07,-2.3411149840443666e-07,3.2222513989944465e-06,1.1829822972675625e-06,3.2136677055685483e-06,-5.299927445795477e-07,-2.9665267864884124e-07,-1.0837906084163598e-06,4.39071053781535e-07,3.9323501774265755e-07,-1.4669025941986779e-07,-4.77304907632594e-07,4.581950440258711e-07,3.2606887578547774e-07,-9.427526534940421e-08,-9.496982372138578e-07,6.307217496428347e-07,6.611680625963118e-07,-2.1373913141927514e-06,7.551313509173249e-07,-6.017084753495953e-08,-4.9875217144030853e-08,-6.708184013153873e-07,1.0720646025206343e-06,-8.13732398594353e-07,-2.4288311729808857e-06,7.371009149407417e-07,-1.0048777819140048e-07,-1.5847759694218578e-07,-7.476158721065772e-08,-1.0217032583078723e-07,2.0213146293095656e-07,4.72332549482256e-07,-1.9955750041493186e-08,2.050909253268213e-07,-2.2065174721910426e-06,-1.5255438549757526e-07,-2.2865010261346953e-06,3.1855726186855365e-08,7.081584953588749e-07,1.6773110544689278e-07,2.3877123856647616e-06
6516.666666666696,-0.012571319729696422,0.31791561321367945,-0.4034144481,0.00046750810579656356,0.3359665935227246,-0.3927414771999999,0.0018622291191947385,0.33523879156031355,-0.3803771314999999,0.0010613054315532196,0.33526544392856256,-0.3844867656666667,-0.01958210532948117,0.34360767698069145,-0.4101984952333332,-0.01870574517699794,0.3422028176999003,-0.4235284378333332,-0.013709242777027316,0.33179730155883735,-0.4025696928,0.040561453293783536,0.3310012008697322,-0.2752209754,-0.08103310668576817,0.2900638293669771,-0.3006063289666666,0.012566265479227502,0.31183506354215823,-0.3467292587666666,-0.016809595593669215,0.28318381117974245,-0.3817546873666666,0.11686148123285975,0.20880470420472919,-0.1192747006433333,-0.1499729647768803,0.23655979108679132,-0.1272898009,0.16826572997374273,0.04091618052980345,-0.0620521431833333,-0.1858815836319732,-0.013092776369860018,-0.1529128899333333,0.21156451409767535,-0.15453510321137723,-0.0321256854761,-0.2090998749511864,-0.20545815473802517,-0.2102671216333333,0.21430550133830725,-0.19483500646780114,-0.0192099928269,-0.1973331880333743,-0.24429359887119892,-0.2559533274,0.1883973757487092,-0.20837963057108003,-0.0502359573936666,-0.16449376865980025,-0.23055605779253033,-0.2777376423,0.20763572910489914,-0.18541073964028246,-0.0420953291936666,-0.19421699693597916,-0.21217635207244465,-0.213983431,0.08082573535707807,-0.17596372581850905,0.046300916,-0.07913780024390932,-0.18298129867782778,-0.0446823240066666,0.09574323468184547,-0.5237717064586078,0.0730228670666666,-0.03349503933121904,-0.45749700896959544,-0.0235404075335666,0.08422714698135451,-0.791660953726973,0.2742120688333334,-0.0640125921703618,-0.7925559272149194,0.1699327716999999,0.06624450957598357,-0.8215342383859876,0.2980150689999999,-0.06645548000656518,-0.821451890807798,0.1491637159666666,0.09822595008833816,-0.8601015421238293,0.2448768799333333,-0.05502542541925344,-0.8495242985828432,0.0546179013766666,onweer_g_ch1_g19_compr.mp4,ch1g19,3.6755664773349167e-06,8.589045041224497e-05,1.6037355192362528e-05,5.4520230020625194e-05,3.2214510518621105e-05,0.0001014917533535122,1.6021809527262862e-05,4.5508148030286094e-05,1.2450087309283282e-05,1.0283319753696358e-05,0.00012682383432820185,2.345036869204499e-05,1.616131468905697e-05,1.579828704324387e-05,7.204105706585765e-05,1.3975280246631512e-05,3.746373048398693e-05,0.00014122740265148015,2.2953578100794142e-05,1.655702289988801e-05,0.00013694267751157172,1.9320606090381508e-05,1.7074672185255875e-05,1.4501962049343117e-05,2.983569501559913e-05,2.120013713581999e-06,1.3691620416855767e-05,0.00012446572401812316,2.3235202747866514e-05,0.00014129034158947459,1.9930619885701842e-06,4.834934125935864e-06,0.0001139827175748527,0.0001761569053771153,3.764353124632575e-05,0.00017158462656984415,0.00014338307922190263,0.00015272838548234383,0.00013955706244395976,0.00016400207344810373,0.0001606542713245751,0.00015378757627120275,4.961088118602083e-05,1.7336559710171953e-05,0.00014512267898468377,0.00010449850607507832,-0.00014683062317187551,-0.0003458712041760184,-0.00046453218347919866,-0.0006552967447782296,-0.0007002185608908085,-0.0010324662982697616,-0.0008610010851499769,-0.0011116107328806772,-0.0008376619022122326,-0.0013931061282032571,-0.0007023719517140941,-0.0011671315411475429,-1.4997711514352172e-05,-6.578502388362126e-06,-3.0051382864071444e-05,6.486320010003675e-05,-0.0004682648402289421,8.529548726685439e-05,-0.0005629813768984791,4.253897124178286e-05,-0.0005999600712284326,-4.8244914948521956e-05,2.9373020258529883e-07,-1.3852459518561485e-06,-8.647999910755595e-07,1.003085098002709e-06,-8.115898923606348e-06,-1.2139629724029027e-06,-7.939248541888792e-07,-6.323465773653291e-06,1.9570149266004275e-07,-4.0785301969906887e-07,8.500477407248005e-07,-2.7643952170732794e-06,-9.915121531197373e-07,-8.237378085858942e-07,1.0119482823783677e-07,-4.700075901542381e-06,-5.625143572939205e-06,-2.9735235115875497e-08,-1.5771843193568803e-06,-1.1906544579322652e-06,-1.245396226299428e-06,-5.017751866963262e-07,-1.1444449121895762e-06,3.343719562299847e-08,-8.011950633322629e-06,-6.305124076471405e-07,-1.2814481242069722e-08,7.364507364642642e-07,9.78964954004578e-07,7.851401754143156e-07,-4.940301812275562e-07,3.617637559051699e-07,-1.128475273235433e-06,2.917256878233227e-07,5.980992992249838e-08,-2.3223245607078898e-07,-7.81896975753621e-07,1.134376178618873e-06,-1.2200349197015828e-07,-2.0009886069910975e-07,-4.908505001586575e-07,2.9504120960030127e-07,6.700403059921432e-07,-2.0095345241928947e-06,8.87662924561287e-07,-1.7021641496846254e-07,-1.4865325069332517e-07,-1.0613656435184603e-06,1.3525741690226657e-06,-2.835662835057117e-07,-2.1298911869920316e-06,7.777255112934684e-07,-1.7793677946052065e-07,-8.427072191215204e-07,-2.331435807496424e-07,-1.890034950274325e-07,2.2165464829327943e-08,1.1305714681747483e-06,3.258094690936931e-08,1.1460749426980496e-09,-2.111456371617295e-06,-3.060175010603008e-07,-1.9987259966199535e-06,7.256446508691755e-08,5.061729958489689e-07,-3.8486458595935616e-07,2.489916694770052e-06
6533.333333333363,-0.01226740653458444,0.31799757744829976,-0.4029883732333333,0.0006919524884006271,0.33603385606983616,-0.3921978907999999,0.0020723686475167037,0.335318368837356,-0.3798137861333332,0.0012790513969751435,0.33532953239320906,-0.3839249511666666,-0.01934811849766778,0.3436821515092013,-0.4097373728333333,-0.0184843191198876,0.3422740670372804,-0.4230612079333332,-0.013474450174811144,0.33185850044020193,-0.4021170521666666,0.040576836390136165,0.33101694013745225,-0.2745897801,-0.08108553143853794,0.29000786443591847,-0.3004387107666667,0.012784515578459428,0.31191239698303447,-0.3462670297333333,-0.016579631271021075,0.2832069822418533,-0.3814036477999999,0.11671304074707121,0.20867114345783203,-0.11906459081,-0.15011566276971597,0.23616946509657538,-0.1272801916666666,0.16719272556956452,0.040461414259815365,-0.0607945139866666,-0.18516063123107274,-0.013826560189853508,-0.1530908262,0.20948034051357628,-0.15526334588597585,-0.0298611974227666,-0.21005029931078176,-0.2064849442388243,-0.2096227323666666,0.21194779926906795,-0.19572621010861158,-0.0166048036752333,-0.19885520769647697,-0.2453740115220512,-0.2553381667333333,0.18595731203782245,-0.20924352675976168,-0.0475863784536666,-0.16631219608198375,-0.23191842670730353,-0.2771509041,0.2054711740540647,-0.18614892151608056,-0.0398170856936666,-0.19542035135956273,-0.2133333822501203,-0.215105563,0.08082158394717268,-0.17597585003145963,0.0464365924433333,-0.07912652308847276,-0.18298932637838192,-0.04481930169,0.0948949229759489,-0.5237685212854483,0.07366884867,-0.03354245749292132,-0.4573117545810912,-0.0237202592265666,0.08389130473135399,-0.7918728701737918,0.2751407966333333,-0.0642321380831932,-0.7920011658707035,0.1707857255666666,0.06597696659863633,-0.8218185098952838,0.2988314132333333,-0.066758970148848,-0.8209165096805564,0.1500045209333333,0.09802038992438031,-0.8605742267829293,0.2451498587666666,-0.05525395081289318,-0.8494092525213963,0.05542324991,onweer_g_ch1_g19_compr.mp4,ch1g19,1.9107445669104137e-06,8.725394035237424e-05,1.2715542462514569e-05,5.886079901449768e-05,2.855238239820205e-05,0.00010287707158115383,1.2912538478963333e-05,3.804618393283847e-05,1.2297606872061645e-05,1.1666556051811493e-05,0.00012907807010169132,2.3396224524579607e-05,1.2902668680710298e-05,1.261021561500296e-05,7.061689565636388e-05,1.2836339806556332e-05,3.079512052306644e-05,0.00014373200527548357,2.403783911925535e-05,1.3219501766116634e-05,0.00013736922000259782,1.646469957019199e-05,1.3614222912461102e-05,1.2392188449193077e-05,2.5796957003366986e-05,1.469504514461415e-06,1.1601998672207667e-05,0.00012585074767435623,2.418273113403485e-05,0.0001453179953911708,1.4559536874505166e-06,3.6588597113382714e-06,0.00011470681095600349,0.0001786141103327983,3.5260469369490355e-05,0.00010788281303471977,9.195886305532923e-05,0.00010206970797664694,8.846322145024136e-05,0.00010557574430546456,0.00010206991927875047,9.351549566105621e-05,1.541355112240401e-05,-3.952760182892364e-05,9.39101072051511e-05,4.384302533811393e-05,-0.0001706138936915888,-0.0003875689554693745,-0.0004915834705433162,-0.000750096614223133,-0.0007576713611352885,-0.0010846983280524646,-0.0009400932706269859,-0.0011550068796134087,-0.0009265613294337508,-0.0014293341243704141,-0.0007653627851512856,-0.0012154446949725864,-1.323815159167605e-05,-7.29549665904133e-06,3.4772462065272425e-06,9.607318934640611e-05,-0.00036307687824422896,0.00021757639811103335,-0.00044261555370108974,0.00017924268977041974,-0.0004986904649288282,3.057074689149709e-05,5.212385021244807e-07,-1.5686940995798023e-06,-1.1212329809074969e-06,-2.5857601819871748e-08,-6.485319752702696e-06,-1.6884265697113435e-06,-1.0419083495700837e-06,-6.6866843712994135e-06,2.2508040891470352e-07,2.859305237225751e-07,-1.1308194929044076e-06,-2.099912948016914e-06,-1.2081717094762401e-06,-1.0085471964521981e-06,-1.224571828597027e-06,-3.249976904443334e-06,-5.424764756539569e-06,-1.975725320297152e-06,-1.0315048213557718e-06,-1.3970116129469436e-06,-2.725709604783383e-06,-8.391911733077121e-07,-1.363799819362025e-06,-6.330546309045539e-08,-6.450590922584769e-06,-5.510429267877143e-07,-1.4906401809629621e-07,-1.3464263589261967e-06,5.777660499664429e-07,-1.0981366051647484e-06,-3.797472157182277e-07,7.247582749584305e-07,-1.9670523882420522e-06,2.174424177026862e-07,-4.27490090936047e-07,-1.707948271640576e-07,-1.1456019497169739e-06,1.486901927206e-06,-7.185737238657127e-07,-1.6427238359009497e-07,4.714707403609319e-08,-2.1211720049038653e-08,5.227289318827139e-07,-1.8069921524938057e-06,8.106149714067325e-07,-1.3915805648833175e-07,-1.1225483355813097e-07,-1.2813491414828246e-06,1.3356206513172511e-06,2.8925167424830036e-07,-1.8058089360163716e-06,6.114781334864081e-07,-1.2253243460275565e-07,-1.5903561146250247e-06,-2.524412928777645e-07,-1.3669015964954193e-07,-4.9888581372938786e-08,1.4665686426849096e-06,8.480395402431419e-08,-1.0099927885077681e-07,-1.8937973367052954e-06,-4.1449068182377367e-07,-1.7484256849496115e-06,1.0712156970758758e-07,3.4657330697642495e-07,-1.029171584391561e-06,2.5929665597409238e-06
6550.00000000003,-0.012023433515615425,0.3180908597367219,-0.4022597610666666,0.0008604845140687962,0.3361115694527539,-0.3913592077333332,0.002227504551026094,0.33540803547359777,-0.3789582776999999,0.0014410737547333402,0.3354034992366,-0.3830767363333333,-0.01917559808449952,0.3437671109459603,-0.4089489871333332,-0.018323398189754203,0.34235545201178386,-0.4222588082333333,-0.013300320404675244,0.3319303307241706,-0.4013366247333333,0.040575133379684866,0.33104228520437173,-0.2737383148333334,-0.08115367396937775,0.28995953233238186,-0.2999222931666667,0.01297913113745546,0.31199954574576766,-0.3455454310666667,-0.016377271824345743,0.28324094317772974,-0.3807342566333332,0.11656960713819291,0.20852110059535328,-0.1186942005766666,-0.150224255018792,0.2357858076151398,-0.1270239356666666,0.16611918701123862,0.039982058547935594,-0.0594852256066666,-0.1845034218254001,-0.014546350211644583,-0.1529369270333333,0.20758874577845968,-0.1559878708625704,-0.0272821839760999,-0.21101676067179434,-0.20752572867405045,-0.2085521023,0.20985644817619348,-0.19663509307975593,-0.0136473811712333,-0.20038568732995896,-0.24648976281886928,-0.2540862258333333,0.18381847047649053,-0.21013789476981828,-0.0445967377536666,-0.16813871888225476,-0.23330537196951692,-0.2759634117,0.20352725102091998,-0.18688269213014383,-0.0372031087336666,-0.1966429365044181,-0.21450124761705325,-0.230117306,0.08081500468418244,-0.17598986659702862,0.0465552901266666,-0.07911330876314991,-0.18299481668894935,-0.0449420143666666,0.0943614781753577,-0.523815661653836,0.07404924216,-0.033550652767295915,-0.4571325025165026,-0.0240069181875666,0.08359751417610037,-0.792220558846287,0.2752257486333333,-0.06424417745233038,-0.7915952428480668,0.1713679432666666,0.06573369935945494,-0.8222453141231996,0.2987805386666667,-0.06681650616540279,-0.820550684549597,0.1505381772333333,0.0978556057280182,-0.8610828964582475,0.2448391947666666,-0.0552978812827328,-0.8493650366376773,0.05609484599,onweer_g_ch1_g19_compr.mp4,ch1g19,2.093257194534696e-06,8.3201147115446e-05,1.1188252234570828e-05,5.7742110993457715e-05,2.104023749524391e-05,9.832567537288262e-05,1.1472414455066181e-05,3.2104185380697605e-05,1.2400297686314904e-05,1.0531397491572683e-05,0.00012840672131125968,2.0645150797463522e-05,1.1354433778808985e-05,1.1233255461698347e-05,6.856532067808466e-05,7.732422225148355e-06,2.4626095693175278e-05,0.0001424072169790522,2.2272173458492805e-05,1.1543263508923641e-05,0.00013063057452823295,1.5366642207333484e-05,1.189067550772835e-05,1.205757197157533e-05,1.886094025647306e-05,9.625913392011628e-07,1.1224338850310217e-05,0.00012450702127354322,2.439597474172136e-05,0.00014521279715295221,1.140882720887853e-06,4.391855258440163e-06,0.00010946968715953472,0.00017452731536755502,2.918535211237715e-05,8.026225005597708e-05,7.423110784738125e-05,8.595840740033521e-05,7.156269669882408e-05,8.083337764760866e-05,7.68732282483474e-05,6.514167541995376e-05,1.9398207219398663e-05,-5.831845564708108e-05,7.923361942973262e-05,1.952498463802932e-05,-0.00016903333566328638,-0.0003928750043960112,-0.00047091569998449097,-0.0007457459228891181,-0.00072639959349856,-0.0010335304252907115,-0.0009240399916197437,-0.0010944149555675313,-0.0009062807418878538,-0.001340613099714385,-0.0007355847483253555,-0.0011539156574075227,-1.2667648669008287e-05,-6.42348398918864e-06,3.557434630676341e-05,0.00019222848686185448,-0.0002858071013071022,0.0003783038925601292,-0.00035868549596056523,0.0003414753069218446,-0.0004106984198161859,0.00018023958059769143,5.994725527975427e-07,-2.3219489756789164e-06,-1.3202263211925195e-06,-1.2709512549701881e-06,-4.673922070034749e-06,-2.855967927732872e-06,-1.2570821896001718e-06,-6.160257577558351e-06,-1.4640792609649134e-07,7.755531661807853e-07,-2.2600039004975795e-06,-1.254959580737636e-06,-1.3951631882863976e-06,-1.1687039080913423e-06,-2.778314968924975e-06,-1.6663376376772675e-06,-4.65989326747783e-06,-2.847613400471089e-06,-4.5411829788243105e-07,-1.5470985546461384e-06,-5.052180539006489e-06,-1.200061852504556e-06,-1.5376973588181166e-06,-2.7441914316554333e-07,-4.712949673997239e-06,-4.2838205211770985e-07,-4.313095608656562e-07,-2.619211272162744e-06,8.497100131599009e-08,-1.9291133712385285e-06,-2.481157621020886e-07,8.479436168748361e-07,-3.548189039823821e-06,1.067181675268061e-07,-7.368854697223202e-07,-1.0009265396489558e-07,-1.2979502815549678e-06,1.75723866518001e-06,-1.0996422148379194e-06,-1.1279224171220879e-07,4.984704985023897e-07,-2.824010971599841e-07,3.7268629055749906e-07,-1.521154066587305e-06,7.195753494166137e-07,-9.122276020201427e-08,-7.103506762467762e-08,-1.3393439328149022e-06,1.2928100069713624e-06,7.766529940847698e-07,-1.4124813359066075e-06,4.453106562726676e-07,-5.583905758793135e-08,-1.998131733919853e-06,-2.5291716354625927e-07,-7.26718452473943e-08,-1.219670918238726e-07,1.6918114607391837e-06,1.264777175860329e-07,-1.9729213972319942e-07,-1.5680958299335954e-06,-4.5693244781380743e-07,-1.4533815679964204e-06,1.2594362101319736e-07,1.5638619822630826e-07,-1.415868202144134e-06,2.545671194616407e-06
6566.666666666697,-0.011847527101963266,0.3182038084849416,-0.4017705211666666,0.000973169395087455,0.33620857952942557,-0.3907668448333332,0.0023273657431343614,0.33551636531912726,-0.3783477016333332,0.0015454039561364537,0.3354958785195275,-0.3824735750666666,-0.019068079966333452,0.3438683173069739,-0.4083654904333332,-0.018227226283748822,0.34245296471415976,-0.4216675877999999,-0.013193283651237488,0.33201898050379275,-0.4007581984,0.04056757307329982,0.3310871706173144,-0.2730998060333334,-0.08123788631637031,0.2899245286711267,-0.2994473117,0.013138809844053951,0.3121064717037384,-0.3450669418666667,-0.016217429264168755,0.2832935943064393,-0.3802656488999999,0.11643005129919891,0.2083795475166415,-0.11836903191,-0.1503216408070342,0.23542016819614567,-0.1267678840666666,0.1651284616401838,0.03951455927447657,-0.0582603551233333,-0.18391433320937586,-0.015247904959169419,-0.1527807211333333,0.20580188638904773,-0.15671405108816897,-0.0247018809594333,-0.2119326946291849,-0.20855594624879803,-0.2077560609,0.20785279054779338,-0.19754313671113763,-0.0107353251815666,-0.20178824434834747,-0.247598139201124,-0.2531477323333333,0.18174556852534807,-0.21103528516707817,-0.0416606006236666,-0.1697560491445929,-0.2346669101455325,-0.2750580439666666,0.20167675425513698,-0.18761635756469064,-0.0345768396569999,-0.19776682778792673,-0.21565566597732058,-0.230251789,0.08080693527489895,-0.1760037195622757,0.0466625002566666,-0.07910014747021273,-0.18299965046126968,-0.04505332927,0.0939537591748085,-0.5238427232344133,0.0744175617366666,-0.03352403253633532,-0.4569421002449124,-0.0240290306742333,0.08343190812496999,-0.7925336766232888,0.2752089262333334,-0.06417411500506617,-0.7912781996226274,0.1719463447666666,0.06561815070088815,-0.8226265650668363,0.2986331552666666,-0.06677952637676739,-0.8202765128899249,0.1510673681333333,0.09774955547756978,-0.8614349501765812,0.2443898472666666,-0.05528305797489618,-0.8492006907238403,0.0566170571833333,onweer_g_ch1_g19_compr.mp4,ch1g19,2.94408750335468e-06,7.947464271732942e-05,9.974612721488238e-06,5.4843519227215304e-05,1.7656537088443037e-05,9.391529251495673e-05,1.0283193380400517e-05,2.7635741390533464e-05,1.2017201482395269e-05,1.1122427355333971e-05,0.00012648206162514406,2.0031299962619683e-05,1.0015717122503673e-05,1.019746622274625e-05,6.489377608189192e-05,6.738271659259488e-06,2.041181866765887e-05,0.00013991182663639215,2.236747832568025e-05,1.0133668265769969e-05,0.00012365130884885482,1.4377711785458822e-05,1.0470171005068461e-05,1.1968229466786245e-05,1.5628027295905194e-05,6.003985040616049e-07,1.1000109307336938e-05,0.00012208443487564074,2.3973315972357168e-05,0.00014417057720650454,9.792369208522002e-07,5.516029984676494e-06,0.00010414991145371564,0.00016864116297435921,2.7286247888109012e-05,6.379859286626216e-05,6.498388427416122e-05,7.847726389008626e-05,6.258671018437196e-05,6.536209127661952e-05,6.000354600020193e-05,4.604200023815711e-05,3.330102780640991e-05,-6.3067873577339e-05,7.53450394522459e-05,7.335965589800694e-06,-0.00014905167183019348,-0.00038473407509572697,-0.0004295914618320598,-0.0007284676135389654,-0.0006596630782736556,-0.0009758808823826732,-0.0008604490860066882,-0.0010262186403393492,-0.0008413634060550877,-0.0012426661853182622,-0.0006640066154513913,-0.0010820719805304814,-1.298088185749769e-05,-5.021157047952231e-06,4.769335781046214e-05,0.00024416763078343985,-0.00024016524986258996,0.00046248980999547175,-0.0003069004752092054,0.0004256293573331817,-0.00034730873189500175,0.00024308776018358246,5.574530773319681e-07,-3.4674523638936375e-06,-1.4013308150724396e-06,-2.6621440134907647e-06,-2.726705756459486e-06,-4.441967424639216e-06,-1.3743897794240338e-06,-5.07731184952786e-06,-7.21538456326942e-07,9.80644168610197e-07,-2.8611792154087776e-06,-5.289142616315854e-07,-1.4829766493062466e-06,-1.2511248877255402e-06,-4.218747657493633e-06,-5.39530940338074e-07,-3.361747115220805e-06,-3.1371918048019057e-06,-7.027347881750375e-08,-1.5773823381576394e-06,-7.661245013188142e-06,-1.4887473962121962e-06,-1.601358608105047e-06,-5.191359822322032e-07,-2.8654694983560397e-06,-2.7234234270431874e-07,-7.555743621815094e-07,-3.3162634440603933e-06,-4.1203157848122835e-07,-2.2749716754896554e-06,-1.078002547552006e-07,7.95552106834666e-07,-5.499881104528564e-06,-7.711608090002893e-09,-9.66761408788095e-07,7.955440573897064e-09,-1.2880245897381174e-06,1.7131883579509077e-06,-1.3641279067022862e-06,-1.5420229537740132e-08,8.034762685373994e-07,-4.261315593190866e-07,1.335489078962613e-07,-1.2491098419075626e-06,5.213852945623537e-07,8.338759068301506e-09,7.032391386944742e-09,-1.1990779603292967e-06,1.020014806067368e-06,1.056827347981285e-06,-1.082655745322309e-06,1.9930536538429948e-07,5.3377708326635164e-08,-2.1890142609119455e-06,-1.8421498978952158e-07,3.333488434582709e-08,-1.471367451594547e-07,1.6243474155443296e-06,1.5165260890279688e-07,-2.314199625012081e-07,-1.2402495114266716e-06,-4.3694771782110647e-07,-1.2447922939878772e-06,1.2867683005094257e-07,-8.00715505079862e-09,-1.6423378161171863e-06,2.3600088497362784e-06
6583.333333333364,-0.01147506263818198,0.3182825952355695,-0.4008068461999999,0.0012380759422311615,0.33629317268742137,-0.3897055910666666,0.002580655153915893,0.3356158867520952,-0.3772719957333332,0.001810047884668357,0.3355768784354061,-0.3814109186333333,-0.018792079708386217,0.3439481433242847,-0.4073992812666665,-0.017963691283326984,0.3425250352488701,-0.4206803123333333,-0.012915689634755662,0.3320759268183989,-0.3998011514666667,0.040565900413620376,0.3311578048784945,-0.2720359098,-0.08130162804817365,0.2898908145889571,-0.2988803384333334,0.0134335171449723,0.3122063219700833,-0.3441045513666667,-0.015919896471319993,0.28332271318227387,-0.3793949313333333,0.1163202046868509,0.20827465072701196,-0.11800893491,-0.1504244615787134,0.23506509800898062,-0.1265053889333333,0.16421078089839958,0.03920379947060846,-0.0569560641833333,-0.1833115170289872,-0.01593411352977751,-0.1525859028666666,0.2039602580627814,-0.15722076015450423,-0.0220089536027666,-0.21283455815396032,-0.20956903240953934,-0.2065134406333333,0.2057790516208068,-0.1982753095099876,-0.0077348167295666,-0.20317352315080833,-0.24868850327209113,-0.2514553880666667,0.1795796458032177,-0.21177072389049198,-0.0386629728836666,-0.17137316728310545,-0.236003967494144,-0.2734248687666666,0.19975804297190286,-0.18813012555455058,-0.0318359624803333,-0.1988871050199737,-0.21678804343268845,-0.228299767,0.08081284070101694,-0.17601748062253844,0.0467665426466666,-0.07909792662722866,-0.18300417232667093,-0.0451627087599999,0.09355230936086678,-0.5237484987800541,0.0742930672033333,-0.03351509251038714,-0.4566585529751214,-0.0244315860872333,0.08328519247086026,-0.7927248089655747,0.2744179517333334,-0.06416422577287673,-0.790823624181188,0.1724484995,0.06551474832232398,-0.822874839640276,0.2977127542333333,-0.06680150843638519,-0.819858290458523,0.1515893006666666,0.09770574960653841,-0.861735892914952,0.2433722131999999,-0.055269635367472765,-0.8489726959427579,0.0574231347533333,onweer_g_ch1_g19_compr.mp4,ch1g19,4.201880933871455e-06,7.563791357081857e-05,9.385934773666432e-06,5.07669868148015e-05,1.9593979506333977e-05,8.904522029425669e-05,9.586237720056668e-06,2.366989337687463e-05,1.047692998671511e-05,1.3883288778053876e-05,0.00012379388539770014,2.2249614106989412e-05,9.175503568750014e-06,9.686096158004497e-06,5.956075338992412e-05,1.0989617992915057e-05,1.8959478476128086e-05,0.00013719526569823422,2.4871011875992014e-05,9.29103276693715e-06,0.00011575111410041236,1.3596699269239374e-05,9.71255988378069e-06,1.1901584945501589e-05,1.7058989389570067e-05,3.8220258757215856e-07,1.0689595233340726e-05,0.00011903166920432007,2.299263399084746e-05,0.00014219149909982886,9.141593572563084e-07,6.604402550926375e-06,9.814804577348503e-05,0.00016128980915588835,3.0159183522257362e-05,5.591750734317975e-05,6.122545737634025e-05,7.615750152361734e-05,5.875263184283048e-05,5.74327486602515e-05,4.971390030679214e-05,3.4587874782998934e-05,5.4290828260101174e-05,-5.678837511863994e-05,7.807135264677908e-05,4.630685763971967e-06,-0.00012059459140025217,-0.00036499057914014484,-0.0003751416118512378,-0.0007004388662300993,-0.000574021350042525,-0.0009135384747062353,-0.0007726180701562153,-0.0009595657732324895,-0.0007481219586397086,-0.0011444303747708017,-0.0005700874962227156,-0.001002836523146533,-1.4246845648720984e-05,-3.309782840228056e-06,6.342788919683658e-05,0.00023730689396059265,-0.00021611976120319265,0.00044451465452759257,-0.0002773600230671994,0.0004071071125927844,-0.00030615280046503005,0.0001857602153034129,4.867116005535101e-07,-4.834870742389724e-06,-1.4749019537906466e-06,-4.0577905180382326e-06,-9.256441284109125e-07,-6.251153638699949e-06,-1.4837137984971187e-06,-3.910485773171645e-06,-1.2389286257308555e-06,7.699771480113008e-07,-3.4059867374518092e-06,-2.651615077952605e-07,-1.5698594578362866e-06,-1.3400238566754885e-06,-5.2409063199268216e-06,9.732007711536671e-08,-1.9650402455706177e-06,-3.4403360283929654e-06,-1.6278136454332786e-07,-1.6173692498453909e-06,-1.0301907975246401e-05,-1.8373692909817194e-06,-1.6644605173701116e-06,-8.341072815804895e-07,-1.202202922014771e-06,-9.401667122265636e-08,-1.1754626794066106e-06,-3.841892909654532e-06,-8.229121613018806e-07,-2.7875261235053348e-06,2.613548876123937e-08,7.294197304989404e-07,-7.583128219943435e-06,-1.198151600661827e-07,-1.06195461663403e-06,1.0769144366458013e-07,-1.1050817237448927e-06,1.3576895441718144e-06,-1.4442462013083914e-06,8.487752090226806e-08,9.653167628199793e-07,-4.2099422639155595e-07,-1.684187576729011e-07,-1.0251869344979808e-06,2.343067807688392e-07,1.1506203096627108e-07,8.358869669899019e-08,-8.7766532106405e-07,5.416060370283368e-07,1.0819652768950523e-06,-8.661851704433752e-07,-9.606749124946279e-08,1.5980168321017328e-07,-2.093916677158672e-06,-8.504948990068459e-08,1.372064365348165e-07,-1.4269670849226458e-07,1.2821509376063051e-06,1.5804627664856567e-07,-2.168726994400866e-07,-9.557512534367544e-07,-3.614087251819164e-07,-1.1233633545198988e-06,1.1728951449672136e-07,-1.2724746962139336e-07,-1.6517704108043419e-06,2.0081608745789524e-06
6600.000000000031,-0.011370163138764157,0.3183533777347444,-0.4000135431666666,0.0012774481475644418,0.336369574166943,-0.3888447022999999,0.0026195046519159573,0.3357071739446194,-0.3763949521333332,0.0018521830749660356,0.3356500087031326,-0.3805475483333332,-0.01875301196787007,0.3440225582546033,-0.4065743420666665,-0.017933029017290075,0.3425907061955591,-0.4198361456666666,-0.012878576103205872,0.332125555504166,-0.3989798521000001,0.040492422469769855,0.3312231302414276,-0.2711467396333333,-0.08143892684221266,0.2898528072360367,-0.2982844301,0.01352898021267373,0.31229957530264574,-0.3433202327333333,-0.015821156100516688,0.28334276807363934,-0.3786382221999999,0.11619410720561973,0.20814842464517558,-0.1176228068433333,-0.15054763920592662,0.2347099937493724,-0.1261497764666666,0.16329354229801607,0.03882630872977695,-0.05574134164,-0.18300480069798394,-0.01661660537424639,-0.1521122277333333,0.20212879818837376,-0.15779123320835106,-0.0197955074894333,-0.21367718167700625,-0.21046084386300246,-0.2052810445666666,0.20371385956036298,-0.1990602074793671,-0.0053403222022333,-0.20443305891691585,-0.249629604462259,-0.2498265829666666,0.1774356329482872,-0.21253730858543643,-0.0362423245703333,-0.17281441190273716,-0.23708254802228135,-0.2718531717666667,0.19785303541375662,-0.18869863662679795,-0.0295871836669999,-0.19993408628131387,-0.21775355298915025,-0.221317887,0.08081913778014965,-0.17603080565014362,0.0468274213433333,-0.07909632935568793,-0.18300824476654345,-0.0452267956733333,0.09320437429201311,-0.5236575148665746,0.0739331526466666,-0.03347839991357234,-0.4563983435852083,-0.025015460378,0.08321519029351745,-0.7929604348877073,0.2729705448333334,-0.06404151580423711,-0.7904048242047252,0.1725170939999999,0.06548375020547323,-0.8231773634600602,0.2960938076333333,-0.0666938835159738,-0.8194924244234814,0.1516386543333333,0.09770160883283775,-0.8620338711220998,0.2414701564666665,-0.055202151755377626,-0.8487632550361522,0.0577001801233333,onweer_g_ch1_g19_compr.mp4,ch1g19,5.188942768195132e-06,7.031414461479078e-05,8.364168638923364e-06,4.511951765418767e-05,1.8370245026648987e-05,8.225354450120187e-05,8.54297155579575e-06,2.0317418972375408e-05,8.662877518908982e-06,1.4216090287076949e-05,0.00011935083235436824,2.0389669098465e-05,8.072568314432173e-06,8.791637714757968e-06,5.415750300691153e-05,9.038363819261432e-06,1.8049634009149996e-05,0.00013222936472036834,2.3135195343216813e-05,8.128171595372952e-06,0.00010480342503072572,1.205689079388391e-05,8.538955776017315e-06,1.146708089909556e-05,1.556061267759032e-05,3.7282883804698603e-07,9.963370761009514e-06,0.00011441783767766437,2.188257190415099e-05,0.00013779976551936147,1.0302316025390179e-06,7.848844672872611e-06,9.002046358264667e-05,0.00015167177231453535,2.7881354530775322e-05,5.095573301529539e-05,5.942140214710452e-05,7.483057753224151e-05,5.670491268294772e-05,5.0021522238578094e-05,4.130747454976749e-05,2.5976484021553056e-05,6.752722325694469e-05,-5.1347953058338224e-05,8.141785921086722e-05,5.434982373806658e-06,-0.00010233025808934119,-0.0003406094774046899,-0.0003275593416910235,-0.0006488354993828718,-0.00048728911484747806,-0.0008239123993098801,-0.0006719432805566179,-0.0008676227337066254,-0.0006343225109045517,-0.0010131747140731788,-0.0004749849506103485,-0.0008973560204475036,-1.4280295376005145e-05,-2.519361274663055e-06,7.746736424328982e-05,0.0002503945149179752,-0.00022063368008829647,0.0004257598373614525,-0.0002806560954442839,0.000390462884105115,-0.0002888116287753442,0.0002142030992077293,4.0688638950500437e-07,-5.953561873659417e-06,-1.1344911951031574e-06,-5.137577459494776e-06,3.3866646792274287e-07,-7.683178349916394e-06,-1.1730785576013636e-06,-2.841004453054682e-06,-1.6341999219464776e-06,3.470945837904549e-07,-4.283747641911656e-06,-2.6927862316774944e-07,-1.2246181846338701e-06,-1.053252191093959e-06,-5.895310106287281e-06,3.420496887966596e-07,-8.272142405821786e-07,-4.231847003944103e-06,-5.238331915274499e-07,-1.2172170505927776e-06,-1.2073857406808666e-05,-1.6728333328190397e-06,-1.295529465398583e-06,-8.041394891952399e-07,-2.950773508393375e-08,7.54126670207319e-08,-1.2157616348526357e-06,-4.584833620825085e-06,-1.1424736230579104e-06,-3.884183475897289e-06,1.422444444225781e-07,5.833690485217478e-07,-9.125753137238756e-06,-1.9863084465733038e-07,-9.764786275093696e-07,2.1914999205636615e-07,-7.490313823570613e-07,1.0043940735168674e-06,-1.2921722518556643e-06,2.0053213242225465e-07,9.798188672192994e-07,-3.0036091725351327e-07,-3.5857551545138694e-07,-8.247595121707775e-07,1.0205879643890865e-07,2.3898321105025265e-07,1.760129566073033e-07,-4.6261816254014306e-07,2.591228634005435e-07,9.312379071809964e-07,-7.013610044950054e-07,-2.0361543701792262e-07,2.7902556201361486e-07,-1.66836674792834e-06,6.313402646471814e-08,2.6059573251301664e-07,-1.014506578252877e-07,9.54805998726033e-07,1.449167292376303e-07,-1.458630067928721e-07,-7.039987597575026e-07,-2.4649075197549714e-07,-1.0234214986794255e-06,9.252669482562473e-08,-1.9484985361572302e-07,-1.4082869880918334e-06,1.4913712950806157e-06
6616.666666666698,-0.011433965592120232,0.3184195464763968,-0.3998222291333333,0.001178424186557753,0.33644428891761025,-0.3886248088333333,0.002524789458333198,0.3357962223889763,-0.3761537599333333,0.001752168850853072,0.33572157661213886,-0.3803142387666666,-0.018865439722137306,0.34409297616148665,-0.4062966311333332,-0.018050648059848736,0.34265285747602725,-0.4195475439666666,-0.012995802426556841,0.33217249921281505,-0.3986989423666667,0.040406023781000326,0.3312759909499633,-0.2708934178999999,-0.08160327381080902,0.2898002838789886,-0.2979046482,0.013519662482831828,0.31239181317921744,-0.3431452623,-0.015834246796037857,0.2833585516469691,-0.3784009241999999,0.11608306582819095,0.2080156152356665,-0.1175650156766666,-0.1506839208603618,0.2343590023366387,-0.1257671879333333,0.16243571660557704,0.03843228730869877,-0.05489214073,-0.18282582978821946,-0.017283337913426008,-0.1515430927999999,0.20024077577169294,-0.158357644295314,-0.0181771344060999,-0.21449939163333773,-0.21122810529612193,-0.2042274097666667,0.201540551893451,-0.1997758825970743,-0.0036020278839333,-0.2056020716336377,-0.2504002495519527,-0.2486322916333333,0.1751949959042536,-0.21319575707323324,-0.034475129057,-0.1741308522218406,-0.2379298871057073,-0.2707226326,0.19588728069137507,-0.18925170060423985,-0.0279371091703333,-0.20093583957588748,-0.21857021463401186,-0.227001294,0.08082825052651513,-0.17604434586980935,0.0468133848233333,-0.07909962162265219,-0.1830110571465859,-0.0452088549233333,0.09289358170199383,-0.5235750999724428,0.0735198324333333,-0.03347971425520617,-0.45618719979963873,-0.025117367618,0.08318324360499621,-0.7932427692414096,0.2714962885,-0.06387277825262035,-0.790047257153486,0.1726087038666666,0.06548717134745172,-0.8235279400007813,0.2945016811333333,-0.06652385516472338,-0.8191644260214759,0.1516974662666666,0.0976964255910167,-0.8623555043801228,0.2396164723999999,-0.05518395544146365,-0.8485800826397095,0.0577836479833333,onweer_g_ch1_g19_compr.mp4,ch1g19,5.770710582342118e-06,6.448024753298786e-05,7.407230177500608e-06,3.9313581919855985e-05,1.8475320879233806e-05,7.458870705823805e-05,7.508674797535991e-06,1.7305554626339638e-05,7.053132290292495e-06,1.4214618724500856e-05,0.00011355500241619206,1.9199836997720163e-05,6.995178133225689e-06,7.873828180420905e-06,4.829594390064302e-05,8.81098313457252e-06,1.8415750160985494e-05,0.00012651525358765413,2.153440034674459e-05,7.018559434529843e-06,9.2686334847437e-05,1.0252841695902168e-05,7.361205120621433e-06,1.0597223335133151e-05,1.5012892745245728e-05,5.627825771053217e-07,8.697859902947762e-06,0.00010866225344391521,2.0835113088847477e-05,0.00013182384339189881,1.2664517295957098e-06,8.497506972156986e-06,8.10177749649928e-05,0.00014086604830848467,2.6251044681576493e-05,4.410734351021986e-05,5.432435421777903e-05,6.936524550450489e-05,5.114089889797328e-05,3.823839068871513e-05,2.966912562734235e-05,1.499705177256747e-05,7.003383976923118e-05,-5.509803079638283e-05,8.010303595314472e-05,3.159421194652936e-06,-8.803963346676798e-05,-0.0003185691847677564,-0.0002860619433895645,-0.0005928803279007079,-0.0003995019996414836,-0.0007224752009895229,-0.0005623549453473152,-0.0007640222293856393,-0.0005076352728063086,-0.0008678058467090209,-0.00037979788781991694,-0.0007806885519266661,-1.3226505146207756e-05,-2.854751978067953e-06,9.323382047601652e-05,0.00024284644131387367,-0.0002338363318914665,0.00036059856500228487,-0.0002953595599304529,0.000327186537472316,-0.0002977942141683496,0.00019119088583583653,3.4454768846251295e-07,-6.652410366954843e-06,-6.974108827482037e-07,-5.876185513343825e-06,9.592924129747438e-07,-8.542800327600913e-06,-7.488567944329485e-07,-2.099715104099496e-06,-1.7423560365005442e-06,-1.5421549138848085e-07,-5.735184883342806e-06,-4.329774007799372e-07,-7.86063769652388e-07,-6.650467681950774e-07,-6.029421648763412e-06,3.4925577012911524e-07,-1.3208981526290903e-07,-5.806028690943456e-06,-9.590005263782708e-07,-7.531189161271536e-07,-1.2801218369799363e-05,-1.2732542517883913e-06,-8.277760210469527e-07,-6.062754704802527e-07,5.613279881459788e-07,2.1682097951122897e-07,-1.0123309604251058e-06,-5.789352529481786e-06,-1.3098111675476696e-06,-5.8264266665493066e-06,2.2941989394311802e-07,4.497541615603495e-07,-9.923246227257135e-06,-2.3645897138828616e-07,-7.558594270421738e-07,3.2418446660199175e-07,-3.070696710808132e-07,6.159073514284509e-07,-9.676839906214099e-07,3.1529689395607873e-07,8.801851454895022e-07,-1.0927006361891399e-07,-4.59377531306091e-07,-6.398816129373576e-07,9.857531024948974e-09,3.663027454013738e-07,2.703754516340279e-07,-1.1449209495297749e-08,-4.070125784543608e-09,6.43189138794522e-07,-5.931923082166855e-07,-2.2708308481758305e-07,3.984889957720498e-07,-1.0445728357363833e-06,2.431165610179003e-07,3.864753760972785e-07,-2.3699457674133438e-08,6.150766452951022e-07,1.1588790826994997e-07,-1.4593341001862063e-08,-4.887733812028256e-07,-1.1007227628373574e-07,-9.198871294991312e-07,6.107146031187175e-08,-1.8965701288385607e-07,-9.92883166395037e-07,9.511286763191991e-07
6633.333333333365,-0.011087450646687456,0.31838727564231795,-0.3989258815666666,0.0014022352384788872,0.33644189561432575,-0.3877156115,0.0027467622595305787,0.3358126602275324,-0.3752331691666666,0.001984773412700867,0.335720821844639,-0.3793983031333333,-0.018620980544858848,0.3440759692959803,-0.4054785822333333,-0.01781260645009399,0.3426230349699418,-0.4187087298,-0.012749095785768865,0.33212294893368516,-0.3978854943666666,0.04034999026485782,0.33132502331080765,-0.2700224479999999,-0.08167648266811185,0.28970914320940344,-0.2974545556666666,0.013790883786503302,0.3124190752498249,-0.3422434182,-0.01554714428690927,0.2832918632719753,-0.3775978102333333,0.11602777854428695,0.20790156076234953,-0.1173952308433333,-0.15082251538196179,0.23401080766549623,-0.1253559347,0.16169968980694518,0.038147479958783,-0.05435237572,-0.18251742032548665,-0.01793830136769674,-0.1511104698666666,0.19841421120981162,-0.15866968780705987,-0.0169238736727666,-0.21521998753129337,-0.2119664601830393,-0.2031079928,0.19943789683881685,-0.20027230602750076,-0.0021662892072666,-0.2066706611696046,-0.2511734610283684,-0.2471642822666666,0.17295961236216284,-0.21361567792731193,-0.032951743237,-0.17543171511732886,-0.238807851821577,-0.2693514595333333,0.19396243971274338,-0.1895250445642333,-0.0266462646669999,-0.20186317591065975,-0.21935385026568124,-0.227003217,0.0808577039754469,-0.1760574652221989,0.0467978174566666,-0.07911888725674451,-0.18301376506543432,-0.0451962492866666,0.09265288118682868,-0.523442206239354,0.0727017812833333,-0.03341056863678696,-0.455976329451142,-0.0259356514573333,0.0832517160382644,-0.7934594664350233,0.2695601677333333,-0.06373001594233159,-0.7897306483802805,0.1720668266333333,0.06557795784656803,-0.8237983497425925,0.2924070537333333,-0.06639976310402657,-0.8188803879312823,0.1511166189999999,0.0977662362823728,-0.8626852814951449,0.2372521701999999,-0.05514236146082478,-0.8484129187175884,0.0573294454633333,onweer_g_ch1_g19_compr.mp4,ch1g19,6.080756750470215e-06,5.743089318866864e-05,7.253407564060376e-06,3.390459984836321e-05,2.0325887897277694e-05,6.550315511073285e-05,7.23158236832811e-06,1.5010833395606408e-05,5.5901838626765095e-06,1.3675779329093531e-05,0.00010728713682704007,1.88864893388398e-05,6.637203056785832e-06,7.658966617773862e-06,4.241299807404842e-05,1.1281358399715803e-05,2.197070351502211e-05,0.00012058395362750447,2.036517959364219e-05,6.657298726161148e-06,7.917302813989144e-05,9.153224214456961e-06,6.891056488488164e-06,9.949526585829838e-06,1.605527243665856e-05,8.977058230037741e-07,7.451821409815086e-06,0.00010250895630655025,1.973265045863123e-05,0.00012535954379356125,1.5757714560046259e-06,8.25320794897988e-06,7.068395428079829e-05,0.00012944024842379343,2.5932842360540203e-05,4.367223408799636e-05,5.494200642069676e-05,6.940543604343415e-05,5.1770866646213466e-05,3.138941515547055e-05,2.345941858947179e-05,9.834111443961618e-06,7.384231416964007e-05,-6.377610373870015e-05,8.249184574006254e-05,2.23616361245644e-06,-7.056755774382904e-05,-0.00029824092260999737,-0.00023820188601517345,-0.0005272578363165328,-0.0003109878137799383,-0.0006090691521899612,-0.0004528709458120383,-0.0006504805479674285,-0.000385629100897219,-0.0007143883500373803,-0.0002871751832088051,-0.0006533679217918763,-1.160962053582236e-05,-3.6875558606625704e-06,0.00011361072522636459,0.00021879356836161407,-0.00025906854744083246,0.0002606973178284434,-0.0003247806053507089,0.00022906482682179992,-0.00036284482791191196,0.00010863272163169915,2.3819609419943438e-07,-6.973413261453758e-06,-3.446081709598264e-07,-6.14739897999739e-06,1.0374696229202153e-06,-8.97370246625763e-06,-3.782777258935163e-07,-1.6621180469386463e-06,-1.5639909976551417e-06,-6.458033338117151e-07,-7.242510130308931e-06,-5.933394503878671e-07,-3.8716606780020337e-07,-3.4140351621281827e-07,-5.645930069374795e-06,1.1679158288730247e-07,4.4572680514092336e-08,-7.486549289430008e-06,-1.319085455477583e-06,-3.6562716741517163e-07,-1.3068710394467465e-05,-1.0450174266692956e-06,-4.191065245238098e-07,-5.784877799560712e-07,6.784638211175497e-07,3.0073555803497284e-07,-1.0210802244190974e-06,-7.001087043408063e-06,-1.3221849796844294e-06,-7.980781323078518e-06,2.6422655440021695e-07,4.156720147987984e-07,-1.0234590908734755e-05,-2.3709208665030193e-07,-4.095609908702606e-07,3.8038839391829216e-07,1.6024739330303966e-07,2.4353320141527344e-07,-4.942911005265865e-07,3.8321603019780253e-07,6.86331636879676e-07,1.0558570241069848e-07,-4.6103795441065316e-07,-4.654806389636584e-07,-4.501917744794346e-08,4.4967273686449564e-07,3.24262673678335e-07,4.1153812598861606e-07,-2.554769563745005e-07,2.454229415152064e-07,-5.129610685508997e-07,-1.8009827673023075e-07,4.724186464142112e-07,-2.8343080329507366e-07,3.8790000001506085e-07,4.6906693465857463e-07,4.736597548222894e-08,2.9899085587290523e-07,7.776119023904882e-08,1.2864740879707926e-07,-3.0790508820407637e-07,3.851954898572911e-08,-7.946780268316739e-07,2.8840808541591267e-08,-1.1579443989063885e-07,-4.422885547803003e-07,6.764529582958676e-07
6650.000000000032,-0.010980127930552433,0.31841345382620584,-0.3987258225666666,0.0014433129095260259,0.33648167659226413,-0.3874988770999999,0.002789772220103978,0.3358665487118766,-0.3749983415666666,0.0020268966832460078,0.33575816984433393,-0.3791653006333333,-0.018595988219195024,0.34408884456333494,-0.4052179032999999,-0.017791627423745536,0.3426276078519664,-0.4184401562333333,-0.012726600472817427,0.3321134198260668,-0.3976233779666667,0.04028455968610611,0.33139812462267426,-0.2697567334666666,-0.08179504006918345,0.2896413473942564,-0.2970883666,0.013919409761106833,0.312489269942188,-0.3420288136666666,-0.015425071896002514,0.2832819985279251,-0.3773483816666666,0.11598042610924203,0.20786894405867212,-0.1173729873766666,-0.15096940800125208,0.23373856638694773,-0.1249080316,0.1611053774737816,0.037999542927642356,-0.05396465411,-0.1823900143995554,-0.018389600480757617,-0.1506363079666666,0.19672931003331826,-0.15887295785692743,-0.0159269516561,-0.21589236932155556,-0.21244199687141468,-0.2021597802666667,0.19745173941174132,-0.20059201827432155,-0.0010921548662666,-0.20754451706040594,-0.25166933719304513,-0.2461116135666666,0.17086635138308223,-0.21386736586781027,-0.0318248004536666,-0.1764184341178939,-0.2393421930218395,-0.2683364639666666,0.19218508684938093,-0.18970112700978983,-0.025611344937,-0.2026605464271237,-0.21986349288075552,-0.230342612,0.08088676492526967,-0.17606863121943409,0.0467583605466666,-0.07913838123337416,-0.1830172041623326,-0.0451558728533333,0.09241149767925148,-0.523318264011654,0.0720022378266666,-0.03336349143962331,-0.4557766723665341,-0.025329017174,0.08330158494618892,-0.7937013979029479,0.2677460516666666,-0.06358119508002077,-0.7894846397958121,0.1723851288333333,0.0656500111335333,-0.8241028823215529,0.2904181877999999,-0.0662616573676299,-0.81865953530024,0.15138332,0.09780132618235347,-0.8630141487730335,0.2349916695333332,-0.055123582007909344,-0.8482926479671373,0.0575514140299999,onweer_g_ch1_g19_compr.mp4,ch1g19,5.851361604772893e-06,5.0099553670762317e-05,6.47807315125985e-06,2.7622041517579062e-05,2.026775586288816e-05,5.591801686148054e-05,6.472404155036683e-06,1.3757957851117071e-05,4.201622320963631e-06,1.2357205084922518e-05,0.00010035366407716495,1.7107032511692354e-05,5.97516559363084e-06,6.9143901306847175e-06,3.6972672679553686e-05,8.699222204721517e-06,1.9320499808314935e-05,0.00011354140024471454,1.7684983678602927e-05,6.012108996423474e-06,6.505908434027527e-05,7.61103768910181e-06,6.165262574952362e-06,8.891542646126657e-06,1.5873424046593126e-05,1.362169573622555e-06,5.842306734881809e-06,9.5833587301544e-05,1.8507754292787275e-05,0.0001174713976216547,1.950133720304179e-06,8.420568949794945e-06,5.970624040789826e-05,0.00011757549674894224,2.3763927256987907e-05,5.4928050731367424e-05,6.339965601598666e-05,7.669146516873829e-05,5.9222433622622106e-05,3.273107870918717e-05,2.6018081592825186e-05,1.493093758130801e-05,7.534103353912795e-05,-6.335101365517493e-05,9.273105271674925e-05,1.4332776951207953e-05,-4.6150470429397426e-05,-0.0002714954437159426,-0.00018860254332186908,-0.0004433546573032565,-0.00022246931613649587,-0.00048360641474783105,-0.00032800924003385535,-0.0005192792771335707,-0.0002497784251469241,-0.00054471549347168,-0.00019737201539300045,-0.0005161893527726447,-8.81177616365416e-06,-5.541725220077898e-06,0.00012686607945638616,0.00019537939573835645,-0.0002469723857186028,0.00018651173227959643,-0.0003106109285318785,0.000162268419505896,-0.0003166257438632967,0.00012615259211572763,-1.081491176732496e-07,-7.4044084549116965e-06,9.101734597672202e-08,-5.491793482574419e-06,6.420330423836772e-07,-9.554518124368017e-06,7.069526104775052e-08,-1.0178157954324927e-06,-1.438611376302634e-06,-9.755940904688033e-07,-7.51976504730434e-06,-5.701049357478942e-07,1.6969289114622177e-07,3.1093509114558254e-08,-5.161317843274783e-06,-3.3975290145536893e-07,9.774022204710956e-08,-7.749121346452997e-06,-1.3865518123809616e-06,2.0986353060123298e-07,-1.3625626200248894e-05,-5.807511352182058e-07,1.3994696591666417e-07,-5.084397542759522e-07,4.390634115356927e-07,3.5068361821057833e-07,-8.645720020968791e-07,-7.176265122789984e-06,-1.1784418611330044e-06,-8.526965539995217e-06,2.639459194549027e-07,2.853480339726636e-07,-1.0786123421307072e-05,-1.997287299856091e-07,-1.7139474961657745e-08,4.221238014400365e-07,6.445031008326095e-07,3.345049179949383e-08,3.273183906117935e-08,4.3019179930861527e-07,4.335991338539813e-07,3.045367735024312e-07,-3.6772708931502124e-07,-2.5357653726395247e-07,-7.784443701840228e-09,5.069764223713162e-07,3.648758281926132e-07,7.473776434651511e-07,-2.6417091570055596e-07,8.253199846090421e-08,-3.7023778280563317e-07,-3.186942852266269e-08,5.207674029840154e-07,4.820297258014962e-07,5.100866902681773e-07,5.250970891032895e-07,1.1602255536288934e-07,1.1796751846605313e-07,3.736204222529576e-08,2.7203107379774596e-07,-1.1819731970736209e-07,1.873900325208229e-07,-5.643742263223262e-07,8.152045874396715e-10,-3.264462102676068e-08,1.4353767097219926e-07,9.940935352985337e-07
6666.666666666699,-0.010972802824069676,0.318481743720362,-0.3986224502333333,0.0014080050562162265,0.3365515561145287,-0.3873720871,0.002760398227423454,0.33594800694784965,-0.3748516396333333,0.0019901697095370888,0.3358225513262743,-0.3790208527666666,-0.01865635001895381,0.3441206128002938,-0.4050360624333333,-0.017854419843545955,0.34265484408239877,-0.4182531635666666,-0.012789977040643871,0.33213335717893744,-0.3974400217,0.04021885799704088,0.33148184032950767,-0.2695647916333333,-0.08192259693146407,0.2895782011241309,-0.2967853077999999,0.013987681644318009,0.3125902020943538,-0.3419139326666667,-0.015370043222513285,0.28331121015969746,-0.3771873388666666,0.11595353320440868,0.2078459212059718,-0.1173730931766666,-0.15112636130972454,0.2335014547976759,-0.1244541660666666,0.16062232421580402,0.037851642512944324,-0.0535390855133333,-0.18242953257376743,-0.01875955172169015,-0.1499711091999999,0.19520885741675512,-0.15903728283564927,-0.0148700128527666,-0.21654674708425,-0.21279355690234367,-0.2013431375333333,0.19562793834795197,-0.20083797494404915,4.126213040000047e-05,-0.20833968718878534,-0.25205422480115497,-0.2451997375,0.168953522741449,-0.21402020194744062,-0.0306405790936666,-0.17728866866824627,-0.2397315348844186,-0.2674482236333333,0.19057698541696413,-0.18983106867039296,-0.024514440847,-0.2034050289942479,-0.22023677930220842,-0.2241503,0.08092011635316075,-0.17607870018490424,0.0466958782366666,-0.07916314956988414,-0.18302110693916068,-0.0450899615399999,0.0921886578129842,-0.5232005771357776,0.0712645827666666,-0.033356672694808034,-0.45559097074863,-0.0246650701706666,0.08336167916007389,-0.7939640130017164,0.2661804109999999,-0.06340955947560452,-0.7893024436663336,0.1727200244666666,0.06573449224692973,-0.8244313134607363,0.2887184212666666,-0.0660863273385176,-0.8184959100814599,0.1516696781,0.0978355235100959,-0.8633539677973764,0.2329617121666665,-0.05510410744857051,-0.8481903459998559,0.0577492201166666,onweer_g_ch1_g19_compr.mp4,ch1g19,5.304090611298998e-06,4.247794090542619e-05,6.275418011043228e-06,2.2343135186812858e-05,2.0784717459274255e-05,4.612542432703021e-05,6.313611996115944e-06,1.3419719712572772e-05,2.892298449475533e-06,1.0795629594379626e-05,9.29500535556683e-05,1.6860131616757472e-05,5.965868792647504e-06,6.673993814858041e-06,3.2063867727807876e-05,8.151918564047944e-06,1.810518074833745e-05,0.00010575255300533453,1.6436770821342197e-05,6.055702345739851e-06,5.138635642335949e-05,6.8419819030776754e-06,6.106635050669531e-06,8.122273801652206e-06,1.6368189177507155e-05,1.7465145550812926e-06,4.723249510311197e-06,8.868645104239692e-05,1.729079150177883e-05,0.00010902833606117651,2.207188385621959e-06,8.708749732254653e-06,4.87125505849256e-05,0.00010581573307265275,2.3196660362733008e-05,6.785824023333857e-05,7.308626284704183e-05,8.499726597060241e-05,6.790702056026048e-05,3.5688652150812154e-05,3.0587511469495274e-05,2.2256589071538722e-05,7.463721146688641e-05,-6.17289888984787e-05,0.00010341211416461509,2.7973820453234714e-05,-2.4525727684897738e-05,-0.0002444252154369279,-0.0001505256194267397,-0.0003620550630499307,-0.000146333631586722,-0.00036445947324361555,-0.00021567598721620762,-0.0003950641752919606,-0.00012751279948789105,-0.0003874812220103186,-0.00012033262380086063,-0.0003873989579209536,-5.705663532692044e-06,-7.631906609600319e-06,0.00013610602841217164,0.00017626071317457722,-0.00024168638989685974,0.000121497291931043,-0.00030419648876298154,0.00010416860949076093,-0.0002909872723287006,0.00012180381379241677,-4.4962974597054773e-07,-7.072150945771593e-06,4.077605514132716e-07,-4.272956237441102e-06,7.494150233838381e-07,-9.123485681706304e-06,4.086187419789501e-07,-7.755060255429566e-07,-9.756110388920509e-07,-1.2169479960113443e-06,-7.525891173011917e-06,-3.4420983835005027e-07,5.95854550710414e-07,2.930259762063518e-07,-4.182046730068098e-06,-4.446480583967254e-07,-1.0375261361515604e-07,-7.864124886035278e-06,-1.1384596658342016e-06,6.51601621015688e-07,-1.2665221419728955e-05,-9.754220014441561e-08,5.805420754267879e-07,-4.6936027984599313e-07,6.029900067988985e-07,3.580486794340737e-07,-6.262426488911896e-07,-7.099587282153643e-06,-8.907763640238781e-07,-8.786441435453223e-06,2.3834383245374386e-07,1.7318200334323046e-07,-1.0262199986757317e-05,-1.345030134099692e-07,3.708371517744063e-07,4.1371175740586614e-07,1.0380221845704823e-06,-5.3793974730907956e-08,5.396748110638967e-07,4.2206905998054953e-07,1.7382407834295353e-07,4.5380990913444017e-07,-2.1993104018494464e-07,5.649683249433008e-09,2.813693368847044e-08,5.042586054044772e-07,3.60311260213731e-07,9.624873174623129e-07,-2.3533598898049913e-07,-1.3430572540753861e-08,-1.466572525652359e-07,1.0939834219862815e-07,5.103023779214649e-07,1.1392519118889877e-06,5.608376961764637e-07,5.215104927358236e-07,1.5597794692326407e-07,4.190461546611253e-08,6.366282366788705e-09,3.715596194464275e-07,9.886999198666811e-08,3.18156085142047e-07,-2.3957251745959054e-07,-1.4519149926443979e-08,4.626029164062904e-08,6.801675683598324e-07,1.4666858424311162e-06
6683.333333333366,-0.010986249124989718,0.31857382315435656,-0.3988720268,0.0013590709795063749,0.3366373674195336,-0.3875779426666666,0.0027201636123507537,0.3360432434280876,-0.3750412867,0.001939052837940059,0.33590081844356084,-0.3792060870999999,-0.018736533625411375,0.34415690738409516,-0.4051753236999999,-0.017934503087792975,0.34268899587540813,-0.4183918108999999,-0.012872489827305815,0.3321645427256679,-0.3975728109333333,0.040175376042892966,0.3315664027880036,-0.2696189931333333,-0.0820515731282399,0.2895168114428018,-0.2966078657666666,0.014048976994716357,0.31270620052632,-0.3421264371333333,-0.015326046945980307,0.28335836499172296,-0.3773531371333333,0.1159487192426986,0.2078365607740974,-0.1174327872099999,-0.15128474663267172,0.23327128175272963,-0.1240110666333333,0.1601729780368513,0.03768281827382918,-0.05324936149,-0.18254851983358136,-0.019086163243774157,-0.1492860193666666,0.19383293007070965,-0.15919506315834972,-0.0144387901994333,-0.21715333207130738,-0.21310123624578778,-0.2006079644,0.19398595861676712,-0.20104366602107923,0.0004453163214,-0.20901021951997636,-0.25240913292411654,-0.2444497854,0.16724295661153393,-0.21411780548775003,-0.0302150168303333,-0.1779896765130415,-0.24007495512017166,-0.2667205453,0.1891250561136598,-0.18995852944809824,-0.024071650857,-0.2040497400732598,-0.22056731723316098,-0.222444341,0.08095594227222237,-0.1760828492140262,0.0466318801099999,-0.07919147855101637,-0.18302979390633,-0.0450215849533333,0.09201048208886926,-0.523086631711429,0.07036270476,-0.0333424021494752,-0.4554356070396817,-0.0241176416173333,0.08350384110648355,-0.7942317086962128,0.2646105706666666,-0.06319478540556968,-0.7892471994303317,0.1727585156666666,0.065913179660819,-0.8247703834058479,0.2870486994666666,-0.06585237388740804,-0.81845220537014,0.1516599193333333,0.0979246411855411,-0.863688137170457,0.2309322336333332,-0.055046674755556045,-0.8481056898135573,0.0575627661066666,onweer_g_ch1_g19_compr.mp4,ch1g19,4.539489351018559e-06,3.5325477666051025e-05,6.965581687431239e-06,1.932050648721732e-05,2.109712903204028e-05,3.70303731744337e-05,7.040007654699076e-06,1.3323882176520203e-05,2.0029211616678346e-06,9.679112938097862e-06,8.538771817183395e-05,1.805950488545091e-05,6.890569207916506e-06,7.19704652142036e-06,2.81035279716192e-05,7.880624948746027e-06,1.818511584438448e-05,9.759504077108254e-05,1.6844468254560797e-05,7.0933387552837344e-06,3.9311291111512314e-05,7.381446250146889e-06,7.050549794132296e-06,7.946214954963117e-06,1.6844373167923364e-05,1.9675629686095977e-06,4.611414000732113e-06,8.146922529441239e-05,1.6652805432968766e-05,0.00010017958340805688,2.289070307122722e-06,8.906437819339992e-06,3.855791215442213e-05,9.51221020466883e-05,2.3821608220251695e-05,7.571958350372297e-05,7.741492788557667e-05,8.827482196423469e-05,7.152118787479093e-05,3.3735028520048995e-05,3.036844611950018e-05,2.4591417337379338e-05,6.890585832936665e-05,-6.482832139069633e-05,0.00010865825029978546,3.6255078194311565e-05,-9.51406254638421e-06,-0.00022508764529169083,-0.00013090775590017954,-0.0002993484381065434,-9.03334783892535e-05,-0.0002687502926495047,-0.00012420404734095225,-0.00029443270624481005,-2.6410460496595418e-05,-0.00026108743862052555,-6.327404833953584e-05,-0.0002831715729931927,-2.5500422842988622e-06,-9.736546596255148e-06,0.00013388907774532148,0.00016553903956902932,-0.00023268966130640914,0.00010543223095571495,-0.00029318495723015396,9.618008815172705e-05,-0.0002886321394803915,0.00011082041006054476,-7.585057175840233e-07,-6.384314620369694e-06,6.097603945022062e-07,-2.8161004449533605e-06,8.589086738717075e-07,-8.204202064315964e-06,6.279470649965228e-07,-7.293730504477906e-07,-4.5197363426858027e-07,-1.317539413951479e-06,-7.0547108835011e-06,-1.2118565888406275e-07,9.060555925623395e-07,4.487587985760103e-07,-3.161596001047648e-06,-5.051235176733103e-07,-3.844284631948862e-07,-7.448654213025298e-06,-7.68503410613977e-07,9.786371518549172e-07,-1.1089238351514287e-05,3.1455859851447667e-07,9.065265784247472e-07,-4.838094719414908e-07,8.248414855374064e-07,3.393216500606391e-07,-3.7334417853262167e-07,-6.622643427570805e-06,-5.402763524546171e-07,-8.33320057900478e-06,2.0575042212293799e-07,1.1336326668003821e-07,-9.233883212617904e-06,-5.233132490133126e-08,6.891485927044599e-07,3.4589015903657645e-07,1.256935182093171e-06,-2.3492284951461678e-08,9.473760553191317e-07,3.5060952830121674e-07,-3.3453286117667e-08,5.235544505819489e-07,-6.508165492831742e-08,3.032165982353149e-07,4.099851431561665e-08,4.308621524732088e-07,3.022851512487188e-07,1.0417891542353623e-06,-1.5486987653873014e-07,-4.2366010133832245e-08,1.4689372837487803e-07,2.008338146517083e-07,4.298422878698551e-07,1.5999806480262168e-06,5.169104644492498e-07,4.461537964561222e-07,1.5517926554804366e-07,6.26149975597943e-08,-9.256478690232735e-09,3.9846803351746593e-07,3.408805453512597e-07,4.0036777144043235e-07,1.5995791078998125e-07,-1.4455122314731223e-08,1.1112064055355142e-07,1.0965257165773888e-06,1.8045320786540578e-06
6700.000000000033,-0.011041444181764837,0.31867058303296253,-0.3993679881,0.001282251435395674,0.3367299903261459,-0.3880218442999999,0.002655112329350414,0.3361450990234971,-0.3754723276,0.0018584212373776042,0.33598590565198144,-0.3796274899666665,-0.018850619044052955,0.3442013430236385,-0.4055181566999999,-0.018045222666432378,0.34273220310619146,-0.4187334288666666,-0.012987913472592566,0.33220552995956126,-0.397906585,0.04015591649886829,0.33163470291532643,-0.2698880862333333,-0.08218056611541259,0.28945568582290665,-0.2965082157333332,0.014093453249640887,0.3128291945853876,-0.3425855439,-0.015306294944913354,0.28341392105346447,-0.3777343734,0.11598535592297546,0.207829134124874,-0.1175646267099999,-0.1514369554106122,0.23306738233452987,-0.1235599873666666,0.15973827563368773,0.03754716784570327,-0.0529638398066666,-0.182684861543556,-0.01934938570099129,-0.1485152801333333,0.19254719822696478,-0.1592930710745299,-0.0140151917261,-0.21766595060557564,-0.21337988041098183,-0.1999671056666667,0.19244780528026512,-0.20115841205065396,0.0008693092084,-0.20952263276205813,-0.25272861849200423,-0.2438619549333333,0.16568108742542692,-0.21413534319448782,-0.0297969569303333,-0.1785154765950567,-0.24036118637234802,-0.2661628683666667,0.1877807500528704,-0.19003532116857189,-0.023639744177,-0.20455804855781393,-0.22086447030120857,-0.221779108,0.08099641177648643,-0.1760838121152742,0.0465617582266666,-0.07922723568204584,-0.18304104675513727,-0.0449455461899999,0.09187931916157042,-0.5229741200166111,0.06947254078,-0.033354727538478214,-0.4552828926632736,-0.0236495867706666,0.08373093588627739,-0.794502397877792,0.2632201189666666,-0.06295341188819278,-0.7892441531195283,0.1727739219666667,0.06618654309184162,-0.8251035407530496,0.2856393386999999,-0.06557774137221734,-0.8184592265515738,0.1516399801,0.09806100484823076,-0.8639967825962921,0.2291906618999999,-0.05498970012537762,-0.8480314384709833,0.0573581811133333,onweer_g_ch1_g19_compr.mp4,ch1g19,3.71291530042929e-06,2.919365607527495e-05,7.77036270169202e-06,1.701020061554015e-05,2.2112389735053306e-05,2.9234289598670245e-05,7.88390477435859e-06,1.192086465624266e-05,1.7379227092943516e-06,8.19685081928732e-06,7.754085628142895e-05,1.7132897530272964e-05,8.022092860253631e-06,7.828971138862625e-06,2.557835745894827e-05,6.4473997271020995e-06,1.749647940212757e-05,8.903778174390853e-05,1.5557128218669315e-05,8.318553566842477e-06,2.916927321871881e-05,8.08691313696945e-06,8.21546557163322e-06,7.732550895643962e-06,1.7856562086886885e-05,2.294092036022607e-06,4.641394488853299e-06,7.418852111674638e-05,1.6152741795274163e-05,9.06587399261689e-05,2.473076442865794e-06,9.115846982599153e-06,2.985593484076205e-05,8.543889931295943e-05,2.368292735231359e-05,8.91155940502479e-05,8.605878763317722e-05,9.549297555202672e-05,7.926949807062885e-05,3.855110952338798e-05,3.6844357678607715e-05,3.4132748181597336e-05,6.060493639501498e-05,-6.418192952358267e-05,0.00011585670233225089,4.844920305602096e-05,-4.1905296059852735e-06,-0.000207949947167945,-0.00012966078814258513,-0.00025076987100380426,-5.7982506348399795e-05,-0.00019771780756595498,-6.324446380516296e-05,-0.00021844951703243865,3.884715756670652e-05,-0.00016554041893853086,-3.125520013018097e-05,-0.00020528984794538195,4.268569848448712e-07,-1.1729478707784695e-05,0.00012118493943544644,0.00014175585963130662,-0.00024532248883589615,4.9446959629100156e-05,-0.00030388459595025614,4.5395662380227024e-05,-0.0002779992766859054,9.715653098627832e-05,-6.922410618404643e-07,-5.886916687574747e-06,1.0110105505507532e-06,-1.6908470977038997e-06,5.534186954151439e-07,-7.404037654263958e-06,1.0241304184781682e-06,-6.731303362022106e-07,1.206143597093419e-07,-1.5004252795126643e-06,-6.469858011604843e-06,-1.8022947074321993e-07,1.382690929705283e-06,8.100517511966024e-07,-2.060177180518136e-06,-8.613630023831464e-07,-4.878345214006635e-07,-7.048948912303281e-06,-6.064052820583777e-07,1.4543621132044785e-06,-9.607321108178018e-06,9.401261098756216e-07,1.4029000901227987e-06,-2.3779827213413273e-07,6.845829928866011e-07,3.110124143155134e-07,1.6058642118606423e-07,-6.045338072181636e-06,-1.5273070519635694e-07,-7.815983173782471e-06,1.8725808475999924e-07,3.5323198846023933e-07,-8.282219279119649e-06,3.9724503942033784e-08,8.997012393233134e-07,2.535510210400443e-07,1.3228685646697468e-06,5.404257425306749e-08,1.214270575549294e-06,2.513734728528434e-07,-1.2523751936716168e-07,5.075201994877229e-07,9.569901067790356e-08,6.116660726865193e-07,1.2116200729910786e-07,3.192147651699299e-07,2.213889475292657e-07,9.84376339648897e-07,-9.847182006880358e-09,4.20288309939367e-08,4.7179394569209054e-07,3.190651955791217e-07,3.1365332515446434e-07,1.8497676499124304e-06,4.2198619915927143e-07,3.3263167909978147e-07,1.4183408570917745e-07,1.2208350499926054e-07,-1.7482008395657765e-08,3.808572703817035e-07,5.861293810401057e-07,4.4066743090136633e-07,5.909411497361458e-07,-9.116951524598557e-09,1.5247528004881012e-07,1.3623129771448712e-06,1.96773676817056e-06
6716.6666666667,-0.01113883903979405,0.3187693718512355,-0.4003010422,0.001172330874984041,0.3368245828029084,-0.3888866704333332,0.0025584701429084357,0.33624851183245935,-0.3763209010666667,0.0017430173978417428,0.3360725569055939,-0.3804644802333332,-0.01900302721438777,0.3442469389270554,-0.4062842432999999,-0.018192654916615338,0.34277753320453436,-0.4195098101666666,-0.013141513340916641,0.3322492892096575,-0.3986636881666666,0.040146424347845384,0.3316843639584806,-0.2705023830333333,-0.08232336258389736,0.28938556267695714,-0.2967767008999999,0.014110335490613087,0.31295273045918576,-0.3434575379999999,-0.015321319720361964,0.28347089289381866,-0.3785520448,0.11603001048939932,0.20782417707033662,-0.1178340148766666,-0.15161136967421432,0.2328601154327326,-0.1234756398333333,0.15932814732266595,0.03744151205810273,-0.0527428379533333,-0.18284954223629696,-0.019554643014668527,-0.1481708691,0.19145190615736501,-0.15930614233560977,-0.0138192211227666,-0.21806050746709346,-0.21356099722722305,-0.1999861871,0.1911395276551917,-0.20116083431265677,0.0010229214180666,-0.20986517014993966,-0.25294825784393726,-0.2440507119333334,0.1643888796165063,-0.21404625461782378,-0.0296776700936666,-0.1788167303016393,-0.24051060478870478,-0.266329971,0.18665222877597706,-0.1900356884363507,-0.0234547884169999,-0.20490155026443715,-0.22105886373360145,-0.228534847,0.08103916516347112,-0.17607911118918,0.0464971924866666,-0.07926734252631455,-0.18305633063122076,-0.0448713058699999,0.0917515812008247,-0.5228506165287843,0.0686997877933333,-0.03336134279477415,-0.4551292139681238,-0.0231474880473333,0.08395424045264682,-0.7947146329248211,0.2624604507999999,-0.06265534699354655,-0.7892016478325243,0.1728700722333333,0.06645604964807703,-0.8253681339114946,0.2849264175,-0.0652352945135594,-0.818417549293539,0.1517359540333333,0.09819308758857173,-0.8642132600054971,0.2281954391666666,-0.05488422278648087,-0.8479159085636941,0.0572587202099999,onweer_g_ch1_g19_compr.mp4,ch1g19,3.1917709670280206e-06,2.3952561254581e-05,9.088796219336133e-06,1.6059283305705105e-05,2.2712871648639215e-05,2.259904933557894e-05,9.230435914654425e-06,1.098183754464758e-05,1.9359386628424257e-06,7.023904886695218e-06,7.098789491678457e-05,1.6829494056577053e-05,9.71955006222349e-06,8.944689671456156e-06,2.3929502889241735e-05,6.3680152544565045e-06,1.6466759611691725e-05,8.184141765280876e-05,1.5031108056496612e-05,1.0086817840892974e-05,2.060862054470047e-05,9.46479177588554e-06,9.972607095019611e-06,7.83299608931734e-06,1.8624548463367547e-05,2.5707099670137343e-06,5.2216228696487704e-06,6.807479036407716e-05,1.6109921594658177e-05,8.281285720427983e-05,2.6288119413634806e-06,9.510433558571608e-06,2.2391643895556034e-05,7.770729671392922e-05,2.3933407924288674e-05,9.717302591367126e-05,9.058325805706229e-05,9.868699337758959e-05,8.308372507790976e-05,4.1041939500187197e-05,4.066115297681473e-05,4.070612659567013e-05,4.8750802710012804e-05,-6.575560851504078e-05,0.00011773870262513485,5.5526715577824375e-05,-7.229474638092501e-06,-0.00019801331960236178,-0.00014161228047733905,-0.00022229737641628615,-4.688819374377959e-05,-0.00015201131639870768,-2.9188219639025946e-05,-0.00016567471038108925,7.595981592547978e-05,-9.941228834237485e-05,-2.0511958636426602e-05,-0.00015375376559694453,3.1479569569873494e-06,-1.351662047046671e-05,0.00010799938285115954,0.00011882961413396946,-0.0002558471028115139,1.2879315122792381e-06,-0.00031084092233752976,1.594813917570433e-06,-0.0002606479970439224,9.2474983525817e-05,-5.103058323688853e-07,-4.8350315327339955e-06,1.291852310718318e-06,-4.542877754291723e-07,9.497107615070916e-07,-5.959099299866978e-06,1.2912580191699018e-06,-7.550363920183644e-07,5.830329009848274e-07,-1.2330356088908695e-06,-5.5529105432418445e-06,5.7165920341173984e-08,1.7067788837431552e-06,1.0633461619431736e-06,-1.1387636864535728e-06,-5.713537650589129e-07,-2.5564758035303386e-07,-6.2780489263529295e-06,-1.201323578952163e-07,1.777204924989544e-06,-7.43252546646784e-06,1.4094382768621014e-06,1.7528219858335835e-06,-2.9589067463042117e-08,1.117630213687581e-06,2.87463860047604e-07,6.397818461386372e-07,-5.19064004775546e-06,2.7033275360410183e-07,-6.7962013907511145e-06,1.8444540271158273e-07,6.048184912120904e-07,-6.698152941829922e-06,1.2686752245076813e-07,1.0028408143153927e-06,1.3952617090167418e-07,1.2133871447883118e-06,1.5056638882565858e-07,1.3418688856608942e-06,1.298058589013456e-07,-1.625963084622611e-07,4.2523083768020305e-07,2.1957519842845863e-07,8.226860412716122e-07,1.6065115572113808e-07,1.7474197330507496e-07,1.2080472011459212e-07,8.361907571926871e-07,8.720669375530013e-08,1.7621221069924336e-07,7.011665920610071e-07,3.640096774569095e-07,1.6613950990078478e-07,1.917060503978867e-06,2.788942816132243e-07,1.8530640198731376e-07,1.1803441208607875e-07,1.8858298231880825e-07,-1.5905355727996353e-08,3.176814878013294e-07,7.498928770416958e-07,4.299873464444636e-07,8.94033950137617e-07,2.090056382844681e-09,1.626767258487343e-07,1.4896575507007132e-06,1.933792225510963e-06
6733.333333333367,-0.011271647668952613,0.3188753743945467,-0.4013817688,0.001039609904045555,0.3369240531272117,-0.3899053157999999,0.0024395823411847003,0.3363563782698953,-0.3773202547,0.0016041325544441422,0.33616366518920754,-0.3814540087333332,-0.019182011298639747,0.3442971775438549,-0.4072131637999999,-0.01836613374587482,0.34282774115041825,-0.4204556315666666,-0.013322128772010788,0.3322981477781746,-0.3995851412,0.04013669537333393,0.33171995028138007,-0.2712682242333333,-0.08247400688788199,0.2893162079046173,-0.2972227433333332,0.014096230208062952,0.31307902980249164,-0.3444699675999999,-0.015371366616783576,0.2835337171622064,-0.3795272642,0.11608253087368388,0.20781926429282477,-0.1182239502099999,-0.1517946621817356,0.23265597747884695,-0.1235803120333333,0.15895943175089652,0.0373163226989496,-0.0527257567533333,-0.18300104352511085,-0.019751707420748162,-0.1479516854333333,0.19041675415081027,-0.1593257805084192,-0.0140329798327666,-0.21839085489535798,-0.2136819224029727,-0.2001092915666666,0.18989764621676203,-0.20114171046223242,0.0006967489687333,-0.210158986516784,-0.2530677581427028,-0.2443545997666667,0.16315604809908754,-0.21392293140809385,-0.0300421539869999,-0.17908841744563933,-0.24055323018107064,-0.2666224897333333,0.18558037400232624,-0.19004007241068918,-0.0236949347836666,-0.20518790679572724,-0.2211833802105968,-0.228710338,0.08108214962279035,-0.17607257316270705,0.0464261752899999,-0.0793089582309943,-0.18307272371825256,-0.0447890236933333,0.09161455098167494,-0.5227318383914483,0.0683924477433333,-0.03332686593007697,-0.45499903679776493,-0.022426948794,0.08411882274405777,-0.7949288323968325,0.2624693050666666,-0.062305730732610524,-0.7891683036593196,0.1732432335666666,0.06665731888805211,-0.8256332075142547,0.2849961301,-0.06484387002434802,-0.8183854250109835,0.1521298528333333,0.09824642385351329,-0.8644429074429909,0.2279930153333332,-0.05476835062836081,-0.8478120936598854,0.0573931517799999,onweer_g_ch1_g19_compr.mp4,ch1g19,2.7471960008521613e-06,1.9847392205292394e-05,1.0971411721024323e-05,1.6151168307943993e-05,2.36079054870981e-05,1.764266287040014e-05,1.1091971323938993e-05,1.049393171909181e-05,2.555284837963303e-06,6.430742302655677e-06,6.577725016600009e-05,1.7703438678821367e-05,1.2016791145165071e-05,1.056159267441494e-05,2.304384345343592e-05,6.6074478845264616e-06,1.640169547812485e-05,7.592573480565144e-05,1.5819005267075054e-05,1.2460731826640498e-05,1.4667315659778812e-05,1.1649282328691294e-05,1.2350935381496868e-05,8.240345501611883e-06,1.9753080742145285e-05,2.789431088854879e-06,6.43222041372143e-06,6.319135962739843e-05,1.6425085170701976e-05,7.652284182845973e-05,2.7853707755482417e-06,9.901495991670934e-06,1.6845215548085086e-05,7.196489330033011e-05,2.5306622185614957e-05,9.93587921572916e-05,9.149770639142214e-05,9.86673990547222e-05,8.348098809503748e-05,4.081713858290947e-05,4.129272235827398e-05,4.326794042627507e-05,3.580169465534168e-05,-6.791931750536588e-05,0.00011539525093202194,5.726980599591568e-05,-1.6204154213363497e-05,-0.0001928416457380105,-0.00015847579511979077,-0.00021120729335163588,-4.54167561006812e-05,-0.00012765639504812355,-1.536216660746609e-05,-0.00013256601124972717,9.044874266635532e-05,-5.747540938233577e-05,-1.9907336679424246e-05,-0.00012368303484260312,5.190681778668975e-06,-1.4736418906401593e-05,9.267811420076627e-05,9.761868735850198e-05,-0.000270137370914925,-2.9152873327636592e-05,-0.0003213758668153825,-2.6072729001530146e-05,-0.0002557735971695237,7.893492187878688e-05,-2.2546987147478672e-07,-3.69556491721407e-06,1.467324047055292e-06,6.195272049258773e-07,1.460194232996126e-06,-4.441220251679233e-06,1.4440696999589444e-06,-9.918816300225004e-07,8.909968657000413e-07,-8.026649883960611e-07,-4.617262639390532e-06,2.4286303386104916e-07,1.8899589467306147e-06,1.2210717908409847e-06,-4.276049487286674e-07,-1.7758960209136947e-07,1.6576633975187546e-07,-5.457621130013618e-06,2.958593469980956e-07,1.9510888748405704e-06,-5.322650196311217e-06,1.6984805472701395e-06,1.9589280907024157e-06,1.4523356853573914e-07,1.605012162819835e-06,2.7321669385547493e-07,1.0154492038446199e-06,-4.341664581426214e-06,6.754215971436447e-07,-5.743074305545581e-06,1.9669556622660828e-07,8.399050978947557e-07,-5.034210148219748e-06,2.0730115309603393e-07,1.0035112874546275e-06,1.8970571613385768e-08,9.572573711364737e-07,1.8476493959202546e-07,1.3332064679159595e-06,4.802815833051915e-09,-1.6686540848791327e-07,2.969442557405009e-07,2.880365867649622e-07,8.785418396271069e-07,1.323728845219486e-07,1.6931627313827943e-08,1.686297732080919e-08,6.314511709046839e-07,1.4959223948130487e-07,2.663445543801123e-07,7.717645901000309e-07,3.1251091336948367e-07,4.625425500950769e-09,1.8148674619777924e-06,1.0856900935608342e-07,2.303338405733785e-08,9.67599835379237e-08,1.9122891416934288e-07,-8.357730063410611e-09,2.235164334823543e-07,7.83518953509431e-07,3.700347974146686e-07,9.962503463123442e-07,1.4137199813444478e-08,1.466673723350011e-07,1.4848455513238634e-06,1.7134786576988248e-06
6750.000000000034,-0.011474186301805918,0.3189753643521915,-0.4023560663333334,0.000854211393108859,0.33701676804657105,-0.3907813828666666,0.002269855240925379,0.3364558060036448,-0.3781723080666667,0.001415361427319478,0.3362491034123942,-0.3823001880666666,-0.019414308857599285,0.3443422520988747,-0.4080019318999999,-0.018591993402464944,0.3428729196378232,-0.4212578832333333,-0.013555365527002157,0.3323448988002979,-0.4003667666999999,0.04010846138628741,0.33175315816481254,-0.2718914831666666,-0.08263595198648982,0.2892553582943786,-0.2975613384666665,0.01402198743505152,0.31319341139412976,-0.3453687251999999,-0.015478628848615287,0.2835925519819889,-0.3803860002333332,0.11612834653292514,0.20780181611486137,-0.1185916418433333,-0.15199412672273907,0.2324649371493081,-0.1236304971666666,0.15859481201836415,0.03713866749428835,-0.0529276248933333,-0.18316994482740265,-0.019948561818237707,-0.1476153503333333,0.1893527353244639,-0.159366810121343,-0.0146328466927666,-0.21868160491382974,-0.2137860355664291,-0.2001464997666666,0.1886231787741549,-0.2011399604392415,-8.788947826666661e-05,-0.2103954911477868,-0.25315892695063785,-0.2445259765333333,0.16187207112908325,-0.21382765764539988,-0.0308135129703333,-0.17932417582725307,-0.24056835228593923,-0.2667893499666667,0.18447106429524762,-0.19005242495188493,-0.0243106755369999,-0.20544398881795986,-0.22127858401330383,-0.230463907,0.08113008199825754,-0.17606610949962698,0.0463461192966666,-0.07935539961121565,-0.18308815610073706,-0.0446986131333333,0.09146256901987197,-0.5226323067253138,0.06798097105,-0.03329183587697044,-0.45492559301782726,-0.021813938494,0.08428107686714731,-0.7952027331634317,0.2621574953,-0.06204160932028893,-0.789206227546188,0.1733172928333333,0.0668574387461829,-0.825952087393015,0.2847078065333334,-0.06455743368007501,-0.818417397682601,0.1521853572,0.09829587811809924,-0.8646794601813105,0.2273990331999999,-0.054696631705827656,-0.8477318229857586,0.0571253909533333,onweer_g_ch1_g19_compr.mp4,ch1g19,2.6648888887522237e-06,1.6667993389664552e-05,1.1882299752038008e-05,1.7050366354040428e-05,2.5229962902775643e-05,1.3824945934003175e-05,1.1959571790396674e-05,9.382125004425472e-06,4.12793821511938e-06,5.658172869757002e-06,6.207125823437796e-05,1.8059268572971264e-05,1.3368229449370048e-05,1.1277289662602234e-05,2.375446257803622e-05,6.526608808549602e-06,1.6983202856616362e-05,7.146280918444666e-05,1.639090786540166e-05,1.3775947863667748e-05,9.89408636815482e-06,1.250918138599339e-05,1.375527808450163e-05,7.650423923785098e-06,2.1413322465841095e-05,3.041453567248075e-06,6.722867786846274e-06,5.983810736367658e-05,1.7439916080805133e-05,7.161459184621891e-05,2.979259820899836e-06,1.1081417292322935e-05,1.2544642963549365e-05,6.865428305417736e-05,2.6966502177297317e-05,9.362693116436784e-05,8.408079289301173e-05,9.011288580332924e-05,7.550109752899463e-05,3.315820571166667e-05,3.441349203833797e-05,3.830929642808432e-05,1.3524583501386714e-05,-8.14842977005561e-05,0.0001034136328254775,4.932945097366059e-05,-4.0529618979108086e-05,-0.00020020779824296637,-0.00020579997042127743,-0.00022675588915858284,-8.505836887105597e-05,-0.00011771415739492608,-4.410416643363546e-05,-0.00011061762165067016,6.684357129856443e-05,-2.2290566315388388e-05,-5.874245746138538e-05,-0.00010493815763530234,6.991851160677043e-06,-1.5808538487631176e-05,7.163519295900007e-05,6.79097880164724e-05,-0.00029789000583500423,-6.184836334113198e-05,-0.00034667979952692624,-5.786052286218025e-05,-0.0002574958185344326,5.7925646159325046e-05,6.722006848266571e-08,-2.6681108906965514e-06,1.4286622229298943e-06,1.3764594101913719e-06,1.4883828709008694e-06,-3.0863874102237506e-06,1.3913560848924395e-06,-1.2485064562575778e-06,1.116046247964917e-06,-5.4809766520436e-07,-3.896098514612678e-06,7.478614996966278e-08,1.8335068920544434e-06,1.1912049948795374e-06,9.034995401313171e-08,-3.353786895868421e-07,5.933611201391939e-07,-4.880146309787554e-06,3.0393452964269505e-07,1.8716390080867646e-06,-3.574558641544286e-06,1.6961991675121513e-06,1.8964390193319617e-06,2.4712332633462905e-07,1.611244067436761e-06,2.759297985299024e-07,1.2095267574197713e-06,-3.70461890815841e-06,1.0383094983367939e-06,-4.935924144260059e-06,2.2789990833894072e-07,1.0182754119338686e-06,-3.518767948625665e-06,2.6069248579778164e-07,9.350306735593251e-07,-5.8461193599261545e-08,5.968277225962713e-07,1.0424596337994819e-07,1.2363960779857968e-06,-7.257201745102234e-08,-1.2399917318693865e-07,1.2783835849089322e-07,3.2316633104507955e-07,7.627958194001079e-07,8.270146358488209e-08,-9.91332786169265e-08,-4.4493075587299884e-08,3.7523540756446035e-07,1.8374566932761453e-07,2.7244533414535636e-07,6.660667388476916e-07,2.1549592596822052e-07,-1.1307344280571648e-07,1.6309534836584759e-06,-1.2409584648822364e-08,-9.806826752718386e-08,1.1634034652225379e-07,9.385212578247873e-08,-2.2217397075517397e-09,1.524589536633098e-07,6.68078828621349e-07,2.518936617999421e-07,8.884305060305652e-07,2.1824114216534335e-08,8.135665252969961e-08,1.401264702027208e-06,1.348190128764633e-06
6766.666666666701,-0.011721473497577801,0.3190589965643888,-0.4033180048333334,0.0006305963281670428,0.3370919244527067,-0.3916973234666666,0.002064839349658902,0.3365372079857855,-0.3790755230666667,0.0011905762023457953,0.336316817447961,-0.3831924447666666,-0.019684880474957617,0.3443683502182381,-0.4088257316666666,-0.018855543472511,0.342899951433597,-0.4220899263333333,-0.013827168954647922,0.33237694644844074,-0.4011837169333332,0.04007480104539325,0.33175927805580735,-0.2726084893,-0.08280579859041233,0.2891773433474721,-0.2979325055333332,0.013910405837894092,0.31328671583535683,-0.3462849538999999,-0.015626083514578427,0.2836343399754636,-0.3812423540999999,0.11617579355330067,0.20775657034009817,-0.1190783699099999,-0.15222473121857122,0.23226990494150165,-0.1236310356,0.1582749537574043,0.03690369286461845,-0.05317574214,-0.18337041333352241,-0.020197897839749363,-0.1471566235333333,0.18836240733185192,-0.15949252678871245,-0.0152225596494333,-0.2188588086300358,-0.2138939015665259,-0.2000768646333333,0.18744020038614664,-0.20123113565862696,-0.0008545598793999,-0.2104855759146474,-0.2532479119407864,-0.2445751647666666,0.1606663914899328,-0.21381257728499092,-0.0315585158936666,-0.1794152300008544,-0.24056709896027614,-0.2668549111,0.18343400997731685,-0.19014912361157188,-0.0249078067903333,-0.20558204789912024,-0.2213636747518811,-0.228787303,0.08118096797718363,-0.1760587820620975,0.0462534805166666,-0.07940474325184023,-0.18310401193308615,-0.0445947915266666,0.09133589931025302,-0.5225567264431222,0.06753763667,-0.03325073183633918,-0.4548662146110898,-0.0212970542806666,0.0844608421822111,-0.7955085520628719,0.2617880835999999,-0.06178081811196713,-0.7892520295993195,0.173220022,0.06707985351584615,-0.826303883824385,0.2843472193,-0.06427300691534689,-0.8184551443756148,0.1520652041666667,0.09843024431239696,-0.8649189297437163,0.2267238153999999,-0.05460625900681404,-0.8476489148415614,0.0566636366266666,onweer_g_ch1_g19_compr.mp4,ch1g19,2.9216137497087607e-06,1.4704907830835383e-05,1.3676702881469778e-05,1.9181921050003453e-05,2.7072335261442493e-05,1.1628359906998267e-05,1.3668614495430338e-05,8.013564874967136e-06,5.740364796252129e-06,5.076519874257443e-06,5.9617178377125315e-05,1.8264370755963155e-05,1.5673816255220107e-05,1.2771633979699806e-05,2.4600290730468174e-05,6.364270190149794e-06,1.8217728392314206e-05,6.813534965484787e-05,1.682957255423936e-05,1.6127002605782513e-05,7.4258482753675225e-06,1.4400594916125045e-05,1.6080012470709695e-05,7.877746586901028e-06,2.331501757977639e-05,3.322008700462027e-06,7.963757853012762e-06,5.7551575509657384e-05,1.884257793285442e-05,6.81897692520186e-05,3.2340330423823385e-06,1.2378361100350409e-05,9.948862836053908e-06,6.709350607286285e-05,2.875455715367025e-05,7.490835208591904e-05,6.523282250656754e-05,7.027806220456243e-05,5.621720202073146e-05,1.3685280370599745e-05,1.5520173482046203e-05,2.1099870558420164e-05,-1.3781807391007266e-05,-0.00010388501531036251,8.071280087425231e-05,2.951113097175301e-05,-6.80833232629088e-05,-0.00021298914586857727,-0.00025422899520206296,-0.0002580746373842198,-0.00012663485698541756,-0.00012253603121599446,-7.682202853462864e-05,-0.00010348695843320914,4.0040613657231966e-05,-8.021710519863648e-06,-9.945168444098225e-05,-0.00010238248524088737,8.414895958558954e-06,-1.669064057885829e-05,5.12669673114555e-05,3.512978297407966e-05,-0.00032540247108076004,-9.098308721568423e-05,-0.00037124268903090745,-8.483577744023056e-05,-0.00026699644537104145,3.052011958310664e-05,3.5600860818803253e-07,-1.7214069492063663e-06,1.2983796910973004e-06,1.8059217281267655e-06,1.6489852243755503e-06,-1.8718538785750198e-06,1.2394216244693054e-06,-1.423004334328292e-06,1.2011382901579666e-06,-2.0196324923113316e-07,-3.3188433939527287e-06,1.5407730408223218e-07,1.6368748463350881e-06,1.079823077121426e-06,3.173309607850833e-07,-3.7002407716712816e-08,1.0744749027924477e-06,-4.347274473256734e-06,4.57108939878913e-07,1.6534606476041312e-06,-2.0678947480747313e-06,1.5330373486724196e-06,1.6902193453350895e-06,3.0896861195276816e-07,1.7015790957838763e-06,2.9292338496807046e-07,1.2384137452466476e-06,-3.200694017211666e-06,1.2835591881353712e-06,-4.266110251150387e-06,2.6624291780391286e-07,1.0462732036139008e-06,-2.12628887771737e-06,2.739407179671581e-07,7.971293632136501e-07,-1.456960854677266e-07,1.714988524645755e-07,-7.757172451711702e-08,1.0470875508903592e-06,-1.5375651732454397e-07,-5.176060394659625e-08,-4.081937660582112e-08,3.202391554872072e-07,5.23611236385259e-07,1.6602263352402443e-08,-2.223839614343482e-07,-1.1202153240107876e-07,1.274422925202099e-07,1.87337154356798e-07,1.815788293691631e-07,4.402344907320211e-07,9.45764092846713e-08,-2.4086716076927917e-07,1.341802063767177e-06,-1.4343412783110505e-07,-2.266438278460099e-07,1.1663062469020775e-07,-9.051709942678149e-08,-9.86224434434696e-10,5.502628507628993e-08,4.4959565041872714e-07,9.471208881277965e-08,6.250576938288415e-07,2.1426927701833028e-08,-8.910884209091149e-09,1.2268128018220376e-06,9.397897982486886e-07
6783.333333333368,-0.01199264949490451,0.31910400706207215,-0.4044988443666667,0.0003858673274385904,0.33712984153652026,-0.3928226502333333,0.0018389863160427984,0.33657973451089795,-0.3801850595333333,0.00094375680721124,0.33634606238040127,-0.3842933574666666,-0.01997879848458759,0.3443555839712677,-0.4098621094,-0.019141768496176097,0.34288888214864754,-0.4231349308666667,-0.014122382111578171,0.3323731309922525,-0.4022087916666666,0.04003134411391034,0.3317175462875807,-0.2735168094333333,-0.08299425327315192,0.28905014271372736,-0.2984972795333332,0.013774154614266634,0.31333663416547436,-0.3474178842333333,-0.015798705196078355,0.2836350487508821,-0.3823141896666666,0.11622027644263289,0.20766032777950824,-0.1197925301433333,-0.15247620459986452,0.2320336452490599,-0.1237356119333333,0.1579891173453881,0.036598621472275036,-0.0536794835933333,-0.1835614947386491,-0.020527629362870215,-0.146791705,0.18741625471905646,-0.15964835791040968,-0.0159522119860999,-0.21903907955214239,-0.21403697694025298,-0.2000482007333333,0.18631052141796337,-0.2013474197531557,-0.0017326345193999,-0.21060056617961032,-0.25335566656229713,-0.2446481093999999,0.1595158589860383,-0.21379999505493905,-0.0324185650969999,-0.1795574347722089,-0.2405700155756968,-0.2669727246666666,0.18244320491333307,-0.1902676468687397,-0.0256467944903333,-0.20573608266845098,-0.22147502442775133,-0.222464129,0.08123484986713816,-0.17605084308309807,0.0461552405133333,-0.0794575594432427,-0.1831200316550298,-0.04448554143,0.09120394156890003,-0.5225115539584128,0.06710443806,-0.033192808534445395,-0.45484189606227116,-0.0208294186506666,0.08463781759589788,-0.7958350068574345,0.2614314094,-0.06157463373627836,-0.789317888230288,0.1730089411,0.06730048232638151,-0.8266788223620066,0.2839844217333334,-0.06404978776161761,-0.8185107089268829,0.1518290272333333,0.09856541552533117,-0.8651839879967262,0.2260516299999999,-0.05458885834447318,-0.8475859218974297,0.0561184547933333,onweer_g_ch1_g19_compr.mp4,ch1g19,3.40660407161958e-06,1.3508918751894908e-05,1.5288530850395725e-05,2.1434196546006228e-05,2.832271217328674e-05,1.0628056605739414e-05,1.5168600738671859e-05,6.512838298986299e-06,6.94289289201195e-06,4.974622021851883e-06,5.7138726106839213e-05,1.8045725830625832e-05,1.7553360318007686e-05,1.4111974050285356e-05,2.484407074816279e-05,6.263044401403314e-06,1.964634216709696e-05,6.453435360556749e-05,1.7049335362676457e-05,1.8082247719042518e-05,7.076049828559428e-06,1.6829486891182785e-05,1.8031887326889012e-05,8.881831400459203e-06,2.465145284812608e-05,3.6608702251181364e-06,1.0319346213607929e-05,5.502635980135749e-05,2.0172838173321984e-05,6.511380369732778e-05,3.567597266658256e-06,1.3331000257330393e-05,8.788748304080341e-06,6.547552055345793e-05,2.997288714542517e-05,4.691715256829796e-05,3.8673185028479735e-05,4.3086030183298834e-05,2.9461286037465196e-05,-1.4030790018206637e-05,-1.2023404730515166e-05,-5.222265701266272e-06,-3.880732709584721e-05,-0.00012776678573566346,5.170284963468886e-05,2.5323338667799485e-06,-9.134877499723766e-05,-0.0002235695204168823,-0.0002896268142050239,-0.00028886914014597813,-0.00015060480061769848,-0.0001364337215827935,-0.00010195456071256279,-0.00011271834456540298,1.68349821277149e-05,-1.8713866618935246e-05,-0.00012251194821200672,-0.0001114942619578013,9.454379486547158e-06,-1.7364990853876563e-05,3.4546145726002775e-05,5.38511932988476e-06,-0.0003402232973659162,-0.0001163655702080373,-0.0003824109338546876,-0.00011066013632081954,-0.00027844338611397816,-1.9650874560424112e-06,5.981094597126007e-07,-1.0387179915925216e-06,1.0827024403783923e-06,1.8122957515744035e-06,1.6003693225868925e-06,-1.001204023770259e-06,1.0147961649655569e-06,-1.4439278962202322e-06,1.1063312481953548e-06,1.007605567762667e-07,-2.879470229607251e-06,2.4238503672092126e-07,1.32177529002536e-06,9.052270591846227e-07,2.9495788172193717e-07,3.045234397305161e-07,1.4007295702043807e-06,-3.936961948176969e-06,5.465603605579584e-07,1.3157859109176536e-06,-1.0346435321580125e-06,1.255729591106011e-06,1.3610114854958059e-06,3.684146138576189e-07,1.6167420400325156e-06,3.0969861308529667e-07,1.1388608935334668e-06,-2.8299989280023115e-06,1.3196249475958e-06,-3.7335019757678785e-06,2.990853453209061e-07,9.1355860744884e-07,-1.0744883460762426e-06,2.3792866394953471e-07,6.040231156621569e-07,-2.1977250680301045e-07,-2.263945920494381e-07,-3.155776236821436e-07,7.785611125551401e-07,-2.172131642144026e-07,5.3811635267008216e-08,-1.9076177210263005e-07,2.835354129824072e-07,2.922789296278812e-07,-4.659757876549802e-08,-3.175810160314262e-07,-1.6810779039261972e-07,-8.292461285739525e-08,1.57507640706392e-07,8.174398073738255e-09,2.452236823316715e-07,-2.5648114785424127e-08,-3.39751485180504e-07,9.432205685347827e-07,-2.7145136487556116e-07,-3.2940507940255783e-07,8.579672648466911e-08,-3.1667026378016636e-07,-8.145103311963254e-09,-7.322235547997259e-08,2.4613546763573314e-07,-7.938880463165177e-08,3.6381088760587813e-07,1.0318337312022844e-08,-1.0572118845075853e-07,9.58739681084181e-07,6.953830566020867e-07
6800.000000000035,-0.01225709778829789,0.31915088245432943,-0.4052065025,0.00014543281372144716,0.3371690313061194,-0.3935383152666666,0.0016170148357243298,0.3366233847120257,-0.3808940895666667,0.0007023803568030044,0.336376859438395,-0.3849942186666666,-0.020263468458528864,0.34434529509390327,-0.4105030441,-0.019419023248882915,0.34287976705551393,-0.4237711051333334,-0.014407916739506699,0.33237092611643854,-0.4028399214,0.0399814075584659,0.33168704736346394,-0.2741818909666667,-0.0831684019460618,0.28893521590583116,-0.2988485167999999,0.013638820516760481,0.3133883124573315,-0.3481250645666666,-0.01596898245624427,0.2836378429198897,-0.3829580847333332,0.11626635833571226,0.20755877460561536,-0.1204839065099999,-0.152731171521361,0.23182620458351968,-0.1235649474666666,0.1577230415211519,0.03629672121821735,-0.05418737825,-0.18375461577395766,-0.02083599709257715,-0.1460595677333333,0.18649747974304906,-0.15981348008711335,-0.0166809440227666,-0.21918253488506165,-0.2141876266752479,-0.1995109379,0.1852135886115905,-0.201475386493778,-0.0026094218836999,-0.2106564331523951,-0.25347811095739525,-0.2441303119333333,0.1583909475587197,-0.2137990857837736,-0.0332637728669999,-0.1796559471520614,-0.2405978359770226,-0.2665451169666666,0.18147946397392614,-0.1903954594487075,-0.0263776110136666,-0.20585499538050353,-0.22159509327611,-0.203135744,0.08129297431935863,-0.17604306159510572,0.0460325864499999,-0.0795141764985664,-0.1831353464918733,-0.0443559734733333,0.09107896687757205,-0.5225187208052576,0.0665754212566666,-0.0331022074271507,-0.4548803634503419,-0.0205802901739999,0.08485161145719838,-0.7962258192660764,0.2609755709666666,-0.0613600658216748,-0.7894879294730418,0.1726235961,0.06755887209633706,-0.8271107736440645,0.2835213999333334,-0.06382938597874346,-0.8186769630404545,0.1514058958333333,0.09871308760892564,-0.8655060351548964,0.2253027954999999,-0.05460461275327796,-0.8476542680168339,0.0553670097233333,onweer_g_ch1_g19_compr.mp4,ch1g19,4.314959298671682e-06,1.2427524063669794e-05,1.5617786887570816e-05,2.243461462151368e-05,2.9835852895544034e-05,9.650684822051332e-06,1.5468240933126374e-05,5.118151445938926e-06,7.636535553299844e-06,5.041498790885377e-06,5.4510200136711984e-05,1.7422328827587725e-05,1.792807387019335e-05,1.4372503395658858e-05,2.4546569612256788e-05,5.8910131323837345e-06,2.097308738723453e-05,6.0842524679757355e-05,1.6830536651616913e-05,1.841130614275354e-05,5.8102979558974e-06,1.7192087934150095e-05,1.8443290906902235e-05,8.940864770980318e-06,2.6163407031613892e-05,3.978506235785228e-06,1.1021023506004203e-05,5.2322058572851516e-05,2.1290585579974922e-05,6.18544331297833e-05,3.88742422434108e-06,1.4403739968328266e-05,7.672184286232256e-06,6.322884769311552e-05,3.110933672522324e-05,2.9733505419798412e-05,2.033186818130891e-05,2.359778021433342e-05,1.0296344909569226e-05,-3.3873243028815936e-05,-3.10325049796134e-05,-2.2301406349099807e-05,-5.806511056397114e-05,-0.00014399867786215955,3.103009279828086e-05,-1.339012819555163e-05,-0.00010567680117976948,-0.00022573887441960878,-0.0003145854110119686,-0.00030682586073258535,-0.00018003136513822663,-0.00013844201405119536,-0.00013149527764144954,-0.00011061472314419085,-1.5946191303928607e-05,-1.317750338423188e-05,-0.00015431990520704526,-0.00010940273104862118,1.030682860741261e-05,-1.7957367548891724e-05,1.614731023266401e-05,-2.2587555078920883e-05,-0.0003584337513475181,-0.0001369642190105564,-0.0003992116031134077,-0.00013027845079983835,-0.00028975998462056276,-3.661243740333504e-05,7.625090727879985e-07,-5.588201500030757e-07,7.340155589540823e-07,1.3717730619048514e-06,1.0460924406476949e-06,-4.1880563293145155e-07,6.800403045418948e-07,-1.2795123083803692e-06,8.478863605339688e-07,3.0635332231491766e-07,-2.6926903884991454e-06,1.4730559487346246e-07,8.834994137146525e-07,6.221195009279237e-07,9.118475225049932e-08,1.715812078511289e-07,9.292682132992862e-07,-3.809154662309018e-06,4.1266447164110395e-07,8.572017371442813e-07,-3.862025984711626e-07,8.455027030751681e-07,9.081437797997317e-07,3.8501113295853616e-07,1.1039483954183829e-06,3.118567343292584e-07,9.36475184791752e-07,-2.685493721879679e-06,1.1586368208630262e-06,-3.5273100918473916e-06,3.113562177753344e-07,7.62855122819503e-07,-3.290603821773767e-07,1.5163574784451602e-07,3.816600801628813e-07,-2.4630621114373043e-07,-5.192317423773703e-07,-5.569791658736993e-07,4.790016700571647e-07,-2.3390978412875056e-07,1.9132439755942485e-07,-3.146257713269033e-07,2.2829627227239598e-07,1.4984395288807771e-07,-9.39957028592511e-08,-3.4912946581433384e-07,-1.8579965400369433e-07,-2.5026726338065465e-07,1.1688080986228201e-07,-1.900539016606253e-07,1.6008778426512987e-07,-1.1780722575666435e-07,-3.6807911794346624e-07,5.456459512031053e-07,-3.1215224723700225e-07,-3.6632324011227206e-07,7.110844472617855e-08,-5.347827253484658e-07,-2.0510177004154197e-08,-1.4349437056818684e-07,1.2291054798498646e-07,-2.5164639162151555e-07,2.215309668936095e-07,-7.366414860606353e-09,-2.124791013755684e-07,6.436917617719924e-07,7.021443761849755e-07
6816.6666666667015,-0.012536761837185119,0.31916993212287104,-0.4064481884333333,-0.00010893306416192997,0.3371759655913895,-0.3947850010666666,0.0013808841932324495,0.33663268723218065,-0.3821280030666667,0.00044568932566632305,0.3363727278116591,-0.386215194,-0.02056437079875895,0.3442967176230416,-0.4116424137333333,-0.01971261749312598,0.34283485608823894,-0.4249150732666668,-0.014710037795572724,0.3323359582426823,-0.4039663548,0.0399398655411612,0.3316141351936744,-0.2752930169333333,-0.08335675928223077,0.2887762129912686,-0.2995224128666666,0.013493361189661714,0.31340316069636354,-0.3493402818666666,-0.01615230355660517,0.2836141351882158,-0.3840821011999999,0.11634954972138493,0.2074334881457163,-0.12159771591,-0.15301967641737452,0.23159084532398885,-0.1234781931666666,0.15747860464245803,0.03595586884413434,-0.0550920431666666,-0.1839658264467057,-0.02116273212726733,-0.1453132972,0.1856465993979905,-0.1600373725460475,-0.0177910618094333,-0.21935094508110786,-0.21434588037909158,-0.1989784811333333,0.18421438617676641,-0.2016497733707964,-0.0039009568700333,-0.21073766605861233,-0.25360969067185235,-0.2436336020999999,0.15737417431943818,-0.2138577567128181,-0.0345454424803333,-0.17977426739806704,-0.24063636328342825,-0.2661438227333333,0.18058977891789346,-0.1905976505769424,-0.0274980711103333,-0.2059923610645796,-0.22172449846838335,-0.20335637,0.08136364500832521,-0.17603306973797542,0.0458738572933333,-0.07958477925131198,-0.1831528960693702,-0.0441883635999999,0.09101180466122834,-0.5225351305168977,0.06605297364,-0.033027689553462476,-0.4549216965538338,-0.0201589232706666,0.08510837796680014,-0.7966149121597133,0.2608066871666666,-0.06113509584459534,-0.7896692669312195,0.1726911157333333,0.06786443457777551,-0.8275400517257216,0.2834076832,-0.06359042221203685,-0.8188535964434184,0.1514958233666666,0.09890613964182016,-0.8658307657466343,0.2249845106666665,-0.054642438881962505,-0.8477409601745286,0.0552221695666666,onweer_g_ch1_g19_compr.mp4,ch1g19,5.279330863606394e-06,1.2201985895325008e-05,1.620775153635685e-05,2.3606176287713723e-05,3.112642717909026e-05,9.667829874666232e-06,1.60315090845956e-05,3.7662157997089855e-06,8.135889573956841e-06,5.409572303065892e-06,5.15631972035719e-05,1.7338603848467843e-05,1.8691614631034783e-05,1.4892878074253814e-05,2.414225999215116e-05,5.973508839721936e-06,2.2014308234107684e-05,5.671717446098251e-05,1.699402915339247e-05,1.9120647527110375e-05,5.848566431063285e-06,1.7666215545221303e-05,1.919688824879556e-05,9.320717279641133e-06,2.7463929451813214e-05,4.302335626809902e-06,1.1723934770729891e-05,4.928211809846818e-05,2.2462904924616865e-05,5.8194444338347345e-05,4.214569609575156e-06,1.5140654186881633e-05,7.851723846403269e-06,6.097307520960638e-05,3.229650829115318e-05,1.2456768367425218e-05,2.110357026850845e-06,4.283167763122763e-06,-8.69124348807304e-06,-5.3504217096347736e-05,-4.973085498129421e-05,-3.898009591484717e-05,-7.505094326156058e-05,-0.00015851312907972875,1.1184619817671157e-05,-2.8124257629610405e-05,-0.00011887673108543963,-0.00022892835329286503,-0.0003381400221980205,-0.00032853261098455953,-0.00021176991777248108,-0.00014739022697361843,-0.00016829770777234754,-0.00011989911737147246,-5.7239416081490536e-05,-2.1969156670299603e-05,-0.00018905199872121573,-0.00011584958251199426,1.1394810959130184e-05,-1.8827937147077914e-05,-5.915579932250723e-07,-4.805897212744668e-05,-0.0003704897626673909,-0.0001624879619682791,-0.0004101055624569831,-0.00015510960176709276,-0.0002981894723882543,-7.3282907858747e-05,8.338262057132341e-07,-3.4033066499639726e-07,4.5248061818774e-07,7.259830628693322e-07,3.630364892156173e-07,-1.438087600780872e-07,4.2024023780735196e-07,-9.686112963996478e-07,4.475206946151803e-07,4.912260583742338e-07,-2.676092007432031e-06,1.6524258888826673e-07,4.918669316280395e-07,4.0566932958322174e-07,-2.4204318405338703e-07,3.7653730181103395e-07,6.421041310201245e-07,-3.7911504713116283e-06,3.6427883030112336e-07,4.5221791915975997e-07,-6.037899494425567e-08,5.114591844129584e-07,4.990156044873269e-07,4.5520268628152e-07,4.684643378668709e-07,2.7583238795773606e-07,7.570817435582866e-07,-2.691023848867839e-06,8.029698534014185e-07,-3.4455112460095535e-06,2.831486115186854e-07,4.934704646623194e-07,1.154946452957476e-07,6.222789745363636e-08,2.2485998086218515e-07,-2.5569194759434915e-07,-7.436900576800002e-07,-7.10961361591911e-07,2.7288634216656413e-07,-2.330859523324068e-07,2.742334060417527e-07,-3.621432825982436e-07,1.5239084176045528e-07,-7.407054147856832e-10,-1.5001114460648305e-07,-3.5708615838576015e-07,-1.898148170362626e-07,-3.2333878323905966e-07,9.537918305877884e-08,-4.0066854470329443e-07,5.4398760484811536e-08,-1.9858991029146642e-07,-3.7258260296535046e-07,3.140634838670086e-07,-3.137263435396428e-07,-3.757048968258065e-07,5.050963507559617e-08,-6.733155673192452e-07,-3.797275158763648e-08,-1.831391569184986e-07,1.1830840499880827e-09,-4.0450529114336486e-07,5.8826145696364265e-08,-2.8670136620281604e-08,-2.863024711943727e-07,4.193156379311318e-07,8.415380450816286e-07
6833.3333333333685,-0.012817518499567675,0.3191723889403909,-0.4076428999666667,-0.0003678081889233302,0.3371712308652603,-0.3959785413333332,0.00113992177531698,0.33662965455607147,-0.3833087392666667,0.00018448666143737463,0.3363571503594595,-0.3873838344666666,-0.020868356720814687,0.344236948183568,-0.4127365592999999,-0.02000913798568687,0.3427788468515706,-0.4260137329,-0.01501468554910968,0.3322902364255808,-0.4050485128666667,0.03987490871228978,0.33153919722848696,-0.2763486241333333,-0.08355578000393707,0.2886121805896429,-0.3001925131,0.013341372381927466,0.31340576575187834,-0.3505072573666666,-0.01633879225651992,0.28357815188705326,-0.3851655805333333,0.11641550762550353,0.20730841635364242,-0.1226669355766666,-0.1533098680422424,0.23136068962969103,-0.1234524754999999,0.15724687052508338,0.03561778465596258,-0.0560355419799999,-0.1841688539876746,-0.02147490645204047,-0.1447564085333333,0.1848814997156054,-0.16027022081801903,-0.0188168995941,-0.21950077842092902,-0.21449655545975377,-0.1985539858,0.18333205153572418,-0.20184625651300234,-0.0050420725683666,-0.21080516797035342,-0.25374586370894164,-0.2432336290999999,0.15644135146380025,-0.21395157823767016,-0.0356756278169999,-0.17987802519051552,-0.24068793147155754,-0.2658312122666666,0.17978080627720863,-0.19081480135423792,-0.0285286149303333,-0.20611096243682497,-0.22184932332671448,-0.205004543,0.08143472511542679,-0.17602191063555062,0.0457142484733333,-0.07965598410586003,-0.18317128112232312,-0.0440201400466666,0.09098755382853205,-0.5225524398039206,0.0655548645766666,-0.03294178995738197,-0.45496951754213977,-0.0198663448673333,0.08540395921473602,-0.7970013476314628,0.2605646953,-0.06090437910407393,-0.7898679639275569,0.1725084647333333,0.06820868826779126,-0.8279652084138095,0.2831998016666667,-0.06334543759023599,-0.8190502370020265,0.1513091923,0.09917018163848013,-0.8661474801672807,0.2246174895999999,-0.05466463412302375,-0.847859922594617,0.0548536905466666,onweer_g_ch1_g19_compr.mp4,ch1g19,6.097817393121486e-06,1.2227109487268014e-05,1.6494976812696357e-05,2.4296265815396972e-05,3.168552934762854e-05,9.84571677433341e-06,1.6310613472344838e-05,2.5889543362740135e-06,8.290959933727273e-06,6.080636596052651e-06,4.8208178297995126e-05,1.7786311235886292e-05,1.896471957062525e-05,1.5171160548975459e-05,2.3643176361888534e-05,6.729314785354986e-06,2.2652165345050195e-05,5.214118366703608e-05,1.7490684022113694e-05,1.935694562062274e-05,5.933312107398276e-06,1.7991883899681334e-05,1.9474541580837665e-05,9.863638307147164e-06,2.8074825389109222e-05,4.592125330500039e-06,1.2345794005660123e-05,4.589475349457492e-05,2.3261921231275264e-05,5.391773484449548e-05,4.503346467156598e-06,1.539878144208432e-05,8.377970912626552e-06,5.835356823531213e-05,3.307748249474852e-05,-2.275890470017954e-06,-1.2627647814103609e-05,-1.1409125249993828e-05,-2.3824589522137914e-05,-6.834666214819078e-05,-6.389731586399016e-05,-5.17117464412649e-05,-8.604745943849633e-05,-0.00016536473205178837,-4.598092499013807e-06,-3.880628242099016e-05,-0.00012611180563569145,-0.00022884853335118852,-0.00035174301409085165,-0.00034251729932472454,-0.00023995819514281239,-0.0001598785183856554,-0.00020451307241994783,-0.00013579287362189152,-0.00010157932865512929,-3.9942578102529705e-05,-0.00022224457308040702,-0.0001284087743508883,1.2556453587890063e-05,-1.964031836949965e-05,-1.4717405928163438e-05,-6.984078538674209e-05,-0.000376935657855169,-0.0001916342769641765,-0.0004156002236849858,-0.00018433458280700207,-0.00030559205080027163,-0.00011139473839700294,8.357093153554965e-07,-2.5563307852123217e-07,2.378773812772968e-07,-5.958301397327307e-08,-5.32072686084264e-07,-4.2422079082295454e-08,2.3555564952712612e-07,-6.140485423484452e-07,2.223715094753387e-08,6.297291123535888e-07,-2.804693766070818e-06,3.510241787629295e-08,1.720808353963984e-07,2.5541751819103684e-07,-6.164840746114068e-07,4.203288239678835e-07,1.358189557467851e-07,-3.854283957410962e-06,1.8845991975828081e-07,1.2443399394917542e-07,8.267484565430587e-08,2.7168407079899284e-07,1.6447584001863411e-07,5.559410248688337e-07,-3.533907174543838e-07,2.1582393427828517e-07,6.223044499476658e-07,-2.7990023023221324e-06,3.2930525570819215e-07,-3.530642165939284e-06,2.2967911498095565e-07,1.5679653994365709e-07,3.528387436136744e-07,-1.563940508959199e-08,8.470645675833255e-08,-2.2876455141349942e-07,-8.751724409224659e-07,-8.170920946806089e-07,9.726407742628974e-08,-1.9976310267497608e-07,3.287276914353282e-07,-3.617636949327425e-07,7.361301356168332e-08,-8.815483577230138e-08,-2.2261172279234562e-07,-3.168527619071082e-07,-1.638658284150809e-07,-3.4467817281845953e-07,4.747513595373989e-08,-5.619765286383824e-07,1.6334015005978776e-08,-2.741466026028774e-07,-3.2800484007747557e-07,1.302848048299826e-07,-2.699760356695159e-07,-3.349966010836388e-07,3.404717189918871e-08,-7.576046536243619e-07,-5.519681039572502e-08,-1.8288716857235463e-07,-6.33019643121517e-08,-5.120738048879507e-07,-2.4314372677383542e-08,-4.8260468013462e-08,-3.091833746525552e-07,2.1286222846006052e-07,9.465263687135119e-07
6850.0000000000355,-0.013114486198661023,0.31916723679824943,-0.4092085252333334,-0.0006391287177233144,0.33715523599704855,-0.3975524238333333,0.0008869826658382603,0.3366139067702407,-0.3848706442333334,-8.985196921295992e-05,0.3363290605457255,-0.3889277557,-0.02118547513430291,0.3441622385208998,-0.4141995563,-0.020318205303829783,0.3427095704858679,-0.4274875968,-0.015332088035875241,0.3322340230400965,-0.4064966782666666,0.03981205399880211,0.33144644480657265,-0.2777572045666667,-0.08375590306064694,0.28843491341637,-0.3011421328000001,0.013177250628749802,0.31339709874567245,-0.3520272483333332,-0.016536724280775055,0.28353643203846474,-0.3866032644333333,0.11649672266655549,0.20718018408521344,-0.1239626422,-0.1536173331952186,0.23113041779752722,-0.1235535719333333,0.15710823469922153,0.03527063734084987,-0.0571995238366666,-0.18439189254316332,-0.021791059048971516,-0.1441807975333333,0.18425978121855796,-0.16051971147468386,-0.0203096509291666,-0.2196517396386524,-0.21465734264697273,-0.1982529481,0.18260308465020422,-0.2020508389321895,-0.0067423303283666,-0.21086071505663603,-0.2538911128616616,-0.2430369491666666,0.1556669599231909,-0.21405052316604434,-0.0373808239769999,-0.17996407245862248,-0.24074018946944603,-0.2657480856333333,0.17911708769144505,-0.19105001172405262,-0.0300409080136666,-0.20621947499297205,-0.22198355568091124,-0.206018329,0.0815112430929762,-0.17600930210368798,0.0455394785899999,-0.07973308881259444,-0.1831908194245714,-0.0438352230933333,0.09097867023935526,-0.522574072375172,0.0650629005033333,-0.03285696298010387,-0.4550512960647948,-0.0194626237973333,0.08572694577474461,-0.7973897424401958,0.2604044352999999,-0.06067501663454517,-0.7900740569307863,0.1725705807333333,0.06858560400756135,-0.8283925323036507,0.2830940490999999,-0.06310082262014158,-0.8192529208172169,0.1514031272333333,0.09945293232199245,-0.8664760680625695,0.2243687921999999,-0.05470249549896463,-0.8479994481342904,0.0547845718833333,onweer_g_ch1_g19_compr.mp4,ch1g19,6.840849489537867e-06,1.1998640540947529e-05,1.661463003576273e-05,2.3767843973730984e-05,3.0883061249904876e-05,9.695920796577097e-06,1.6438724478765232e-05,2.084736566397024e-06,8.235601734053003e-06,7.149232630869163e-06,4.475936470349455e-05,1.815656767134238e-05,1.8981991283036958e-05,1.5337252677146732e-05,2.285117750584709e-05,7.304136830726791e-06,2.224306736867653e-05,4.7634409424889863e-05,1.787640918282245e-05,1.9322743244518928e-05,5.727780231829816e-06,1.8042995156335454e-05,1.9486441884291856e-05,1.0437348507419822e-05,2.7503251806046328e-05,4.81171509761712e-06,1.2711530197151483e-05,4.256717928774178e-05,2.3368706317765398e-05,4.9464030702175454e-05,4.723917119380443e-06,1.5306129383531492e-05,8.734595286767628e-06,5.5163564496041904e-05,3.2802360664721825e-05,-1.2490078733519933e-05,-2.1329741890452082e-05,-2.0729803836250036e-05,-3.23572521902672e-05,-7.466100784410733e-05,-6.999649730898413e-05,-5.731781104658975e-05,-8.878475388484043e-05,-0.00016135967038760046,-1.3828606143734555e-05,-4.313210278640238e-05,-0.00012608710318838366,-0.00021989300054171945,-0.0003459979456773644,-0.00033826976043534846,-0.00025596669612798256,-0.00016791995909021118,-0.00022988119464176424,-0.00014755475226376798,-0.000142192741728605,-5.6222992475882204e-05,-0.00024472826519164934,-0.0001379366160558448,1.298033775290146e-05,-1.9664706628194126e-05,-2.9556802642328377e-05,-8.39733233760407e-05,-0.0003671332206749517,-0.0002067662045633592,-0.0004029638562203998,-0.0001999623378380751,-0.0003016798899720354,-0.00013621567106068263,7.860447395760865e-07,-2.8172564881852665e-07,4.859015160031465e-08,-1.0582947404447667e-06,-1.4407194694207495e-06,-6.803662198781389e-08,8.172884125032498e-08,-3.076213735873946e-07,-3.832972500884987e-07,6.431845569509956e-07,-2.9734714776284673e-06,-3.7932897919840074e-07,-1.0168786806562862e-07,1.3409480226797969e-07,-9.442942017014028e-07,3.59457885999596e-07,-6.344942752850039e-07,-3.899616579047633e-06,-2.502881150900192e-07,-1.583883281549417e-07,9.93752760838755e-08,5.295908815395543e-08,-1.2604793183016485e-07,6.190455836062192e-07,-1.1923698324410582e-06,1.5286231286822193e-07,4.7216302637203437e-07,-2.917538635130926e-06,-2.74641650040642e-07,-3.6503332741260277e-06,1.7242142253581457e-07,-1.8495192446378722e-07,4.297537034487458e-07,-5.906106253479119e-08,-1.848154126819264e-08,-1.6291460605569594e-07,-8.953308295731406e-07,-8.155600741008805e-07,-2.420914124481112e-08,-1.332645865531005e-07,3.341267668779091e-07,-3.0706357115411053e-07,1.2882953003426907e-09,-1.4018451224811198e-07,-2.804872435326913e-07,-2.3102017763156536e-07,-1.0540104275851004e-07,-2.9757788087572156e-07,1.0171726428845382e-08,-6.201884742147872e-07,-5.50349468556023e-09,-3.2227324480399007e-07,-2.3828190407325184e-07,2.1114052504222262e-08,-1.795996422643838e-07,-2.459300846453617e-07,3.601343448590813e-08,-7.467751575284554e-07,-6.818754506538192e-08,-1.338327826060586e-07,-9.728821324971146e-08,-5.528120410054308e-07,-8.321227316404508e-08,-6.213133905036957e-08,-2.722194254459527e-07,5.151372373937438e-08,9.486708878086132e-07
6866.666666666702,-0.013417385712865163,0.3191595869630901,-0.4107247799666667,-0.0009162524621722311,0.3371354281594797,-0.3990887335666666,0.000627806468737549,0.3365939813655926,-0.3863962062333334,-0.00037050621989330115,0.33629679482822994,-0.3904371717999999,-0.021507547378023333,0.34408365791998635,-0.4156307313999999,-0.020632563952330856,0.34263666343266164,-0.4289325750333334,-0.01565457955930192,0.332174539843446,-0.4079158221333333,0.039745310464753415,0.33135348283341665,-0.2791610519,-0.08395955884944493,0.2882649059316325,-0.3020978724333333,0.013003746430955747,0.31338497901759294,-0.3535064001666666,-0.016743471429177034,0.2834938909925462,-0.3880025877666666,0.11657648139650789,0.2070579762935049,-0.1252764085333333,-0.1539408400660157,0.23091739222408353,-0.1236547723333333,0.1569622608067713,0.034927453376908994,-0.0584068690633333,-0.18460573336841016,-0.022122362706630875,-0.1435551866999999,0.1836553434814377,-0.1607813515556205,-0.0219164471678333,-0.21978699394604315,-0.21482165325352645,-0.1978503549999999,0.18191674530658677,-0.20228414548709592,-0.0085711762916999,-0.21090510427533396,-0.2540403598810526,-0.2427060430666666,0.15493232497814252,-0.2142054308016215,-0.0391957422933333,-0.18004832229101927,-0.2407949349471947,-0.2655499379333333,0.17847371787186878,-0.1913075838211178,-0.0316648028013333,-0.20631690974605904,-0.2221202798855023,-0.207188293,0.08159165862072096,-0.1759948712595158,0.0453573205866666,-0.07981421097193789,-0.1832120023690608,-0.0436437671366666,0.09096982858329435,-0.5225855190581634,0.0646777333833333,-0.032760335903990044,-0.45513474256502656,-0.0190185301406666,0.08600947441569158,-0.7977044763429193,0.2604301288999999,-0.06042740796012746,-0.790250042900163,0.1727252239999999,0.06891627174537515,-0.828740672464601,0.2831792797666666,-0.06283667990968458,-0.8194190692833472,0.1515930668666666,0.09967362139387385,-0.8667316108426554,0.2243533888666666,-0.05472681617445244,-0.8481142343933589,0.0548524946033333,onweer_g_ch1_g19_compr.mp4,ch1g19,7.436384450263343e-06,1.1485445009366709e-05,1.6462199589695255e-05,2.225739077324924e-05,2.863824216458182e-05,9.215679421762637e-06,1.6323388333542006e-05,2.2051060587445437e-06,7.77806646572813e-06,7.967348515387604e-06,4.104455017500625e-05,1.8418772861008514e-05,1.8623325632823404e-05,1.5297007377880414e-05,2.1802261433565882e-05,8.150176808250805e-06,2.099292822660874e-05,4.310059052096013e-05,1.8127025620884626e-05,1.890030943343681e-05,5.23859765555872e-06,1.7838958355866336e-05,1.9104501874405128e-05,1.0947807456264242e-05,2.5585593564225436e-05,4.892531157731991e-06,1.2852363057176699e-05,3.908954604642491e-05,2.2719210019516705e-05,4.48590361631487e-05,4.8156132199969255e-06,1.4812014972101532e-05,8.900446549073448e-06,5.1289746585740065e-05,3.135620601880817e-05,-1.665095804163282e-05,-2.3314766294826012e-05,-2.3091053276424863e-05,-3.372149952311603e-05,-7.249834247380836e-05,-6.798856831463041e-05,-5.5605996520207526e-05,-8.262398757888667e-05,-0.00014645934203210838,-1.6052881656922496e-05,-4.077140609885061e-05,-0.00011943421222089927,-0.00020391392718652795,-0.00032880909969812053,-0.0003186953007396255,-0.0002658412287033126,-0.00016539233535115908,-0.00025167665407815914,-0.00014930749992799212,-0.00018334059053836427,-6.406625206317008e-05,-0.0002615664674401359,-0.00013804697944916913,1.2763146486950082e-05,-1.890506768720743e-05,-4.213789525613486e-05,-9.1335678839756e-05,-0.0003392478043634339,-0.00020325968270635235,-0.00037124017245170613,-0.00019683168905449227,-0.0002842682909783346,-0.00014574722286199744,7.076070593868439e-07,-3.540675520530111e-07,-5.187386135589361e-08,-1.9794087932274407e-06,-2.268881473395672e-06,-1.4902655795680845e-07,1.4587498635974294e-08,8.564891917455614e-08,-6.966753991053164e-07,6.576598155656086e-07,-3.099035450226911e-06,-6.461302529804914e-07,-2.6025049916385103e-07,8.950862358562711e-08,-1.227282735685631e-06,4.782261718157276e-07,-1.3266604199526912e-06,-3.851451620286018e-06,-5.439766860315289e-07,-3.2344968612949633e-07,6.50037468840734e-08,-4.892654762333963e-08,-2.9694943966985864e-07,6.724539260019846e-07,-1.9384698378000645e-06,6.810957558484678e-08,3.784352096979448e-07,-2.993980227496041e-06,-8.783554354687388e-07,-3.6808451127805507e-06,9.510852101058274e-08,-4.778719327246915e-07,4.04733772027267e-07,-9.937568708767731e-08,-1.512328503617573e-08,-1.0699601177840269e-07,-7.512821572366504e-07,-6.177935489701203e-07,-2.220915346773248e-08,-8.11510334531673e-08,2.7084830457162475e-07,-2.1627531556177843e-07,-5.3238476138218105e-09,-1.279685364390118e-07,-2.6471292570807615e-07,-1.492784605978391e-07,-6.217353078531664e-08,-2.1182549583405153e-07,4.4518504033252545e-08,-5.684435387294417e-07,3.217961504282388e-08,-2.904770870046581e-07,-1.5160433639647348e-07,4.450977378033447e-08,-1.0089385810559762e-07,-1.5906560801788098e-07,1.8004314386307138e-08,-5.6451446345753e-07,-7.317040292458428e-08,-8.68807271252636e-08,-7.827689118797161e-08,-5.166045345662168e-07,-6.942476695410448e-08,-6.803102993027726e-08,-2.1140020450383582e-07,3.813812392275497e-09,7.84634249769812e-07
6883.333333333369,-0.013725824826055402,0.31911807497927186,-0.4116822759333333,-0.0012009667874581355,0.3370871415335077,-0.4000644814666666,0.0003602900318797409,0.33654566118169427,-0.3873682606333333,-0.0006573954881232103,0.33623818393757415,-0.3913991699,-0.0218320492784958,0.3439870277567719,-0.4165536994,-0.02094950000964633,0.3425442653984567,-0.4298590169666667,-0.015979285671475673,0.3320951721176455,-0.4088315342333333,0.0396279170377931,0.3312549052814414,-0.2800796419333333,-0.08417874776482373,0.2880989107914959,-0.3027548477333333,0.012804812039444656,0.3133454604146169,-0.3544516523666666,-0.016965415427440397,0.2834304244357388,-0.3889088515666666,0.11657863922262286,0.2069340962651641,-0.1263235079,-0.15427696620349587,0.23070573220670004,-0.1236442543333333,0.15680019197260003,0.03458543948124459,-0.0594074013233333,-0.18480096469420207,-0.022461840577778957,-0.1429551814999999,0.18306505243974977,-0.1610474563757345,-0.0232259247709999,-0.21988764071291375,-0.2149912475727319,-0.1973611001999999,0.18126094722038164,-0.20253059709907745,-0.0100653832150333,-0.2109220468262455,-0.25419285425295335,-0.2422440226333332,0.15422856003813049,-0.21438774471827787,-0.0406621171066666,-0.18011685966773608,-0.24085626330670148,-0.2652132442333333,0.177849119167178,-0.1915710858924672,-0.0329823486033333,-0.20639089531214302,-0.222259943810175,-0.216149986,0.08167201511338452,-0.17597970162473237,0.0451762764433333,-0.07989505691010135,-0.183233443978275,-0.0434545607599999,0.09095605605588224,-0.522586471457267,0.0642151640866666,-0.03266279007245194,-0.4552190418196165,-0.0190474125573333,0.0862692135601553,-0.7979846058779758,0.2600973879333333,-0.06020785699073976,-0.7904213435084346,0.1724177092333333,0.06921660603623686,-0.8290511494271733,0.2828553990333332,-0.06260855117130583,-0.8195803279822987,0.1512968744666666,0.09984228587553569,-0.8669705675747745,0.2238767940999999,-0.054753655212239696,-0.8482327203137606,0.0544316074533333,onweer_g_ch1_g19_compr.mp4,ch1g19,7.982316650124252e-06,1.1037177855835368e-05,1.6349193069201955e-05,1.9790572223297743e-05,2.5813570690830688e-05,9.001386285979807e-06,1.6273814104256744e-05,2.7223801009890713e-06,7.013856022243899e-06,8.480501257652578e-06,3.8243936111446354e-05,1.8118270758276292e-05,1.8266005420524402e-05,1.5342359230607365e-05,2.06534597577462e-05,8.750946290331861e-06,1.9571066938243603e-05,3.963650839452238e-05,1.7873671206387616e-05,1.848074920915683e-05,5.452668805973521e-06,1.77465848633844e-05,1.870691875259423e-05,1.1592906659064944e-05,2.3137799746852007e-05,4.914310718376974e-06,1.3141497365749409e-05,3.645295218919873e-05,2.1506340250499905e-05,4.143963102648391e-05,4.861551061884133e-06,1.4156930466471724e-05,9.264557176712747e-06,4.7632648123107294e-05,2.923740582745799e-05,-1.1574354816218388e-05,-1.572947659436491e-05,-1.5586648426976358e-05,-2.4992594489576494e-05,-5.890602120305409e-05,-5.5009730671034386e-05,-4.3490452453042316e-05,-6.584935855451e-05,-0.00011855235607718653,-8.452318777178341e-06,-2.909298598812653e-05,-0.0001077582379189554,-0.00017810561437355845,-0.0003084643739709544,-0.00028689924429507686,-0.00027757419141051005,-0.00015790316948524657,-0.00027484111886661214,-0.0001430302426579789,-0.00022531043452185933,-6.742162587767249e-05,-0.0002785543952431457,-0.00013348309479671577,1.1727391531772076e-05,-1.7234432537837146e-05,-4.9641496063226705e-05,-9.57137771879985e-05,-0.0002986317412051805,-0.00019683112451607322,-0.00032675617095205117,-0.00019229379202932622,-0.0002621805014050095,-0.00015257841004938494,5.642991535349756e-07,-3.7191080747164077e-07,-1.2031138896028687e-07,-2.7103685933548804e-06,-2.8180492313553243e-06,-1.645242726916346e-07,-3.029657083323872e-08,3.828933528087601e-07,-8.396503618614119e-07,6.409355741241317e-07,-3.1896757794919886e-06,-8.457805979369992e-07,-3.5454265471297584e-07,5.8926620597273127e-08,-1.3837023091492572e-06,5.533908070054561e-07,-1.8171554461088203e-06,-3.7516142366753336e-06,-7.601912716522309e-07,-4.201170696659824e-07,1.3625642328445447e-07,-1.0044043141183506e-07,-3.996594270014651e-07,6.52479811929293e-07,-2.4357748521621817e-06,-1.80811680189494e-08,2.953349431187117e-07,-3.0277321664524035e-06,-1.4161023908847533e-06,-3.6960126214919603e-06,1.771389221917016e-08,-6.942045352902132e-07,4.0354386593542456e-07,-1.2836239969616025e-07,1.2083893848117133e-08,-6.866673460186314e-08,-4.986506439923141e-07,-3.569919077209135e-07,4.713065942390943e-09,-5.086600925519351e-08,1.6008650219632976e-07,-9.693535381727895e-08,1.3035237913274206e-09,-1.0110695129760298e-07,-2.1925548116960277e-07,-8.375822994768091e-08,-4.059273866025548e-08,-9.549862798637391e-08,5.8265680211117004e-08,-4.360475091277465e-07,7.229807589259641e-08,-2.3152240268349712e-07,-8.193614228890048e-08,6.877818875599832e-08,-4.6731456775522895e-08,-8.869829487344934e-08,-1.6372795569032394e-08,-3.280473620886221e-07,-7.069271999842392e-08,-5.5391236970489725e-08,-4.923826154787756e-08,-4.1606215637396533e-07,-5.6212810110025246e-08,-6.672431303879356e-08,-1.3689337950388228e-07,-1.8526281509260967e-08,5.102380616849543e-07
6900.000000000036,-0.014030092800481132,0.3191138615729556,-0.4114515642333333,-0.0014758546195846553,0.3370822466497453,-0.3998460125666666,0.00010097236325113824,0.33654202709266334,-0.3871568727333334,-0.0009311956261063229,0.3362254687992684,-0.3911863833,-0.02213933415051677,0.3439456622958928,-0.4163036499666667,-0.0212503893068766,0.3425062290610922,-0.4295965856666667,-0.01628467359738706,0.3320681710213715,-0.4085816199,0.0395035546414163,0.3312159864334998,-0.2799776653333334,-0.08437621997974432,0.2880311643699577,-0.3024883960999999,0.01259848542874241,0.31335269626387585,-0.3542653272666666,-0.01719235531768102,0.2834213246923551,-0.3886753940999999,0.11657538204570152,0.20686003746619488,-0.1267313844666666,-0.15459040300947213,0.23057115771886819,-0.1232711322333333,0.15664561793253842,0.03431879031383422,-0.0602070430833333,-0.18494938814376902,-0.02270952139887983,-0.1423298254666666,0.18254013109518893,-0.16127277519517597,-0.0242313417709999,-0.21993751133589412,-0.21513777028305733,-0.1967808275999999,0.18068009924767636,-0.2027695875406195,-0.0111645660670333,-0.2109097419007173,-0.2543259209208414,-0.2416262612333333,0.15358584359766836,-0.21460269493026646,-0.04172196052,-0.18015875456635944,-0.24091960337813922,-0.2647060176666666,0.17728634376710628,-0.19180419422407563,-0.0339838866933333,-0.20642694635801218,-0.2223840481935482,-0.211768836,0.08175260996451156,-0.17596881934261382,0.0449958100933333,-0.07997487591283357,-0.18324975749814865,-0.0432680554666666,0.09092825014106157,-0.522651872625669,0.0635646869233333,-0.032556828015892644,-0.45532041096801557,-0.0196282236233333,0.08651321618384693,-0.7982618953948647,0.2592782552,-0.05999811318811841,-0.7906127143864065,0.1715985044666666,0.0694925472505277,-0.8293545387498976,0.2820053304999999,-0.06239101037315712,-0.8197671412994114,0.1504504234333333,0.0999838464147405,-0.8672262381265222,0.2228938573666666,-0.05478514134823549,-0.8483964657293722,0.0535462449033333,onweer_g_ch1_g19_compr.mp4,ch1g19,8.51009527897179e-06,1.0606217141983444e-05,1.6318442427977757e-05,1.671952755909259e-05,2.230006568524601e-05,8.818876054067721e-06,1.6342784519564235e-05,3.3259823232897644e-06,6.050439889696157e-06,8.817774343528883e-06,3.583543573550437e-05,1.6598894822092582e-05,1.799191354456374e-05,1.5497933990742132e-05,1.949054699185058e-05,9.111567494112425e-06,1.73669447918028e-05,3.6813218779799664e-05,1.653925405718402e-05,1.8142588202542954e-05,5.739167405313338e-06,1.7819899139646567e-05,1.838578959317917e-05,1.2297597578904686e-05,2.0083689664875353e-05,4.8496035969995065e-06,1.3557188897617553e-05,3.4185313606737074e-05,1.975311946564458e-05,3.87450510636185e-05,4.843608532635201e-06,1.3347436068596691e-05,9.590401424418908e-06,4.405169159402007e-05,2.6017331056876284e-05,-8.013649801905234e-07,-1.6412315543665871e-06,-1.373834752417482e-06,-9.151662256388135e-06,-3.709166757647329e-05,-3.4282925807266206e-05,-2.4172824681660673e-05,-3.929527171640988e-05,-7.936539610015025e-05,5.297856532842992e-06,-1.1613550628328654e-05,-9.445014310827744e-05,-0.00014372464510804215,-0.00028751186579773527,-0.00024455421571011054,-0.0002884381338184407,-0.00015073959811407576,-0.0002997180844003797,-0.00014001171565095345,-0.00026922011562485043,-7.585894631431939e-05,-0.0002922886612527185,-0.00012916772479664424,9.710557776256508e-06,-1.4526454305859579e-05,-5.843152971846815e-05,-9.905367361982474e-05,-0.0002594699504511493,-0.00018813212869077625,-0.0002837017413733953,-0.00018571916299869087,-0.0002424415074727338,-0.0001591033466332047,4.3378339975775356e-07,-3.0883562307656856e-07,-2.0469299756717695e-07,-3.0585533105578085e-06,-3.0243913008598308e-06,-1.1460233255492644e-07,-1.0419391669182565e-07,4.580087978907977e-07,-7.668900717993299e-07,5.765367328581571e-07,-3.1715611647412974e-06,-1.0838706238811863e-06,-4.299904638428825e-07,-5.866279167154945e-09,-1.308070621059429e-06,5.751244057580471e-07,-2.1320137017914097e-06,-3.5395578966344913e-06,-9.941969941143355e-07,-4.98335717255809e-07,2.438207839893361e-07,-1.866692922822456e-07,-4.811991869211978e-07,5.363546747096955e-07,-2.6376737787196423e-06,-8.693811540573302e-08,1.874728729529305e-07,-2.9423076014772613e-06,-1.748313230481325e-06,-3.652033424802214e-06,-4.7507896475008894e-08,-7.220378759739787e-07,4.0500529411131747e-07,-1.5146883706450316e-07,5.3136525639226733e-08,-6.1298057928929e-08,-1.7616656981905258e-07,-6.32559857467363e-08,4.499617346572821e-08,-5.419604016072155e-08,3.664574113496196e-08,3.7461030746256776e-08,6.303306687734017e-09,-5.197099782084136e-08,-1.306961215623475e-07,-5.1271481487312885e-08,-5.136591228230796e-08,3.45882267002362e-08,4.594766947282725e-08,-2.3503355895323462e-07,1.1921521118532064e-07,-1.38976824363258e-07,-4.5972062910635403e-08,8.754707955036392e-08,-3.195530830299096e-08,-5.30613111058392e-08,-6.783955157720685e-08,-6.45547567659662e-08,-6.01476727945383e-08,-5.203338783178523e-08,-2.0462523470899827e-09,-2.672511893299591e-07,-3.1872939528491e-08,-5.823762784883598e-08,-6.62573444114849e-08,-2.6487991607117697e-08,1.8723964124552854e-07
6916.666666666703,-0.01432158732470177,0.31913773629390174,-0.4112468213,-0.0017378177004215966,0.33710644337242923,-0.3996441981666667,-0.0001469874428421448,0.33656679630099345,-0.3869608767666667,-0.0011913608261761013,0.33624329566156586,-0.3909878889333333,-0.02243052865429896,0.34394054931419354,-0.4160756800666667,-0.02153576069578834,0.3425035831300795,-0.4293599979333334,-0.016573001908390776,0.3320751700500004,-0.4083538556333333,0.03938032875538966,0.331195653817422,-0.2798658798,-0.08456289103869022,0.28798857218679014,-0.3022332872333333,0.012396112221030481,0.31338084398932947,-0.3540967683,-0.01741428089624444,0.2834388546213146,-0.3884727909666666,0.11657542632272695,0.20677319452650586,-0.1270942804,-0.15488593506103066,0.23044271164014196,-0.1229235663666666,0.15652250927915504,0.034043886039467085,-0.0610533797399999,-0.18506177972750815,-0.022945011831599724,-0.1418604071,0.18208465567818682,-0.1615665422084296,-0.0253296532533333,-0.21993406038624472,-0.21528118108455113,-0.1964161802999999,0.18018819835952662,-0.20309408736587437,-0.0123421064270333,-0.21085627466267656,-0.2544548520573829,-0.2412405600666666,0.15304003292989746,-0.2149065337462642,-0.0428621547833333,-0.180156761156933,-0.24098435969411314,-0.2644078325,0.1767994566160901,-0.19209953361855003,-0.03507897818,-0.20641670553079608,-0.22250523904860112,-0.215846941,0.08183285666215744,-0.1759596320704968,0.0448201376966666,-0.08005404769921899,-0.18326311451068808,-0.0430869375666666,0.09090317150806997,-0.5227226764201209,0.06297583451,-0.0324410428539811,-0.4554217494740831,-0.0202227296936666,0.08668682711242558,-0.7985208169207483,0.2585784013,-0.059787809985727185,-0.7908007135217253,0.1708230375999999,0.06968540762021286,-0.8296367521349931,0.2812920218666666,-0.0621760463378183,-0.8199500257379753,0.1496566782999999,0.1000867084906816,-0.867454410101459,0.2220510472,-0.05479076278111197,-0.8485588276951744,0.0526910940866666,onweer_g_ch1_g19_compr.mp4,ch1g19,8.884501197572882e-06,1.006436935248629e-05,1.6165810377868795e-05,1.3562832578602434e-05,1.8812876538475956e-05,8.492880454176454e-06,1.6313523137628927e-05,3.766077106046147e-06,5.178937232326331e-06,9.332364650229156e-06,3.310507407985975e-05,1.4921947167088171e-05,1.760240369877354e-05,1.5552411480470217e-05,1.813395962929823e-05,9.646006207232928e-06,1.4885342741397396e-05,3.385265313454301e-05,1.5035130085702566e-05,1.7691292304600745e-05,5.836893171016357e-06,1.7789646365799177e-05,1.793681963137011e-05,1.2914506931012537e-05,1.700761589161576e-05,4.690585252500538e-06,1.3918403302936995e-05,3.162836867387809e-05,1.7728124370789035e-05,3.5834288846211194e-05,4.7422727651696e-06,1.2500715250722086e-05,9.722319606852283e-06,4.018004672503799e-05,2.2700531601941384e-05,1.3366973478079494e-05,1.6176377000247998e-05,1.6885199815613693e-05,1.0648985063940726e-05,-1.0877580755473027e-05,-9.441366361337336e-06,-1.0853481542598178e-06,-9.33404333193608e-06,-3.6907140227183636e-05,2.246212128228531e-05,8.161564049945345e-06,-8.273756240527519e-05,-0.00010754618826419327,-0.0002681806471789135,-0.00020171356924355373,-0.0003008144837840122,-0.00014496899168089383,-0.0003260645584988924,-0.0001393320323682118,-0.00030956866452403327,-8.62221399086107e-05,-0.00030622550641104166,-0.0001261691170554052,7.219072342379826e-06,-1.135412651446515e-05,-6.636239079607112e-05,-9.835598185720389e-05,-0.00021573713260615262,-0.0001712768293893963,-0.00023662639775873,-0.00017153675539628398,-0.00022257290366507233,-0.00016236712149422458,3.043936113598032e-07,-1.652336566949274e-07,-1.7000210088713282e-07,-3.0131415799639757e-06,-2.914481049752636e-06,3.89025222263029e-08,-7.386506070569478e-08,4.070578435597049e-07,-6.314553837959411e-07,5.617131776937342e-07,-3.07664585870931e-06,-1.2142068935261308e-06,-3.622674513069615e-07,1.799857614842069e-08,-1.1800231392178962e-06,6.083364767849803e-07,-2.2079087588730338e-06,-3.2685329389720423e-06,-1.1271824748351194e-06,-4.1716804938298043e-07,4.934912036965717e-07,-9.858975916126299e-08,-4.140514406007391e-07,5.033998609715035e-07,-2.547647670632489e-06,-1.3961686818593942e-07,2.3252785000019245e-07,-2.807318522206718e-06,-1.9227473918202433e-06,-3.528072713485857e-06,-9.752211386156965e-08,-7.015838531036723e-07,4.561070542865782e-07,-1.6793387586560816e-07,9.513870379870114e-08,-6.631041868801946e-08,1.6564726911661997e-07,2.697784594150031e-07,8.669139342930503e-08,-7.223990488113936e-08,-7.302765465799403e-08,1.495893852943625e-07,2.6778133043265916e-08,4.1554155593816255e-08,2.98884607826991e-08,-3.814871711065866e-08,-7.50894734782487e-08,1.5623347027470274e-07,8.250650205935114e-08,6.091068831495657e-09,2.06188168289365e-07,1.4281475848189217e-08,-2.9120642092094665e-08,1.0059170818602907e-07,-3.66996965454902e-08,-3.579131554324597e-08,-1.2081174450180467e-07,2.3531138749644014e-07,-4.3569788853192456e-08,-6.743278460601483e-08,8.449140264877787e-08,-1.0247811469173252e-07,3.78981447935907e-08,-4.488550551585279e-08,-1.4976758051677326e-08,-2.4802212413061203e-08,2.608411107972155e-07
6933.33333333337,-0.014621262390967168,0.3191474902739275,-0.4106844692666666,-0.002008040538589192,0.33712073413255383,-0.3991108090999999,-0.0004054570074867285,0.3365813123051211,-0.3864327478,-0.0014582895476916967,0.3362531433693945,-0.3904660721,-0.022725602022742916,0.34393117184609756,-0.4155544096333333,-0.021826063550604038,0.3424956343320994,-0.4288276529333334,-0.01686509461265277,0.33207520752397096,-0.4078350717,0.03923846602905907,0.33118469866944017,-0.2795112172666667,-0.08475377440631672,0.2879540643481841,-0.3018445427666666,0.012176007982054008,0.31339873682410896,-0.3535859356333333,-0.017654017155553252,0.2834463647937583,-0.3879650537666667,0.11655791768904449,0.20668495961889627,-0.1272311893,-0.15516137983525208,0.2303243091857921,-0.1225493721333333,0.15639173969991776,0.033780493191450225,-0.0617484225499999,-0.1851323920645576,-0.023170717184614095,-0.1414043913333333,0.18169123012468308,-0.16189714206147396,-0.0262259093103333,-0.2198833600478235,-0.21542667025648032,-0.1960604582666666,0.17978079092745858,-0.20345879250818857,-0.0132948587337,-0.21076736165056403,-0.2545856601825006,-0.2408571402999999,0.15258820563680014,-0.21525409421261685,-0.0437564337533333,-0.18013033549048446,-0.24105846749794516,-0.2640853495,0.17638242429053408,-0.1924339209706571,-0.0359662993033333,-0.20637377047937777,-0.22262891568275056,-0.217928335,0.08191085775712939,-0.17595255823970654,0.0446505830933333,-0.08013035525942329,-0.1832735883305295,-0.04291376161,0.09087216998683334,-0.522799103453975,0.06261324083,-0.03230521823334834,-0.4555237711726528,-0.0208450917136666,0.08684268661543881,-0.7987589524555373,0.2581144824666667,-0.0595880068126611,-0.7909812638550159,0.1699108287666666,0.06985435472592992,-0.829895129988169,0.2808260903666666,-0.061977371262753295,-0.8201274649885194,0.1486894886333333,0.10017121343763771,-0.8676774350222537,0.2215021733666666,-0.05479726430919533,-0.8487313908132337,0.0515777020466666,onweer_g_ch1_g19_compr.mp4,ch1g19,9.185135930652841e-06,9.804682982293733e-06,1.6064381626390632e-05,1.0410717143576186e-05,1.583356083616655e-05,8.52379925306068e-06,1.631413138627203e-05,4.311306796581437e-06,4.443700551682986e-06,9.75414027517956e-06,3.0199294580738258e-05,1.3035662966647944e-05,1.734296697822935e-05,1.5637975580010608e-05,1.6937363095124982e-05,9.67618713416223e-06,1.2458188304624389e-05,3.088442885002822e-05,1.3326325818523897e-05,1.738645137215171e-05,6.401476397828633e-06,1.7811338901362458e-05,1.7614849838267535e-05,1.3455662769162786e-05,1.4401148369667236e-05,4.508166858198093e-06,1.4331632085638044e-05,2.8980633154054705e-05,1.572713106238152e-05,3.262980670095581e-05,4.610772038816522e-06,1.1935572931355033e-05,1.0086924101663253e-05,3.6486520887210226e-05,1.9621010019533293e-05,2.9239998603528562e-05,3.5437828553891397e-05,3.651870714240848e-05,3.161612222159743e-05,1.5224388449603947e-05,1.543714439586261e-05,2.2026982786031557e-05,1.980743580735766e-05,2.703463703379571e-07,4.005369223823801e-05,2.733162778810529e-05,-7.283255529476835e-05,-7.592319195335471e-05,-0.0002489916820756427,-0.00016220530018794263,-0.00030253223189673185,-0.0001387627495786967,-0.0003366575545275674,-0.0001358365711888515,-0.00032858430291825736,-9.141340197328739e-05,-0.0003077679237971595,-0.0001226117052948402,4.673620977440671e-06,-8.129035978240135e-06,-6.91698765063032e-05,-9.601953543201459e-05,-0.00016575957556132822,-0.0001498229107543922,-0.00018321025073483166,-0.00015237950037592303,-0.0001996519014448194,-0.00016406363590316334,1.551249267523449e-07,-2.610652199398505e-08,-2.132809692931731e-07,-2.7055762668795824e-06,-2.4960568645564523e-06,1.9313500664704988e-07,-1.302436992519761e-07,2.437222637236515e-07,-4.5280832081644636e-07,5.905247575628513e-07,-2.9825177393248663e-06,-1.2140703137337035e-06,-3.756018272500291e-07,-4.5149416978282194e-08,-1.0107809169690463e-06,6.45009361512991e-07,-2.0426132365674455e-06,-3.0270378657811258e-06,-1.128474642123391e-06,-4.169609757103171e-07,7.088808411514544e-07,-5.492228621181105e-08,-4.1747154850737125e-07,4.239470569466641e-07,-2.1815051100116936e-06,-1.6618727979136646e-07,2.6976002526556986e-07,-2.694169524197034e-06,-1.9433520706480534e-06,-3.409132390164638e-06,-1.2571848913961153e-07,-6.686585603621921e-07,4.746714480353703e-07,-1.789535846170488e-07,1.1071761885577115e-07,-8.663204569454271e-08,4.7060964694423997e-07,5.311749353823485e-07,9.576535629487859e-08,-1.0315480636848976e-07,-1.5313259856948415e-07,2.2411316655380214e-07,3.566336186289552e-08,1.7047932499868566e-07,1.907779959169549e-07,-4.776450191898958e-08,-1.1011340818386367e-07,2.59232838622975e-07,8.239228233417778e-08,2.2410123109278623e-07,3.151201083317957e-07,1.6305009788328035e-07,-3.6239470716789974e-08,6.336445115925848e-08,-6.0485508935765e-08,-4.197531752320458e-08,-1.657493877164344e-07,4.7439874130853027e-07,-2.586670877826978e-08,-9.522439177208016e-08,2.0026649878599317e-07,5.0180594681045685e-08,1.5190045283688425e-07,-3.047098638165718e-08,1.1046162608639303e-08,-4.3791768578581e-08,5.839864434030978e-07
6950.000000000037,-0.014895757195747655,0.31916333861920027,-0.4096468368333333,-0.002261128540356611,0.33714766199594254,-0.3981075556333333,-0.0006490519929854845,0.33660889780667935,-0.3854390459666666,-0.0017057754303983147,0.33627778306242284,-0.3894827345333333,-0.02299428113884483,0.34394265514553163,-0.4145741615666667,-0.022090466294972164,0.3425059795490488,-0.4278346067666667,-0.01712921022236876,0.3320903164229095,-0.406863515,0.03908788752890932,0.3312081696090683,-0.2787611554,-0.08493437903255895,0.2879529057993663,-0.3011359727,0.011961032101396162,0.3134284707475593,-0.3526236474333332,-0.017880300196549927,0.28346246696729827,-0.3870021119,0.11653542387390844,0.20660408747467926,-0.1270395722666666,-0.15537521042733232,0.2302470225945252,-0.1221051819333333,0.15625156241043286,0.033532669277522055,-0.0622842046033333,-0.18515220461853002,-0.023313662231246444,-0.1410053129,0.18133806259190516,-0.16222091757576262,-0.0268463809333333,-0.2197715264289242,-0.21556054727111187,-0.1957065815333333,0.1794199351994386,-0.20381770978003025,-0.0139190816170333,-0.2106370099161029,-0.2547185982154823,-0.2404457609666666,0.15219518049167113,-0.2156033610966651,-0.0443059264899999,-0.18004619256323626,-0.241165297615736,-0.2637002737,0.17601390423513275,-0.19276079935600468,-0.0365673773,-0.20627766123579674,-0.22274967229423495,-0.213808924,0.08198278219766475,-0.1759497625908915,0.0444930396966666,-0.08019988336960047,-0.18327894516887555,-0.0427554336666666,0.0908388965025143,-0.5228855698531498,0.0624315805233333,-0.032159629288044445,-0.4556234885221685,-0.0217564006003333,0.08699266625810013,-0.7988986586477617,0.2578996156666667,-0.05942007274184745,-0.7911638358104018,0.1688091079333333,0.07001653174868325,-0.8300473724097885,0.2806008126333332,-0.06182375965487185,-0.8203218753456551,0.1475191849333333,0.10025352439938441,-0.8678791289357857,0.2212882672,-0.054828667708038036,-0.8489164308483396,0.0502974102333333,onweer_g_ch1_g19_compr.mp4,ch1g19,9.25205401426017e-06,9.783417585666163e-06,1.57949162105913e-05,7.554307389521612e-06,1.3911497242254324e-05,8.775686307630665e-06,1.614156583334982e-05,4.537195382989442e-06,4.001421779344956e-06,1.0397563214429995e-05,2.7383454002398367e-05,1.1817445622962422e-05,1.6918813183809782e-05,1.555380137034717e-05,1.582586443889878e-05,1.0235167323036656e-05,1.055839439612687e-05,2.8233851830052596e-05,1.2244922611121224e-05,1.692142605452877e-05,7.084619877541286e-06,1.766558785583611e-05,1.714101657411483e-05,1.378644561673415e-05,1.2783266841003865e-05,4.32893517605253e-06,1.4526440330895382e-05,2.6444178151841836e-05,1.3679912254544025e-05,2.9536951585649806e-05,4.476844947429789e-06,1.1244440824922048e-05,1.0530859018074516e-05,3.320444794234129e-05,1.770169598882143e-05,4.3371482998944004e-05,5.2321731037923965e-05,5.369946752212123e-05,5.00094982735392e-05,3.753798356903095e-05,3.663338654183017e-05,4.163970712374561e-05,4.544871343576084e-05,3.074485355339543e-05,5.512436033054179e-05,4.337178306602792e-05,-6.613502057955443e-05,-4.807356510663846e-05,-0.0002351701433024223,-0.00012434796384274612,-0.00030434696359410245,-0.00013144236774350612,-0.0003442462960806113,-0.0001322680566482701,-0.00034056737202260685,-9.646964273514244e-05,-0.0003087050767009925,-0.00011822809158411913,2.4052452409197724e-06,-5.219251470076357e-06,-6.804904384108388e-05,-9.414515749880693e-05,-0.00011506853475985645,-0.00013198022921100445,-0.00012831301525303152,-0.00013655132385883827,-0.000173596703686381,-0.0001722621927713038,1.4741043610542346e-08,9.653141086620241e-08,-3.589986683554012e-07,-2.1148465191719713e-06,-1.7617230213654398e-06,2.933372861797089e-07,-2.9368776902318974e-07,-4.745398562136416e-09,-2.163583601099127e-07,6.347633304293454e-07,-2.8095863633268187e-06,-1.0276949894766674e-06,-4.86384351360942e-07,-2.114772720790704e-07,-7.463626309924193e-07,6.867832829103466e-07,-1.721301515543557e-06,-2.7327667768617324e-06,-9.681661088528067e-07,-5.205861744961102e-07,6.857042226616334e-07,-2.2112386776115374e-07,-5.218087498732735e-07,2.0760298485722832e-07,-1.5295925817492163e-06,-1.7568737886930539e-07,1.1266358221978537e-07,-2.5115341397729797e-06,-1.7652716772167017e-06,-3.262043745495539e-06,-1.4166058132208804e-07,-5.845090768334732e-07,4.0785449700353154e-07,-1.7929347604899058e-07,9.791640137563009e-08,-1.1027375447674415e-07,6.98585964264921e-07,6.838942440281924e-07,7.023769479185367e-08,-1.3412191962747678e-07,-1.8724631511425557e-07,2.488626014537424e-07,2.3235060125496162e-08,3.0896991569936943e-07,3.21396941322956e-07,-6.649559030373806e-08,-1.4401108224672035e-07,3.324691785941778e-07,2.6851186636922887e-08,3.736788746097339e-07,4.2352386955523314e-07,2.803085803281275e-07,-5.3102872235421506e-08,-1.827373748917567e-08,-9.059861087753973e-08,-5.8529975335488426e-08,-1.9513304013777683e-07,6.176926853754942e-07,-1.0508563445474846e-08,-1.2041170697814136e-07,3.23924898489844e-07,1.7778589397683467e-07,2.825490588629317e-07,-1.8162857009679558e-08,2.4342299269472315e-08,-8.406261216978683e-08,8.444365374041118e-07
6966.666666666704,-0.015172380682127087,0.31922169207997136,-0.4084478894,-0.0025132537143375032,0.33721623130128253,-0.3969357312999999,-0.0008922257118858552,0.3366789391730486,-0.3842793591,-0.0019510727000222935,0.33634494339220516,-0.3883302528999999,-0.023260477191355294,0.3440015914394526,-0.4134114537666666,-0.022353963492704444,0.3425626702917476,-0.4266567901666667,-0.01739043961888759,0.332150259626126,-0.4057103339999999,0.038940813759702285,0.33127714784089396,-0.2778233140666666,-0.0851091657662759,0.28801053530647447,-0.3001883710999999,0.01174378476931411,0.31349844905704133,-0.3514978855666665,-0.018109787999502473,0.2835203776006462,-0.3858562950666667,0.11651564156208766,0.2065419489713773,-0.1265792337,-0.15555347813560993,0.2302309468042611,-0.1214722717666666,0.156108196117497,0.03330669388896239,-0.0624452467899999,-0.1851611101604218,-0.023385853734563502,-0.1402494356,0.18101302789217916,-0.16253583101053345,-0.0270504478033333,-0.219652603483705,-0.21569090240995892,-0.1948232000999999,0.17909417042901718,-0.2041720914408696,-0.0140949576173666,-0.21050782227580694,-0.2548558352475014,-0.2394415220333332,0.15185849381676722,-0.21596095124970688,-0.0444030035799999,-0.17996987626482233,-0.24128093146112745,-0.2627418280333333,0.17568153104005457,-0.1930793999816518,-0.03674045143,-0.20617807080041475,-0.22287015012910613,-0.214884087,0.08205392056807238,-0.1759522960345347,0.04434734794,-0.08026776692986375,-0.1832789879357943,-0.04261130504,0.09081012263875039,-0.5229648694340644,0.0621965532,-0.03201581831828358,-0.45571135117690353,-0.0226281634203333,0.08714846102347153,-0.7989738487547449,0.2577425097666667,-0.05930529418052144,-0.7912511702851003,0.1679306025333333,0.07018556873190267,-0.8301324980926289,0.2804355686999999,-0.061729355871413594,-0.8204160077872674,0.1466277969666666,0.10035550522245602,-0.8680435685202568,0.2211362291666666,-0.054853385890597864,-0.8490553175297054,0.0494129816133333,onweer_g_ch1_g19_compr.mp4,ch1g19,9.314477660116648e-06,1.0196268408441103e-05,1.540947855156156e-05,5.732015005817556e-06,1.2873166681347224e-05,9.365312229777354e-06,1.5806727166662975e-05,4.266573562166098e-06,4.101675060577443e-06,1.0954087825902655e-05,2.426946016540688e-05,1.105326637696934e-05,1.6458644191633485e-05,1.5300871662967245e-05,1.5084081059722787e-05,1.1052395738188369e-05,9.213988550543334e-06,2.5142087086428683e-05,1.1477891074668732e-05,1.6426382899198725e-05,8.091128291558833e-06,1.7393754961010893e-05,1.664845607887906e-05,1.3859393375521685e-05,1.1898796562928433e-05,4.174261071523746e-06,1.4564293502491376e-05,2.3654808337709533e-05,1.2067825989611855e-05,2.577998300141822e-05,4.345904526043049e-06,1.0813910930157892e-05,1.1165896313777516e-05,3.039571259888394e-05,1.653249355565934e-05,4.889315718066521e-05,5.953387226760382e-05,6.0821722324148824e-05,5.8127403308411096e-05,4.808073789094761e-05,4.6605232161843086e-05,5.0629269938917464e-05,5.6895205738561004e-05,4.427488172440116e-05,6.000909391473192e-05,4.951401144288004e-05,-6.673795097446441e-05,-3.348950288102783e-05,-0.00023196442317870432,-9.893121999749581e-05,-0.0003073485216888776,-0.00012443240170004395,-0.0003472033156152538,-0.00012749123049076387,-0.00034223697433482224,-9.805690670418595e-05,-0.00031028881163686246,-0.00011360943326397621,7.52981690036865e-07,-3.039409039825737e-06,-5.9341430801582456e-05,-8.805645549156882e-05,-5.8275908246226505e-05,-0.00010659175560920346,-6.756464626950343e-05,-0.00011172710714127514,-0.0001376105988542454,-0.00017060493620010784,-1.6380899781527982e-07,2.416559614537582e-07,-4.6646585188515997e-07,-1.1739776675492923e-06,-8.680755360162063e-07,4.115185791774121e-07,-4.311602301808278e-07,-2.6226527198497483e-07,5.1279138230796205e-08,7.063855501291236e-07,-2.5399772288104024e-06,-5.438865854542377e-07,-5.416262320109582e-07,-3.5699188963345453e-07,-3.987499173615382e-07,7.846128382074366e-07,-1.2553710692884472e-06,-2.383885087717325e-06,-5.443821821254988e-07,-5.613610017153614e-07,6.888896179348078e-07,-3.318478185116941e-07,-5.711856117408855e-07,1.732275467963265e-08,-7.190718620432439e-07,-1.7042540488149644e-07,-1.017146300783791e-08,-2.2435104331246903e-06,-1.440323782050201e-06,-3.040904084824074e-06,-1.47223039346776e-07,-5.50707708284722e-07,3.719093008366596e-07,-1.6937566393264129e-07,4.80554592202843e-08,-1.1175736772595742e-07,8.283549672051519e-07,7.450988646065536e-07,6.28357987857534e-09,-1.3956063683108254e-07,-1.7666607733165193e-07,2.2253491834080444e-07,-5.62667577976329e-09,4.5911543203316573e-07,4.1693434031304954e-07,-7.299494164200006e-08,-1.5138071177745608e-07,3.6356027695342463e-07,-9.617743977290454e-09,5.161149255521028e-07,5.528646839363915e-07,3.6695524984025417e-07,-5.8556767787400294e-08,-1.3572439995669745e-07,-1.0162337407422514e-07,-6.461238242812411e-08,-1.935214081186828e-07,6.781334898432057e-07,-8.794980201653983e-11,-1.2665095731878304e-07,4.576344256856207e-07,2.633086428535332e-07,4.5224852130776574e-07,-9.623742973016159e-09,1.1627942245379103e-08,-1.4565648043809252e-07,1.014931830915446e-06
6983.333333333371,-0.01545119865679882,0.31928425908998,-0.4073357223666667,-0.002767097404875622,0.3372887465213933,-0.3958576175333332,-0.0011376419849483419,0.3367528974697444,-0.3832112865666667,-0.0021984729822899676,0.3364162557578882,-0.3872678140333333,-0.023528474112546046,0.34406446001345,-0.4123327577333334,-0.022619778542697144,0.34262371241700657,-0.4255632952666666,-0.01765395470751089,0.33221458659787423,-0.4046386325666666,0.03879081560015454,0.3313492013393827,-0.2769490360999999,-0.08528833327861055,0.28807290296982363,-0.2992714986999999,0.011523935774669475,0.3135711227197292,-0.3504523415999999,-0.01834308012793069,0.28358126639991127,-0.3847836995333333,0.11648696054001434,0.2064820705115195,-0.1261408462333333,-0.15572626186702132,0.23022470422960367,-0.1208390903999999,0.15596379138682198,0.03308714164185807,-0.0624740087633333,-0.18515729033084116,-0.023445916648679028,-0.1395764221666666,0.18073978690756967,-0.16284449837193288,-0.0270136023833333,-0.21951215189961945,-0.2158104770421039,-0.1940527449999999,0.17883468599321606,-0.20451764035822168,-0.0140268648520333,-0.21035783606734007,-0.2549825273128735,-0.2385881096333333,0.15158720362244596,-0.21631131758746494,-0.0442711862933333,-0.1798534331188716,-0.24138681365325212,-0.2619014035333333,0.1754053502496106,-0.19339251713866107,-0.0366706868033333,-0.20604984450609698,-0.22298205062375023,-0.214913324,0.08212384927242214,-0.17595340716234392,0.0442161408566666,-0.08033455391199427,-0.18328041396529587,-0.0424806732633333,0.09079196145489724,-0.523024135390306,0.0622161368033333,-0.031870499977351814,-0.4557933622611331,-0.0233919871336666,0.08733959484642219,-0.7989589562386874,0.258034954,-0.059186662791940105,-0.7913225763500019,0.1672876591666666,0.07039462755264708,-0.8301235891492098,0.2807511524333332,-0.06162784253255158,-0.8204922968162931,0.1459957249666666,0.10047506451056794,-0.8681268906503546,0.2214931999,-0.05482185694680779,-0.849190919393166,0.04879279392,onweer_g_ch1_g19_compr.mp4,ch1g19,9.039469464616978e-06,1.0657677551751228e-05,1.4815028999252472e-05,5.0081041235273926e-06,1.2789275641801804e-05,9.937091078743986e-06,1.5224567625478896e-05,3.6516072306378095e-06,4.4075878632930536e-06,1.1753882802039857e-05,2.147503952532894e-05,1.1065127600147425e-05,1.581688137196397e-05,1.4787212556051008e-05,1.489171783837683e-05,1.2186535509943045e-05,8.601463575705056e-06,2.2438242108505425e-05,1.1381216787275097e-05,1.5771751380494294e-05,8.884979797853552e-06,1.690628046172336e-05,1.599441737010465e-05,1.3681651035119454e-05,1.1872943019517483e-05,4.008685099504827e-06,1.4360346415351945e-05,2.117593158913474e-05,1.077310278616905e-05,2.2367697063826553e-05,4.191541275390263e-06,1.0342918168986144e-05,1.1681580578214909e-05,2.8440297757842466e-05,1.644684989606403e-05,4.868332465379708e-05,6.013052007772615e-05,6.096919055877538e-05,5.9224960469196845e-05,5.034669571142802e-05,4.871477421487362e-05,5.233407488755925e-05,5.7221328870976045e-05,4.4928658309824304e-05,5.79006081192916e-05,4.866314745619657e-05,-7.151066880460763e-05,-2.9139847430522412e-05,-0.00023277846203869902,-8.767097404508617e-05,-0.00030212738229907165,-0.00011846984292320989,-0.00033779744094033235,-0.00012268657335760228,-0.00032661758171549876,-9.56735451733699e-05,-0.00030270948770743007,-0.00010902583235652596,9.498417565804919e-08,-1.923704066070678e-06,-4.459243694608601e-05,-8.33522634097761e-05,-1.1823640035331505e-07,-8.39724614410268e-05,-5.839904413104788e-06,-8.775817258587733e-05,-9.359444932916379e-05,-0.00016547809276601052,-3.5616561338495267e-07,2.8560667756563483e-07,-6.239180538744837e-07,-2.0644554145924048e-07,-3.62448270953449e-08,3.927255242356297e-07,-6.184588172845564e-07,-4.5601380392438923e-07,2.724010138870996e-07,7.687104279975657e-07,-2.131617447645499e-06,5.291324416590652e-08,-6.650765045859592e-07,-5.562933752700025e-07,-3.312289766149543e-08,8.448024525020202e-07,-6.988471024296496e-07,-1.9110971585462938e-06,-2.0998910006837537e-08,-6.678265432252067e-07,4.7513206768359585e-07,-4.811444438016161e-07,-6.843602630925786e-07,-1.9142130931782835e-07,4.271982320801758e-08,-1.618603065296547e-07,-1.837232512644377e-07,-1.8395145834802075e-06,-1.1083327260603523e-06,-2.681246601035254e-06,-1.5155246532508584e-07,-5.752069541888633e-07,2.0945010685947025e-07,-1.40203249060049e-07,-1.1448947551134701e-08,-9.194864883505031e-08,8.294121414905644e-07,6.867022976703064e-07,-6.743220272012807e-08,-1.1914142976975063e-07,-1.3148046230478058e-07,1.6213702851180165e-07,-6.078644669307017e-08,5.924106735061204e-07,4.2524784289108536e-07,-6.329207891708556e-08,-1.3068208293635224e-07,3.454828756323006e-07,-9.042688325606009e-08,5.538374813391198e-07,6.707993869299686e-07,3.7497294172692834e-07,-4.9511530685508737e-08,-2.493558612414049e-07,-9.279987745488483e-08,-5.622599845612135e-08,-1.6238153393173564e-07,6.316095032580058e-07,7.080686613399377e-09,-1.1025002957949038e-07,5.753311804337797e-07,3.0588890493434123e-07,6.205673433427392e-07,-3.047241485409063e-09,-6.373581310991648e-09,-2.043100005739776e-07,1.0669676487065962e-06
7000.000000000038,-0.015731495598458104,0.31934840886787363,-0.4069678305666667,-0.003011325022457858,0.33736290244969275,-0.3954780841999999,-0.0013738068422329214,0.3368282477343607,-0.3828398602,-0.0024364619418307584,0.3364896832447953,-0.3868907291999999,-0.0237917440739522,0.3441301465671473,-0.4119258259,-0.022880522418335596,0.3426878792311217,-0.4251574790333333,-0.01791347156358464,0.33228218137989024,-0.4042331133666666,0.038657476649998135,0.33141640082960716,-0.2766170987999999,-0.08545473369788062,0.2881330795921427,-0.2987838343666666,0.011304409959434363,0.31364337044829427,-0.3501095175333332,-0.018580459031525817,0.2836435829260115,-0.3844068571,0.11647110496292276,0.20641066953461704,-0.1261587062666666,-0.15589974288297692,0.23021225403884407,-0.1203859691666666,0.1559377064733886,0.03284458743715053,-0.0630940567599999,-0.18515266977026365,-0.023520461065715086,-0.1390371640333333,0.18062149050084048,-0.16314251208359545,-0.0279738801499999,-0.21936427961183752,-0.21592754907045436,-0.1935827519333333,0.17873326061956904,-0.20485066028657262,-0.0150971582690333,-0.21019931954261947,-0.25510984551083904,-0.2380867133666666,0.15143066261340243,-0.2166243935199623,-0.0452979115633333,-0.17972662091669486,-0.24148241453712557,-0.2614645640666667,0.17526595199566594,-0.193691481323991,-0.03762639761,-0.20590937800102546,-0.22309143935620154,-0.214442551,0.08219556223227778,-0.1759523481985303,0.0440855544066666,-0.08040316561351521,-0.18328312749466372,-0.04235116429,0.09077623133414192,-0.5230366460653689,0.0623298475633333,-0.03170850344421874,-0.45587484773791004,-0.0239819439136666,0.0875515926526325,-0.7989364053407755,0.2583585645,-0.0590063530495441,-0.791405728117884,0.1665989295,0.070626674927833,-0.8301090646269714,0.2810977425,-0.06145514844139314,-0.820582454415859,0.1453038347666666,0.10059538582658283,-0.868209580696615,0.2218622361,-0.05469239758735339,-0.8493960429610705,0.04809888062,onweer_g_ch1_g19_compr.mp4,ch1g19,8.594079851708854e-06,1.132389867837767e-05,1.413549227170195e-05,5.679569529966901e-06,1.3309258300176787e-05,1.0576694414976842e-05,1.4520727483036403e-05,2.934163674133397e-06,5.059124299237375e-06,1.2646087385142802e-05,1.9103368284384153e-05,1.1551431983251862e-05,1.5127949491211208e-05,1.413504298087092e-05,1.511776423560665e-05,1.326352204079797e-05,8.394801749916406e-06,2.029924634783183e-05,1.1713614041488879e-05,1.5085653198299959e-05,9.429619244154349e-06,1.636305909190292e-05,1.5307546424576388e-05,1.3361813125705255e-05,1.2382062769077778e-05,3.869849763604284e-06,1.405458733020105e-05,1.914976159179947e-05,1.0049891593186062e-05,1.9272253708445086e-05,4.0522600409101285e-06,9.897355410671976e-06,1.206227530017092e-05,2.7490877683879753e-05,1.7044771407394923e-05,4.4014654654807566e-05,5.440025405835015e-05,5.4455885013788714e-05,5.3547143014541535e-05,4.4857637689461045e-05,4.354584655970336e-05,4.743535290438812e-05,4.566555384941275e-05,3.4356726485028345e-05,4.8950598352709134e-05,4.190129179952269e-05,-8.102266361630679e-05,-3.559549965458738e-05,-0.00023921025580747647,-9.454072153957439e-05,-0.0002935117442397478,-0.00011821449245600961,-0.00032035731611095903,-0.00012038112030506934,-0.000300010855691883,-9.206363864634039e-05,-0.0002912160824541639,-0.0001084536130882507,4.1195392575168904e-07,-1.8831806364128717e-06,-2.67238922313956e-05,-8.199909301058281e-05,5.687269230012502e-05,-6.386501795284604e-05,5.4033234376289965e-05,-6.470420960186985e-05,-4.420098761149474e-05,-0.00015780304482632978,-5.073439613875813e-07,2.1248460244109182e-07,-7.648553035475237e-07,6.323931484033851e-07,5.789672856106286e-07,2.4194724300669333e-07,-7.864131929648271e-07,-5.07671624794246e-07,4.2717408720010543e-07,7.472404303230998e-07,-1.5162517709621847e-06,5.738526202583978e-07,-7.82042350851592e-07,-7.378514745504925e-07,3.03242119249842e-07,7.256439124208507e-07,-1.7546307572148802e-07,-1.226200403280066e-06,4.364020046448217e-07,-7.706539497873405e-07,1.0044191419608201e-07,-6.368878585767406e-07,-7.943627749490005e-07,-3.9248215513834474e-07,6.181767609872445e-07,-1.5434176688334966e-07,-3.794985904727938e-07,-1.226489698813296e-06,-7.95260697647014e-07,-2.0647019484263623e-06,-1.5638146365542945e-07,-6.279279606405154e-07,-5.948559264722954e-08,-9.231208399250077e-08,-7.691069033948835e-08,-5.892670548095055e-08,7.085028876251814e-07,5.479475928399225e-07,-1.4158832053153939e-07,-8.155665849092253e-08,-6.314811836771895e-08,8.225796349198865e-08,-1.337422160101846e-07,6.949498455227768e-07,3.587498086372055e-07,-4.357905939766257e-08,-9.077715195328116e-08,2.8395557390035107e-07,-1.647989923714882e-07,5.107298187163094e-07,7.6194467847144e-07,3.1467068840393784e-07,-3.2172861761874946e-08,-3.385033885981439e-07,-7.411969932841877e-08,-3.9372228378354043e-08,-1.1517142820999189e-07,5.116691724410314e-07,1.073810774007612e-08,-8.225795388251657e-08,6.616648063694186e-07,3.085629448569031e-07,7.75494305771384e-07,1.4163471214573338e-09,-1.626544200981023e-08,-2.501116048789961e-07,1.0130758510588805e-06
7016.666666666705,-0.01601919157408292,0.31940751043601096,-0.4067290566,-0.003262005592024689,0.337432477006441,-0.3952324852333332,-0.0016169649012441314,0.33689839474817096,-0.3825999405666667,-0.002680970173422748,0.3365587994814492,-0.3866451759333332,-0.024062453744732093,0.3441910200452467,-0.4116561343666667,-0.023148990482521736,0.34274714775994697,-0.4248933609333333,-0.018181036264972757,0.33234502948755446,-0.4039669458333332,0.03852275830042215,0.3314762281808003,-0.2764196763,-0.08562679676567787,0.28818281729829387,-0.2984540537666666,0.011078323917757364,0.31370649796714234,-0.3498973885666666,-0.01882576843345487,0.2836996978101209,-0.3841613684333333,0.11644980419781178,0.20633557569943606,-0.1263210032666666,-0.15608458157052488,0.23018660231993684,-0.1200451100666666,0.1559537379580429,0.032611546818805834,-0.0638877251666666,-0.18513789693652102,-0.023601918872924156,-0.1385904480999999,0.18055445414101262,-0.16340380803285684,-0.0292159746999999,-0.21922855254929893,-0.2160419730382644,-0.1931692879,0.17868706330323036,-0.20512898206985822,-0.0164805687720333,-0.21005163934109392,-0.2552290853555049,-0.2376517549333333,0.15131885666407102,-0.2168729700861547,-0.0466330167399999,-0.17961325861133878,-0.2415693939952612,-0.261091438,0.1751736651256651,-0.19394876410256623,-0.0388675867266666,-0.2057801098674411,-0.2231967143156484,-0.214090481,0.08226692336843261,-0.17595052339710301,0.04395995053,-0.08047159245488184,-0.18328630302120566,-0.04222700943,0.09074495168801322,-0.5230456376173122,0.0626866253733333,-0.031481765610425816,-0.4559597484054216,-0.024384415647,0.087735536641273,-0.7988676622431083,0.2591088667666666,-0.058821537595286195,-0.7914781888278029,0.1661384533333333,0.07082464826778381,-0.8300449949136022,0.2818994975,-0.061277104136291984,-0.8206564842589686,0.1448539244999999,0.10066233188871967,-0.8682565020809536,0.2227645918,-0.05455781873184588,-0.8495867953613145,0.0476903310233333,onweer_g_ch1_g19_compr.mp4,ch1g19,8.046543807857593e-06,1.1617666907598599e-05,1.340470708347516e-05,7.085323706843347e-06,1.3944203685333093e-05,1.0849068955059577e-05,1.373666263831107e-05,2.2418645304904494e-06,5.623152508783651e-06,1.3355982448149084e-05,1.8161826775633803e-05,1.2393492083722889e-05,1.4393745167110341e-05,1.3395498660717378e-05,1.5823497664691074e-05,1.3857720746762546e-05,8.165970448966704e-06,1.9685959259971764e-05,1.2367942358056076e-05,1.4371208893908692e-05,9.506727380219663e-06,1.5738477899874944e-05,1.456939111722715e-05,1.2965177898025201e-05,1.3026367788283473e-05,3.752293179266478e-06,1.3690909938130681e-05,1.8488791797901865e-05,9.660495727994784e-06,1.7727730872652114e-05,3.921709502715311e-06,9.393342577676958e-06,1.1954662403740758e-05,2.7881723348769442e-05,1.7962523651420113e-05,3.706081494032589e-05,4.5635316956656924e-05,4.480212103975085e-05,4.4489419249746126e-05,3.588823444355179e-05,3.524879010318328e-05,3.9756385453212686e-05,2.8592754230502252e-05,1.983816938049538e-05,3.701030185308206e-05,3.3150253348058196e-05,-8.987456007708389e-05,-4.516667195139592e-05,-0.00024434987029449444,-0.00011011440206099985,-0.0002783795287541068,-0.0001160453496204632,-0.00029543822381764706,-0.00011468121865860074,-0.00026748199147973113,-8.372748272100308e-05,-0.000274514119072491,-0.00010547327434084182,1.6906101488514878e-06,-2.9165937315022507e-06,-6.925401956355116e-06,-8.130407447725572e-05,0.00011539939167636522,-4.4003564250374145e-05,0.00011515749099101685,-4.0438348762400465e-05,1.2254021143961537e-05,-0.00014350604529618461,-6.016139915219344e-07,7.439254731446197e-08,-8.675039792290854e-07,1.2929187659275417e-06,9.705947962197327e-07,2.7282132465261574e-08,-9.101875009744115e-07,-4.812532908667734e-07,4.800837085518938e-07,5.471964501844144e-07,-7.502184783569904e-07,9.642405589710345e-07,-8.796343371787855e-07,-8.72679941264657e-07,5.768787850437567e-07,5.406708273919092e-07,3.348984398631845e-07,-3.82971908347193e-07,7.746445645595341e-07,-8.575995089116415e-07,-3.135605495864174e-07,-7.58440888205839e-07,-8.88054057348437e-07,-5.444231524514065e-07,9.873178972539238e-07,-1.5278140653808664e-07,-5.289821633445027e-07,-4.842025652156706e-07,-5.331725394668523e-07,-1.2047092321579082e-06,-1.6427906745190017e-07,-7.105700363157402e-07,-3.678348170601007e-07,-2.878903879322353e-08,-1.2096118404509492e-07,-1.3833699302601862e-08,5.289583101655958e-07,3.550757072901925e-07,-1.87896714391554e-07,-2.94321893257572e-08,1.980372216093677e-08,1.0232806867369508e-08,-1.9869701515206896e-07,7.402772622962312e-07,2.543720181136721e-07,-1.2283035172629142e-08,-3.5794373460224214e-08,1.878565915174669e-07,-2.1070766137737165e-07,4.2674352721622237e-07,7.982217704480459e-07,2.226597838640752e-07,-4.084990480454573e-09,-3.700654671620116e-07,-4.136523561854665e-08,-1.0918053930810977e-08,-5.677413706694675e-08,3.411326202460919e-07,9.20044661208276e-09,-4.152129700053272e-08,6.912920725706771e-07,2.945287737648936e-07,8.80104943938908e-07,2.2192121385286337e-09,-5.8487885845550734e-09,-2.6007884802455637e-07,8.986675305776084e-07
7033.333333333372,-0.016274187674396465,0.31943529185411706,-0.4066791416666667,-0.003479443988018297,0.3374698454724693,-0.3951781963333332,-0.0018289516324813183,0.33693475118832017,-0.3825504021666667,-0.002892419646261133,0.3365949071527459,-0.3865901975999999,-0.02429503961029855,0.344216608735851,-0.4115734875666667,-0.023378730012798176,0.3427724314564509,-0.4248192634333333,-0.018409836813599437,0.3323746117714824,-0.4038883342666666,0.03839940080100879,0.33149869389760445,-0.2763931810333333,-0.08576912418067693,0.2881921947663899,-0.2982776081333333,0.010869855022204718,0.3137320270309713,-0.3498673517999999,-0.019047777709602757,0.28372345667904364,-0.3840949181999999,0.11643508078626218,0.20624570262763725,-0.1265599925666667,-0.15622646602661314,0.2301277069015139,-0.1197990918666666,0.1560046035420963,0.032376452935585165,-0.0647119108766666,-0.18508708586265965,-0.023728831148610238,-0.138380902,0.18059464487438026,-0.1636558234689885,-0.0304694923566666,-0.2190880251311601,-0.21616014835347466,-0.1930306355666666,0.17876482908110464,-0.2054006123540396,-0.0178528949537,-0.20990536259836307,-0.25534835799489713,-0.2374962245666667,0.15134308108490707,-0.2171176396207513,-0.0479629048966666,-0.17950075329081178,-0.2416534029566377,-0.260976859,0.17519688263720554,-0.1941969595853474,-0.0401151802366666,-0.2056480782357647,-0.22330341290008843,-0.216789559,0.08232726461610532,-0.17594861710822662,0.0438468844933333,-0.0805288893068969,-0.1832895752423113,-0.0421162929333333,0.09071575294774414,-0.5230594916956304,0.0630782303733333,-0.03125620112924132,-0.4560383017369469,-0.0246569459303333,0.08791972682046527,-0.7987672770222565,0.2600083107666666,-0.05860994481095088,-0.7914919909399285,0.1659866219333333,0.07102327691342829,-0.8299440235724099,0.2828561500666667,-0.0610650611240675,-0.8206605085232077,0.1447279381666666,0.10075024456591733,-0.868252305739443,0.2238730285999999,-0.05435707529941333,-0.8497155600402511,0.0476517464533333,onweer_g_ch1_g19_compr.mp4,ch1g19,7.5236353873482356e-06,1.1453869014435467e-05,1.2631607168371863e-05,8.880131015579299e-06,1.5071385102663451e-05,1.0654884725560152e-05,1.290270390233002e-05,1.7971467681233728e-06,5.9935897194251506e-06,1.3994322808640131e-05,1.8093371469398662e-05,1.3501495974457318e-05,1.360923370986016e-05,1.2598447753186401e-05,1.6734393225423085e-05,1.430475429249087e-05,8.6090638378629e-06,2.0013244859633345e-05,1.3310888538265586e-05,1.3615183533305193e-05,8.911067535433375e-06,1.5073917109656104e-05,1.3776450107838657e-05,1.2548616294464098e-05,1.4173720019883932e-05,3.619150872878503e-06,1.329407803414993e-05,1.8647291788314545e-05,9.484045615344605e-06,1.7262965634592945e-05,3.7712291614182193e-06,8.735754523951235e-06,1.1296692693239533e-05,2.8944934788583087e-05,1.944412746512912e-05,2.9033051574905298e-05,3.563858317282361e-05,3.392099179975641e-05,3.4225048208314224e-05,2.6443396053328585e-05,2.657158559485339e-05,3.181430449613245e-05,8.633398514176196e-06,4.305114553495082e-06,2.3717867061720863e-05,2.418736984278278e-05,-9.776153789960958e-05,-5.871447936310068e-05,-0.0002463610208890445,-0.00012976616834709976,-0.000257309956477452,-0.00011191755901138717,-0.0002631660033503677,-0.00010469857636513553,-0.0002289355852974894,-7.085850169809849e-05,-0.0002525896676404649,-9.988773495735306e-05,3.363796125687583e-06,-4.3562762723091175e-06,1.0232985471786632e-05,-8.116912450938923e-05,0.00016581888252997445,-2.7252358149336197e-05,0.00016748930672355142,-1.9171479742817425e-05,6.502256901567822e-05,-0.0001254533235239452,-6.068856476532286e-07,-9.633425301673161e-08,-8.386982395145363e-07,1.665517597342387e-06,1.1625129401781787e-06,-1.9657889850682556e-07,-8.952334151848083e-07,-3.912675808100987e-07,4.31639339102713e-07,2.488693488884914e-07,1.60906744053474e-07,1.1176101666346023e-06,-8.570606294909162e-07,-8.63128743414285e-07,7.690016933580449e-07,2.3299659555092576e-07,7.681368077665381e-07,5.796955707285756e-07,9.077035533800529e-07,-8.289403437605608e-07,-6.651506925093166e-07,-7.564406511206478e-07,-8.643445317942162e-07,-5.637640877460301e-07,1.1797990996847011e-06,-1.4404220016339369e-07,-5.349218109672554e-07,3.669017702348768e-07,-2.939276417591269e-07,-1.114556273492022e-07,-1.6073575602527579e-07,-7.243686217058802e-07,-6.54637117007457e-07,4.1306575699579414e-08,-1.2662622882563204e-07,2.913063132354571e-08,3.23060941450102e-07,1.4528390128657563e-07,-1.8690202116223911e-07,2.1264068401280078e-08,7.681371351848828e-08,-3.744064026960967e-08,-2.513888389448917e-07,7.13222028263565e-07,9.707031547852887e-08,1.9074784527626284e-08,1.8349851727420567e-08,7.445123784596004e-08,-2.5401075439942603e-07,2.9826238035653044e-07,7.60965922442332e-07,8.530814749002779e-08,2.359107154577473e-08,-3.210599263024847e-07,-1.055864235399444e-08,1.7943542636767035e-08,-1.6804314324898098e-09,1.490809960582355e-07,6.492970170517578e-09,-1.3919354045682404e-09,6.52201668043605e-07,2.748847755156246e-07,9.015140381694031e-07,2.6346903914506444e-09,3.091224321332908e-08,-2.1906709186063698e-07,7.425042601446029e-07
7050.000000000039,-0.016518280807302655,0.3194511009817789,-0.4073557438,-0.0036845257895103114,0.33748994807097193,-0.3958411698666666,-0.0020293205521674795,0.3369522745714831,-0.3832117782666666,-0.003094319745695162,0.3366123910610398,-0.3872410316333333,-0.024518394107661035,0.34422134008903715,-0.4122135788666666,-0.02359905800253564,0.34277885799943364,-0.4254816895666667,-0.018631063372553797,0.3323886864917371,-0.4045280897666666,0.038290059135407076,0.3314787361069848,-0.2769425490999999,-0.08590551125673748,0.28815714851458074,-0.2987115388666666,0.010668347694744989,0.3137376017342925,-0.3505134651666665,-0.01926423886865372,0.28373075044002216,-0.3847350017666666,0.11642530762619495,0.20614033899980252,-0.1270606730666666,-0.1563682716758846,0.23003471082733054,-0.1199437540666666,0.15612800226859425,0.032125158891966335,-0.0655525311999999,-0.18502001543038868,-0.023901557397066054,-0.1384938831,0.18075845366130613,-0.16390374520684448,-0.0317388972566666,-0.2189366831424515,-0.2162616162233474,-0.1935768942666666,0.17896680114811278,-0.20564313835465345,-0.0192573864877,-0.20975106671177768,-0.25542564585530536,-0.2381872882666667,0.15149013643441414,-0.21731905156480766,-0.0493491061366666,-0.17937021755944108,-0.24168760370591663,-0.261674585,0.17534159173312724,-0.19444011756975368,-0.0413862851733333,-0.2054989068217529,-0.22338975332269354,-0.216143265,0.08238879189064925,-0.17594301469617718,0.0437482991533333,-0.08058863871451803,-0.18329586780141421,-0.0420166918866666,0.09069154150416409,-0.5230211341854718,0.0639786516666666,-0.031040180656652157,-0.45611097228394987,-0.0247300956703333,0.0881303888468436,-0.7985459592680652,0.2619146829,-0.058360091068385155,-0.7914954819361322,0.1659256627666666,0.07125814634443012,-0.8297165194973934,0.2848820841333333,-0.060803751331446824,-0.8206493148395398,0.1446984249,0.10087699222482514,-0.8681173887835403,0.2260625730666666,-0.05412413590366551,-0.8497958835666827,0.04761712435,onweer_g_ch1_g19_compr.mp4,ch1g19,6.773673230683536e-06,1.0962059040266712e-05,1.162254134922802e-05,1.0532244556107829e-05,1.631771279527955e-05,1.0103916972894314e-05,1.1845850493890791e-05,1.652788911679088e-06,6.179684302912805e-06,1.4217628916046804e-05,1.8649408832307544e-05,1.4766364047190512e-05,1.2549217496798259e-05,1.157830065484091e-05,1.7349425386792888e-05,1.4519943644117901e-05,9.488183853145147e-06,2.1015045083712948e-05,1.4380696559091178e-05,1.2592025790893173e-05,7.76063959091503e-06,1.4188273656264645e-05,1.2700854457439321e-05,1.1924151736798539e-05,1.5467246613338037e-05,3.4650207982304587e-06,1.2672678799052378e-05,1.930984957049548e-05,9.161320663838675e-06,1.7769450894652218e-05,3.6026771954904132e-06,7.673200308981505e-06,1.0261594815211563e-05,3.008268215234496e-05,2.11196626706601e-05,2.6201360015665868e-05,3.053502561378042e-05,2.8011546845355345e-05,2.895371557026661e-05,2.2426561826412713e-05,2.3415055819672423e-05,2.9302740272010146e-05,-8.685213842541494e-06,-5.453600768031371e-06,1.5161340802918903e-05,2.0558930410640874e-05,-0.00010226879855945801,-6.940811802768315e-05,-0.00024083638379760014,-0.00014546339871413156,-0.00023466153402054466,-0.0001066614668026115,-0.0002316468258307144,-9.211793443429207e-05,-0.00019593617011750175,-5.6283456248330074e-05,-0.0002304553561583461,-9.31783477921573e-05,4.829391158125327e-06,-5.579026929806765e-06,1.7774846194026263e-05,-8.367678321635812e-05,0.00020448953564751454,-1.7429992069464476e-05,0.00020781788411263272,-5.333265973744742e-06,0.00011115032563934251,-0.00010801735826101553,-5.244779682948593e-07,-2.5638739362972553e-07,-7.342958915121008e-07,1.8023081561675298e-06,1.0998855663321326e-06,-4.072895258978588e-07,-7.925393286903657e-07,-2.7194479035411345e-07,3.16738823295369e-07,-6.956669519604322e-08,9.776773390458353e-07,1.0168333806272826e-06,-7.707589270662195e-07,-7.617612910739844e-07,8.166565308248133e-07,-1.071528206844883e-07,9.74742552197428e-07,1.4497740856469004e-06,8.228600976951818e-07,-7.416817103819466e-07,-9.962988430566466e-07,-6.858054337974224e-07,-7.806895795312282e-07,-4.931734027058328e-07,1.142532839972845e-06,-1.4216050593354273e-07,-4.514356388512033e-07,1.1061149837971416e-06,-8.740606177503117e-08,9.686662181680208e-07,-1.5863346716101198e-07,-6.866100681011332e-07,-8.656506433794394e-07,1.22858182831918e-07,-9.44137402785051e-08,6.153359992134676e-08,1.3902825980777382e-07,-5.030340735979715e-08,-1.4179760378364997e-07,6.087156133961601e-08,1.0250881283741521e-07,-5.2326617742600736e-08,-2.7007085593036983e-07,6.169053891956353e-07,-8.603934243785354e-08,4.376364716741719e-08,6.117233521576344e-08,-3.5422993186826034e-08,-2.727957246557746e-07,1.3949547127825224e-07,6.515339437694068e-07,-7.233706424676878e-08,4.4638417872345736e-08,-2.0706447622942643e-07,1.1247359325515241e-08,4.0922119143331e-08,4.376531573867139e-08,-3.510983604933837e-08,4.007545919013762e-09,3.069148252215707e-08,5.485466736791299e-07,2.679391096279638e-07,8.336354806886508e-07,3.1038304494135837e-09,9.493309557505989e-08,-1.3824893011031052e-07,5.748052305166564e-07
7066.666666666706,-0.016746601057394055,0.3194519187775817,-0.4080447983333333,-0.003872072982887358,0.3374931221820212,-0.3965259368333332,-0.002213075551942416,0.336951271063715,-0.3838956094333333,-0.0032797078112842878,0.33661298398443495,-0.3879152803666665,-0.02472279177531404,0.3442115981144024,-0.4128797015,-0.023799709430796564,0.34277146882418086,-0.4261710292,-0.018833247809212344,0.3323888670871193,-0.4051945591,0.038197833178473514,0.3314310156495366,-0.2775812993,-0.08601746264280584,0.28810543446380904,-0.2992385382999999,0.010477009588632319,0.31372305677430506,-0.3511873264666665,-0.019467262459277282,0.2837238979343323,-0.3854069070333333,0.1164379349822249,0.2060193971194088,-0.1277192428,-0.15649856249727845,0.22992799527812963,-0.1202427900666666,0.15630047591790608,0.031865674055985505,-0.0667308936699999,-0.18490432239270269,-0.024092408184348005,-0.1387710705333333,0.1809890982036926,-0.16414499567753868,-0.0334395410166666,-0.21878011660765986,-0.21636614457038497,-0.1941869746333333,0.17924269189402645,-0.20587342670852216,-0.0211027638373666,-0.2095978194960981,-0.255501721068317,-0.2389076148666667,0.15170782433004562,-0.21750573327139214,-0.0511697516166666,-0.17924214670635277,-0.24171977102494055,-0.2624224733,0.17555275212615426,-0.1946749556132324,-0.04309347098,-0.20534843716762333,-0.2234759934574072,-0.216773123,0.08244812536863995,-0.17593666034246827,0.0436523149366666,-0.08064651676180455,-0.18330264688899284,-0.0419200297933333,0.09066935605607182,-0.522987467981945,0.0650364285966666,-0.030822762573608654,-0.45618907409843573,-0.0247137213103333,0.08826291735878698,-0.7983042237166882,0.2638087102666666,-0.058095796509740685,-0.7915007380106587,0.1658358942,0.07140720679718622,-0.8294679467900766,0.2868772363666666,-0.06052603714957623,-0.8206365758619577,0.1446274059666666,0.10098220761466507,-0.8679545745575078,0.2282462294666666,-0.053891995249449744,-0.8498761116788399,0.0475387631166666,onweer_g_ch1_g19_compr.mp4,ch1g19,6.1601737411209405e-06,1.049683807406732e-05,1.0720757259801491e-05,1.2571661595999382e-05,1.7423700911282423e-05,9.467950285445565e-06,1.089074044025972e-05,1.5467402062763423e-06,6.503153629012458e-06,1.4014943786893206e-05,1.9954469869289756e-05,1.589843340694121e-05,1.1582260989817106e-05,1.0654035897766154e-05,1.8016034933475575e-05,1.4257879559251734e-05,1.0464257028715804e-05,2.2794585381490998e-05,1.5332963546036312e-05,1.1663245509298782e-05,6.4344439437473e-06,1.3304595937735076e-05,1.1715411298060787e-05,1.1284630958292364e-05,1.665758691523653e-05,3.3165348928581925e-06,1.2059150728881282e-05,2.070061153958316e-05,9.190095184576595e-06,1.920392154332928e-05,3.437467524778111e-06,6.8563683726511025e-06,9.167728198769922e-06,3.195814634290373e-05,2.264011866008519e-05,2.5598990083623344e-05,2.7495299499221366e-05,2.4201874389375196e-05,2.581472405908268e-05,2.0314384983807168e-05,2.2085172574510166e-05,2.8463878862931366e-05,-2.5106164242291395e-05,-1.799768443259643e-05,8.031517939650717e-06,1.753881653911963e-05,-0.00010907868936941802,-8.557734709496747e-05,-0.00023595427305482004,-0.0001686367033939226,-0.00021846200737526083,-0.00010524060613804866,-0.00020714098897410272,-8.159241184851417e-05,-0.0001711944939300346,-4.282568244879736e-05,-0.00021462062897464163,-8.912388122802003e-05,6.3157851682118465e-06,-6.80288844834183e-06,2.386197930227154e-05,-8.441380031269274e-05,0.00023686366085102475,-6.050359340484169e-06,0.0002414064750429835,1.0617655174950627e-05,0.0001529020428725605,-8.392249498389392e-05,-3.442005916578165e-07,-3.632960024117228e-07,-6.173500914257289e-07,1.756568258458272e-06,9.263401743131405e-07,-5.738401708476425e-07,-6.691411338525054e-07,-1.4266571140608316e-07,2.167408449363795e-07,-3.5994800181776133e-07,1.5740096801054584e-06,7.669759132288283e-07,-6.769547609260023e-07,-6.358373058001742e-07,6.917264482315133e-07,-4.1784178574735824e-07,1.0130059832889408e-06,2.080500804090876e-06,6.109621200422354e-07,-6.497074918453558e-07,-1.249908552539177e-06,-6.170998927253452e-07,-6.935407854375512e-07,-3.868780338953555e-07,9.952166422359076e-07,-1.4532803246405648e-07,-3.4377236668268883e-07,1.619326435127443e-06,1.2962067393741962e-07,1.8349176729667275e-06,-1.5896018303275123e-07,-5.776251653713823e-07,-1.0146643239731617e-06,1.938738686752252e-07,-3.4593035626284394e-08,7.99268862684434e-08,-1.9184933227649287e-08,-2.0649711430687584e-07,-6.1033568925759e-08,8.509872595958751e-08,1.0614687234510226e-07,-4.928898468499089e-08,-2.4145557525324955e-07,4.5322315066052685e-07,-2.506385516072568e-07,5.8320328011230897e-08,8.760095838992367e-08,-1.4733792696582213e-07,-2.5725792700066017e-07,-2.0845272048327408e-08,4.695780980363136e-07,-2.111676519429307e-07,5.6821886662573955e-08,-4.5451849445895796e-08,2.8410366626186247e-08,5.5180679435462943e-08,7.929829107393651e-08,-1.8519214147132502e-07,1.4590139126603276e-09,5.3516946509348114e-08,3.7968940899622086e-07,2.547720666331844e-07,6.767626763995975e-07,3.3472713038786286e-09,1.5011612464572206e-07,-2.8328391562807438e-08,4.091909722895608e-07
7083.333333333373,-0.016934959256807824,0.3194478945133426,-0.4082213363666666,-0.00402108508876184,0.33749051372497896,-0.3966876462333333,-0.0023590369879418426,0.3369445701975474,-0.3840633716999999,-0.0034256591740488987,0.33660953900889684,-0.3880766966999999,-0.024879926430934694,0.344208287742165,-0.4130394528666666,-0.023953854901266204,0.3427693936637584,-0.4263452645333333,-0.018987587080994114,0.3323930259546592,-0.4053578966666666,0.038114276351556606,0.33137287162567036,-0.2777914523666666,-0.08609751058834485,0.28806878669283753,-0.2994074797,0.010308070120630723,0.313701558120332,-0.3513889451333332,-0.01964133126775263,0.28371552228753283,-0.3856129046333333,0.11644646781389394,0.20588369901272996,-0.1281325478666667,-0.15660579916620257,0.22982368801036773,-0.1204211445999999,0.15648784465585916,0.03159856193782988,-0.0677003095733333,-0.18473911523498118,-0.02428938780949967,-0.1390120501333333,0.18129762820626827,-0.16439207906178901,-0.0346984708966666,-0.21860975813674058,-0.21649057021802193,-0.194705469,0.17961401803807364,-0.20611195005460062,-0.0224141135360333,-0.209442860883344,-0.2556045603540242,-0.2394634356333334,0.15203230826816633,-0.21770291180872245,-0.0524477026433333,-0.17911921610435202,-0.2417914999576831,-0.2630132516666666,0.17585094074207186,-0.19491421745721915,-0.0443427367133333,-0.20519340312099557,-0.22358264947416084,-0.217903897,0.08250174573258476,-0.17593001746862783,0.0435595523533333,-0.0806976251491746,-0.18330965214356035,-0.0418275480966666,0.0906588528253091,-0.5229784244638094,0.0660316878333333,-0.030591260932055882,-0.4562858318332219,-0.0249035330766666,0.08839646172690066,-0.7980620826403532,0.2656103848333333,-0.057821989676751215,-0.7915256758661483,0.1654179737333333,0.07155684801930831,-0.8292203741604165,0.2887580699,-0.0602411224743232,-0.8206436754214441,0.1442068326333333,0.10109855554643137,-0.8677871151026778,0.2303693955999999,-0.05363865189701711,-0.8499643508740891,0.0470753453966666,onweer_g_ch1_g19_compr.mp4,ch1g19,5.894492591110969e-06,1.0109511422087504e-05,9.921525602419739e-06,1.443756830875126e-05,1.8190153884707047e-05,8.833393919501468e-06,1.0042392374052947e-05,1.6088561997764995e-06,6.732213634570817e-06,1.3490791621247621e-05,2.1930330054748684e-05,1.661178175138027e-05,1.0704314330405244e-05,9.84798951565002e-06,1.8648059059539914e-05,1.3582971176177377e-05,1.1401273847878018e-05,2.5285912314593533e-05,1.59284447595745e-05,1.0809481453550136e-05,5.0942444051736065e-06,1.2432966425391806e-05,1.0806514113422339e-05,1.0727327225642327e-05,1.752723900996644e-05,3.123955701033218e-06,1.14925659005303e-05,2.2712325942979003e-05,9.29519013393514e-06,2.1510030087729443e-05,3.2335339608053555e-06,6.299666985496782e-06,8.107054234553396e-06,3.426726508333255e-05,2.368373829806658e-05,2.5174019519928093e-05,2.5162915226047656e-05,2.1344906575215893e-05,2.3590986557217653e-05,1.9280784520659057e-05,2.164036854510945e-05,2.8099894968980418e-05,-3.791957043485325e-05,-2.8831586466334354e-05,2.125775021366005e-06,1.4621787699131519e-05,-0.0001133168911875375,-0.00010077481928014067,-0.00022601966610200468,-0.0001895598118290668,-0.00020267711383150947,-0.00010568903165122236,-0.00018425351722376292,-7.304285999304512e-05,-0.00015145752172062487,-3.3584304787756525e-05,-0.0002007831960355894,-8.69786171955341e-05,7.380581009624649e-06,-7.661003987681618e-06,2.4371703382976993e-05,-8.427993817859451e-05,0.0002611368143076089,6.249274165432957e-06,0.000266422356656985,2.5825658978242055e-05,0.0001792854856637381,-6.0981487660409813e-05,-1.0766819228425582e-07,-3.976219001359177e-07,-4.841689668309994e-07,1.5599255064410425e-06,6.756822084733326e-07,-6.278913469682559e-07,-5.259379164061276e-07,-6.081541195715538e-09,1.203539967525115e-07,-6.315005289583703e-07,1.9062923116056195e-06,3.8442762654250276e-07,-5.623214385211052e-07,-4.880068052963085e-07,4.3565646840296637e-07,-7.202331096377113e-07,8.893164591725591e-07,2.423301715350067e-06,2.8514681241249976e-07,-5.374400935685348e-07,-1.2680293919018385e-06,-5.413360966393691e-07,-5.860368765876548e-07,-2.5940737778835456e-07,7.734951325639055e-07,-1.4334884230986297e-07,-2.2461720853615176e-07,1.8762662308314558e-06,3.5473677394739556e-07,2.397357442106341e-06,-1.5358636625084197e-07,-3.7325509529661965e-07,-1.0275277086178415e-06,2.384865528897926e-07,3.794879710871632e-08,6.264408080337837e-08,-1.3683252417083938e-07,-2.9588405834454535e-07,3.214897330722443e-08,7.193514097039913e-08,8.507355009501299e-08,-2.5460881910248178e-08,-1.759462547305166e-07,2.3614945661447957e-07,-3.678981422869841e-07,4.11159240025085e-08,7.625745753740168e-08,-2.402000648569028e-07,-2.1239481667010983e-07,-1.5581355734555337e-07,2.280280282810718e-07,-3.062976436496765e-07,3.6830569989773595e-08,1.163966511637749e-07,1.1394025264065715e-08,3.9183612403733084e-08,7.87258665938478e-08,-2.7758820209589035e-07,3.2924532444774856e-10,3.8847356671858584e-08,1.6308599134249005e-07,2.340727888232427e-07,4.364867967297095e-07,3.86232458222788e-09,1.8882462840771383e-07,8.525630448752054e-08,3.2319709559707515e-07
7100.00000000004,-0.017129545427178264,0.3194809541587801,-0.4085016281999999,-0.004174627601713362,0.33752055773052886,-0.3969409619999999,-0.0025104674741045527,0.3369702133983439,-0.3843199994999999,-0.0035783369168637504,0.33663791332181386,-0.3883280762999999,-0.02504581309950493,0.34423613730515734,-0.4132923364999999,-0.024118450352872484,0.3428000734690999,-0.4266153232333333,-0.019153202653542988,0.33242981564650315,-0.4056141102333333,0.03803223469645637,0.3313274069240266,-0.2780538131333333,-0.08619554996436637,0.2880462835020629,-0.2996344978666666,0.010132528948133058,0.31370600994799713,-0.3516820946666665,-0.019828755753596446,0.2837369299577925,-0.3859132537666666,0.11645248803155904,0.20577316194747683,-0.1285590497666666,-0.15672150926869438,0.22972278738664553,-0.1206317781999999,0.1567623101903529,0.03139868592634132,-0.0686512328866666,-0.18457834338322002,-0.024486738001054192,-0.1393283377,0.1816817010170647,-0.1645630461831657,-0.0359608018433333,-0.21849806338019745,-0.21660297065716616,-0.1953449384,0.18005022914729332,-0.20625458325262588,-0.0237525266333666,-0.20935542802160748,-0.255679296202737,-0.2401737341666667,0.15241053333874868,-0.21781334834883478,-0.0537544899033333,-0.17907102752240664,-0.2418261157876398,-0.2637291262999999,0.17621841044009587,-0.19508402810213715,-0.0456015938866666,-0.2050986743258766,-0.22367469142560958,-0.215654209,0.08255313587790682,-0.17592196383242734,0.0434660435933333,-0.08074695950277168,-0.1833179480351171,-0.04173325181,0.09064112140587038,-0.5229611705445062,0.0672198650566666,-0.030385128308177786,-0.45637505664248984,-0.0247369497366666,0.08847207116504173,-0.7977894170855693,0.2677836292666666,-0.05755417908494592,-0.7915272194735913,0.1655168503999999,0.0716479503516781,-0.8289440609104917,0.2910462872333333,-0.05996152324597221,-0.8206255934731719,0.1443333563999999,0.10117797097936908,-0.867594035371631,0.2329564835666666,-0.05344074117089736,-0.8500148143918804,0.0472836848633333,onweer_g_ch1_g19_compr.mp4,ch1g19,5.856801926260533e-06,9.699739994670354e-06,9.493503212826526e-06,1.5477918070575008e-05,1.864624861440607e-05,8.171320392314996e-06,9.593735439532171e-06,1.8384770705586808e-06,6.726934168451895e-06,1.258565966238971e-05,2.417665252854421e-05,1.675075455024254e-05,1.0237837885315408e-05,9.400262575338113e-06,1.893492212200287e-05,1.2458401001707324e-05,1.2637575711543479e-05,2.8138721075829103e-05,1.5960444903510866e-05,1.0358882253076481e-05,3.912844998479989e-06,1.1973674739849523e-05,1.0322093030468498e-05,1.039857894636027e-05,1.810238995968657e-05,2.9516088941162994e-06,1.1139362657761556e-05,2.4939703969020924e-05,9.330360284459958e-06,2.4400003389564532e-05,3.054855783990007e-06,5.85970439683604e-06,7.074209151289642e-06,3.6251496708306426e-05,2.4133634698705605e-05,3.1345874288166724e-05,2.9596750402856138e-05,2.5535809873581486e-05,2.829799280181399e-05,2.5696938478406308e-05,2.828078458069887e-05,3.438278545243262e-05,-4.264552436540729e-05,-3.113487928887692e-05,3.342906966758951e-06,1.807872007509285e-05,-0.00011299182882721512,-0.00010983602728336193,-0.00020814076348598144,-0.0002005182867589512,-0.00018088396413351926,-0.00010590469531294591,-0.00015729753874101128,-6.608584001542659e-05,-0.00013076643144630334,-2.7171542754432944e-05,-0.00018161931891685868,-8.515217640200944e-05,8.104232724184815e-06,-8.2125906958988e-06,2.3734332422771747e-05,-8.259394013890462e-05,0.00028774418927505173,2.1432678446550815e-05,0.00029359219795558467,4.2834152410508513e-05,0.00020287099230822326,-3.396084397656388e-05,1.4397908872434139e-07,-3.0255882714227656e-07,-4.0375516045079446e-07,1.3277501569554708e-06,3.9426260498702733e-07,-5.243416404252381e-07,-4.3166294518744975e-07,5.017759721538005e-08,1.0977447056823232e-07,-7.761451989254847e-07,1.9934684092106576e-06,-2.111517526576515e-08,-5.045588881644172e-07,-3.862851300963111e-07,8.698412681606211e-08,-8.40746541802442e-07,6.489803349477542e-07,2.5095841807215347e-06,-4.963741901493871e-08,-4.86502043923275e-07,-1.0226377132959881e-06,-5.202055060643711e-07,-5.315389986680776e-07,-1.6111188791036203e-07,5.069759483056401e-07,-1.416535376267617e-07,-1.739046635294679e-07,1.8866067671493583e-06,5.702346228884186e-07,2.6914841484708365e-06,-1.4745055625559541e-07,-1.584167167031896e-07,-8.55104683163126e-07,2.5142655619169946e-07,1.1268524274656225e-07,1.7956325764412788e-08,-1.865230894943516e-07,-3.108293446881338e-07,1.2122409768651743e-07,2.8505443759832194e-08,4.8069198538085854e-08,1.4313088922970017e-08,-8.228425502638134e-08,8.705826430086881e-09,-4.1126602729403737e-07,2.091977244682138e-09,3.399000157692872e-08,-2.977699958514608e-07,-1.4367064462829195e-07,-2.5921523986886835e-07,-2.8288961513985882e-08,-3.362594407458056e-07,-4.676566047409292e-09,2.456349640440436e-07,-3.886497939583524e-08,1.1545136528151073e-09,4.123497536295125e-08,-3.0221857127253515e-07,-1.4631802661349794e-09,-1.6660648531124776e-08,-5.7765026280597746e-08,2.0269043927620715e-07,1.5431120048984577e-07,2.470928891975635e-09,2.038084665346783e-07,1.8410440986425164e-07,3.7348707546305626e-07
7116.666666666707,-0.01732125539170248,0.31953781014711097,-0.4086680950333333,-0.00432712095344169,0.33757337073192745,-0.3970804646999999,-0.0026610039748230546,0.3370190753969728,-0.3844642357999999,-0.00372955691607873,0.3366896733932513,-0.3884698053333332,-0.02520930600744245,0.3442877746929322,-0.4134507527333332,-0.024280632698015864,0.34285434658330516,-0.4267882194333333,-0.019316090729880726,0.33249022228639735,-0.4057767345666666,0.037943555423590264,0.3312982624938598,-0.2782138307333333,-0.08629508097306288,0.2880399744975752,-0.2998129551666666,0.009956520362886419,0.3137289407879506,-0.3518614609333332,-0.020016058104595565,0.2837786123324105,-0.3861171344333333,0.1164557826538667,0.2056716547942496,-0.1288841533666666,-0.15684629824805685,0.2296246638671251,-0.1208277281999999,0.15704152325672638,0.031215666798724145,-0.0695717102699999,-0.18442065871776017,-0.02468419764175684,-0.1396174624333333,0.1821274092766951,-0.16472227129179032,-0.0372376576966666,-0.21840147154848155,-0.21671400319348208,-0.1958185300999999,0.18057851500268815,-0.20638872956532853,-0.025133722455,-0.20928445257864825,-0.2557508281384466,-0.2406597181666667,0.15287896200097842,-0.21793371054034766,-0.0551220901666666,-0.17903879844993797,-0.24185795321566905,-0.2642204513666666,0.1766500725065673,-0.1952495789884958,-0.0468839157966666,-0.20501609332858461,-0.22376476011096305,-0.218293384,0.08260381811391349,-0.1759124855110432,0.0433781377933333,-0.08079557809209764,-0.18332752026266982,-0.0416432829433333,0.09062313272805254,-0.5229412604610238,0.0684194117599999,-0.030198273032223447,-0.4564628579553936,-0.0246502406866666,0.08852849824648619,-0.7975033191561187,0.2697917057999999,-0.05729750393922824,-0.7915238988681873,0.1656532943666666,0.07171428668858917,-0.8286551313380628,0.293146288,-0.05969553025893402,-0.8206024053748394,0.1445143329666666,0.10123198660652113,-0.8673932069610388,0.2353180747333333,-0.05325387258610955,-0.8500609588844987,0.0475781509333333,onweer_g_ch1_g19_compr.mp4,ch1g19,6.244704736201654e-06,9.461322775896219e-06,9.348643534075354e-06,1.615733053051194e-05,1.8548655797626198e-05,7.676850275331393e-06,9.435191359054421e-06,1.8317828921085947e-06,6.77414695359698e-06,1.1457955583697925e-05,2.640182388628739e-05,1.5973434893615055e-05,1.0005055780147664e-05,9.258114738162634e-06,1.8979110994791455e-05,1.120818407375138e-05,1.3387809666112284e-05,3.087775254256217e-05,1.5205294795446186e-05,1.0137696164623052e-05,2.90101332163377e-06,1.1703180371666563e-05,1.0073860516593937e-05,1.0401686073161989e-05,1.81070577195045e-05,2.8195027171743154e-06,1.1105100402127958e-05,2.7049352577318962e-05,9.815004507044923e-06,2.744224565660792e-05,2.92261679312326e-06,5.8574917860759525e-06,6.29403793069561e-06,3.79796009398023e-05,2.3644587733219e-05,4.052795282067428e-05,3.671614361057391e-05,3.267070802473876e-05,3.5782875881953206e-05,3.504120027883058e-05,3.765603396610381e-05,4.3452767825799534e-05,-4.608628153872999e-05,-2.961179422706476e-05,7.2847596175271896e-06,2.4110937641438865e-05,-0.00011320050092954666,-0.00011751018859399513,-0.00018833157057873085,-0.0002119207364844383,-0.00016505844665114277,-0.00011221270426774203,-0.00013862817056306534,-6.497524040337033e-05,-0.00011999551638980354,-2.496369041246499e-05,-0.0001688168365493652,-8.834126241394642e-05,8.592121265763332e-06,-8.612765861625049e-06,1.9855486670492838e-05,-7.933407125518506e-05,0.00029895058483265147,3.7072271463052903e-05,0.00030462077909950314,5.974553461201601e-05,0.00021697251709649272,-9.932373855405014e-06,4.1280694983824143e-07,-1.0107153435247316e-07,-4.064843281979772e-07,1.1609160405395203e-06,1.17813244602884e-07,-2.995156816421089e-07,-4.2409879834819436e-07,4.582087560977998e-08,1.8731898379506912e-07,-8.07864080385091e-07,1.782204430339665e-06,-4.0953036171579655e-07,-5.18139545158553e-07,-3.7274690032332564e-07,-2.664739397921916e-07,-8.79608314080575e-07,3.540361529598739e-07,2.226543487688719e-06,-3.737480745120966e-07,-5.074415111439879e-07,-5.967805049706054e-07,-5.775927685136234e-07,-5.44450489285834e-07,-1.3938080026574405e-07,2.254151578726858e-07,-1.4146824718847836e-07,-2.1976390917914754e-07,1.6149235544530856e-06,7.954382535774356e-07,2.5733961435043534e-06,-1.4420432716552954e-07,8.769507168683593e-08,-5.563506508688111e-07,2.1961418590279371e-07,1.705361609037299e-07,-3.448578315825045e-08,-1.828897314390576e-07,-2.617609736820734e-07,1.874777747553817e-07,-2.5583095277949407e-08,1.725652759336664e-08,5.0533508203725714e-08,2.2353541277225336e-08,-1.9664379722763214e-07,-3.733335549962188e-07,-3.781525514182217e-08,-2.2195967677222245e-08,-3.2372555038488214e-07,-6.602984805253216e-08,-3.0164460329829426e-07,-2.6212359379727927e-07,-2.9497471938795334e-07,-4.52726351718332e-08,3.3700215264831016e-07,-8.247250580416839e-08,-3.714229236153651e-08,-1.6170707630140922e-08,-2.6450698950180986e-07,-4.273701868789418e-09,-8.37818872378919e-08,-2.501053258874741e-07,1.380066987492226e-07,-1.2491892152148958e-07,-1.088569152646595e-09,1.708933762653386e-07,2.512026972847867e-07,4.79460261180119e-07
7133.333333333374,-0.017508160767296894,0.3195995474130944,-0.4085696768666667,-0.004478932354482898,0.33763138821325545,-0.3969545250333333,-0.0028121235719524374,0.3370740947605671,-0.3843440509999999,-0.0038798561655738286,0.33674718364680856,-0.3883538136999999,-0.025369506622689796,0.3443469052169293,-0.4133544206999999,-0.024440338265247524,0.3429158998237948,-0.4266992376333333,-0.019475798160806482,0.33255652560276616,-0.4056868374333333,0.03782440992414728,0.3312749653465589,-0.2781440953,-0.08639768258347058,0.288037355778782,-0.2998145078666667,0.009781458108303899,0.3137573625507465,-0.3517932255333333,-0.020201203767133545,0.28382367325273616,-0.3860742628,0.11643884561971818,0.20557234631405097,-0.1290315606333333,-0.1569651219487103,0.22952722013857904,-0.1209640561999999,0.15727127588431272,0.0310458539728268,-0.0701448615799999,-0.1842581102682176,-0.0248673559747414,-0.1398627415,0.18254785127622278,-0.1648789008377343,-0.0378818501066666,-0.21830682624799863,-0.2168165082233774,-0.1960356464666666,0.18107875403508247,-0.2065202175443062,-0.025768636345,-0.209224696373689,-0.25580632114044255,-0.2408402487000001,0.15333468278530563,-0.2180554521369969,-0.0557225214066666,-0.17902105425333312,-0.24188318263351344,-0.2643942068666666,0.17706264442917893,-0.19541265080448472,-0.0475184992533333,-0.20494236802222743,-0.2238457627966568,-0.215133384,0.08264925640655542,-0.1759045328887744,0.04329917952,-0.08083923936676941,-0.18333555531080908,-0.04156240689,0.09058727079567633,-0.5229254726286388,0.0696661631066666,-0.030040480624096044,-0.45653727883123907,-0.0246213677,0.08849642292877541,-0.7972041943197912,0.2717631254333333,-0.05707506893762264,-0.7914712971330864,0.1659466400999999,0.07167688437021673,-0.8283512547393845,0.2952004557666667,-0.059471098803677805,-0.8205335191557607,0.1448651261666666,0.10119773668373228,-0.8671863966642803,0.2376114175999999,-0.053104537081269755,-0.8500731168869082,0.0480651337733333,onweer_g_ch1_g19_compr.mp4,ch1g19,6.88783987784141e-06,9.50411279975871e-06,9.256595280074764e-06,1.707361776503113e-05,1.8608022891094075e-05,7.518063780949749e-06,9.312669587622551e-06,1.743688703770358e-06,6.95480658253965e-06,1.0395648164557323e-05,2.815282299048364e-05,1.5203993821361665e-05,9.757209021387053e-06,9.227512919746603e-06,1.865331287135809e-05,1.0268230564839265e-05,1.360867478254869e-05,3.3026569629179754e-05,1.4489831705674622e-05,9.886879852460717e-06,2.520848550175916e-06,1.1371713223743155e-05,9.798577030117405e-06,1.0517563613232737e-05,1.8257207073993435e-05,2.7111085000350766e-06,1.12612155381391e-05,2.8589317552038278e-05,1.0820099553751759e-05,3.0086833096008598e-05,2.8130517518992985e-06,6.2186542862892895e-06,5.919320961134612e-06,3.933359560051663e-05,2.3308385465352367e-05,5.001628833137166e-05,4.385624550794569e-05,4.0036494763284386e-05,4.324256610921406e-05,4.358395948398096e-05,4.6383607328373417e-05,5.2042921299349026e-05,-5.0450471574190816e-05,-3.0712848892364605e-05,1.173690848346694e-05,2.997020393654666e-05,-0.0001137594428028065,-0.00013012555471607074,-0.00017124144325016163,-0.00023232996033541176,-0.00014903552295474692,-0.00012382037185681356,-0.00012110512398839944,-7.045863076189913e-05,-0.00010855342447792505,-2.7913937019439425e-05,-0.00015574762730748238,-9.661020434729768e-05,9.529322968956774e-06,-9.503798170535684e-06,1.777339435499875e-05,-7.331635597440963e-05,0.00030729548543743766,4.620240726200364e-05,0.00031229355211424034,6.823476521272176e-05,0.00022349000231273317,2.8099550592276417e-06,6.140695534105789e-07,1.1079888246528372e-07,-5.120298370452074e-07,1.0918071203649698e-06,-9.541081962172789e-08,-5.6753272969595544e-08,-5.228996588769493e-07,3.198838632712668e-09,3.1275480950601454e-07,-6.927389041855993e-07,1.4253277171658321e-06,-7.384259206014945e-07,-6.213371122005541e-07,-4.728256733412956e-07,-5.572781913889235e-07,-8.515021510569277e-07,7.019415242716927e-08,1.7843921665631134e-06,-6.311996451666291e-07,-6.166733392447643e-07,-1.6385537441184588e-07,-7.299664813821216e-07,-6.4072714243366e-07,-2.254353354731527e-07,-8.352884594850165e-09,-1.4608525742081442e-07,-3.8895813021807287e-07,1.2187638058177235e-06,9.69073093796467e-07,2.232811703234147e-06,-1.461397812734469e-07,2.792485571534119e-07,-2.4564967133940833e-07,1.5329384399655839e-07,1.8521285854041252e-07,-8.822189017340178e-08,-1.761421289311327e-07,-1.8310934984715643e-07,1.9976635716157682e-07,-8.180662261123408e-08,4.3472177894643204e-10,6.854561801857698e-08,1.1118893445136131e-07,-3.487710025511033e-07,-2.880341238130605e-07,-7.619486345804946e-08,-8.436888592430566e-08,-3.150421376903023e-07,1.624311445242198e-09,-2.783420763017852e-07,-4.3620836833794833e-07,-2.1737510412164397e-07,-8.34681895975024e-08,3.389745368080448e-07,-1.1975932303822148e-07,-7.305370649658796e-08,-8.840315217683823e-08,-1.9682698177843382e-07,-8.341855674116106e-09,-1.611193400477329e-07,-3.8435991113661713e-07,3.073442076896093e-08,-3.5507293992911254e-07,-6.565354686520366e-09,9.778355768793421e-08,2.5444717063385186e-07,5.588505545872942e-07
7150.000000000041,-0.01768124602839595,0.3196603748705282,-0.4090017787333332,-0.0046205783125878854,0.33768725944509553,-0.397370632,-0.0029534612202109394,0.3371267112451483,-0.3847592621333333,-0.00402110808699377,0.33680230525631644,-0.3887697348999999,-0.025520880188435274,0.3444021324452939,-0.4138085643999999,-0.024590484702808064,0.3429741120211315,-0.4271724369333333,-0.0196265660945928,0.332619733214723,-0.4061442911666666,0.0377115839710688,0.33123818300087104,-0.2785615572666666,-0.08649728779691729,0.28801281318649957,-0.3003217533,0.009615272151052363,0.3137817330657576,-0.3522218137,-0.020375736475351753,0.2838650369985595,-0.3865558335666666,0.11642371328168288,0.20547180265062182,-0.1294743292666667,-0.15708297324127513,0.22940899487808386,-0.1213940227666666,0.15751189293342602,0.03089540772920972,-0.0708834922733333,-0.18409502726434754,-0.02506886846394755,-0.1403275882,0.18299732908571278,-0.16500652757424913,-0.0389240720233333,-0.21821191431349796,-0.21691492307086152,-0.196528783,0.1816140052754271,-0.20661703437420031,-0.026879275676,-0.20916344595489583,-0.25585191894757164,-0.2413473918666667,0.153835425300932,-0.2181447959797168,-0.0568431190266666,-0.17900186743749125,-0.2418874920686658,-0.2649024715666666,0.1775072878392099,-0.19555106822084126,-0.0485774558,-0.20486810816154283,-0.22392006770042516,-0.214631945,0.08269386156221993,-0.17589543679417208,0.0432217252699999,-0.08088255115879166,-0.1833446081860037,-0.0414822421199999,0.09056297631480831,-0.5229054253978561,0.0709383244133333,-0.029895116359685128,-0.4565988968436718,-0.02440653856,0.08847645962139288,-0.7968899384317205,0.2737372591,-0.056852685687827614,-0.7913979181250919,0.1664053981666666,0.07165222273019022,-0.8280308806467903,0.2972613241,-0.05924573802825312,-0.8204386881433122,0.1453846432333333,0.10117327992999564,-0.8669696858645567,0.2398946176999999,-0.05295342636784392,-0.8500434971004255,0.0486910236466666,onweer_g_ch1_g19_compr.mp4,ch1g19,7.6123072580843524e-06,9.782554193500371e-06,9.023782327864576e-06,1.8025115889133394e-05,1.8618381098588868e-05,7.6173445040667025e-06,9.062509072871669e-06,1.5372707355191373e-06,7.231669655295443e-06,9.823327650707812e-06,2.9102304184728797e-05,1.451369838846576e-05,9.415047770467478e-06,9.061218250297292e-06,1.7874090470437567e-05,9.840621597536612e-06,1.3464997039514095e-05,3.424225403163041e-05,1.3939572530937656e-05,9.537837513346462e-06,2.602304239474234e-06,1.0883070409213576e-05,9.437386098578025e-06,1.0603001302260486e-05,1.8340052103320753e-05,2.593093505408862e-06,1.1261771802578822e-05,2.923835908127332e-05,1.1935999966483281e-05,3.188505559971339e-05,2.6965366265514142e-06,6.741048592326331e-06,5.891730539519981e-06,3.99370494813566e-05,2.3036258235611782e-05,5.675799760704953e-05,4.9003037655819934e-05,4.55233275393548e-05,4.872534231192992e-05,5.040388863554338e-05,5.3174064418372833e-05,5.843827550586669e-05,-5.4450820785899386e-05,-3.2185635127978196e-05,1.5065763920918192e-05,3.4070459301189974e-05,-0.00011423792648021345,-0.0001440421690631255,-0.0001532284340890139,-0.00025401878076753635,-0.00012895482543613196,-0.0001388494252746458,-0.0001012148561849572,-8.1383005858988e-05,-9.279661513984809e-05,-3.660783277119778e-05,-0.00013770534934878475,-0.00010878038655609432,1.0412839503703085e-05,-1.0330624218165732e-05,1.7504985429701503e-05,-6.37924936236208e-05,0.00030713062185928853,5.2542358800631803e-05,0.00031108296794394853,7.193670694556698e-05,0.00021698259878732284,3.0993688027933485e-06,7.438337307639722e-07,3.546825240296124e-07,-6.367569253855728e-07,1.0388866519846577e-06,-2.764080203990262e-07,2.077304912331572e-07,-6.455108805773279e-07,-3.479667701799181e-08,4.464945405536219e-07,-5.003692143419157e-07,9.731969294956335e-07,-9.936229684620275e-07,-7.269349063340562e-07,-6.000183561179146e-07,-8.107090838548105e-07,-8.142108847855378e-07,-2.1223552398947103e-07,1.2364234344113959e-06,-8.163868499188757e-07,-7.290745528976761e-07,2.548585338368296e-07,-8.802205633225778e-07,-7.38951509197892e-07,-3.493886380197723e-07,-2.1536205591072123e-07,-1.5269807369013842e-07,-5.927915342820548e-07,7.47039964135456e-07,1.0243366615730896e-06,1.7126427703233714e-06,-1.5157964998228024e-07,3.811892304254567e-07,6.467879140830967e-08,6.241091810624689e-08,1.5346947405152492e-07,-1.1599489681762257e-07,-1.6978312127635805e-07,-8.846332877615871e-08,1.6035478644133858e-07,-1.1321642531472175e-07,3.4950235248296517e-09,6.437597511040234e-08,1.590109482092926e-07,-4.1991134405238995e-07,-1.7781375989243185e-07,-8.791198825857721e-08,-1.2286287146727908e-07,-2.727651606663162e-07,5.0279367655870996e-08,-1.979896605408493e-07,-5.195077057770129e-07,-1.245787019551e-07,-9.452761443508745e-08,2.685664431327739e-07,-1.2778667957495946e-07,-8.302526389217483e-08,-1.5261582569486e-07,-1.107051957625598e-07,-1.1927243003507996e-08,-2.1521764438356166e-07,-4.360169760912655e-07,-9.965790195286327e-08,-4.921757628871716e-07,-1.1767238458883496e-08,-7.684314991943174e-10,1.9985877240248383e-07,5.629305676982612e-07
7166.666666666708,-0.017843476612343798,0.3197117856708397,-0.4093932580666665,-0.004754316814791816,0.33773103741788496,-0.3977430576999999,-0.0030869807997647436,0.3371672623117523,-0.3851349899333332,-0.004153357157139438,0.3368468141573293,-0.3891460766333333,-0.025663076744672098,0.34444663111314,-0.4142296314666666,-0.024730933368440216,0.3430206705282344,-0.4276076899,-0.019767785869348707,0.3326704897783923,-0.4065672467333333,0.03759905149263234,0.3311782193313213,-0.2789356806999999,-0.0865959582763358,0.28796231047968185,-0.3008167261666667,0.009453110620970246,0.3137895532917166,-0.3526098359666666,-0.020544260571116055,0.28388782566038206,-0.3870020776333333,0.11639566477221086,0.20534738935424546,-0.1298933116666666,-0.15719997861112123,0.22924239063585855,-0.1218117936999999,0.1577423411019165,0.03074263544108208,-0.0716592634899999,-0.18393063750224908,-0.025341717558292953,-0.1406909743666667,0.1834422502204561,-0.16513365260833157,-0.0401681341466666,-0.21812250636484845,-0.21706794912151275,-0.1968666886666666,0.18214637542201623,-0.2067167008951772,-0.0282186736593333,-0.2091055842863927,-0.25593899743589105,-0.2416490594333334,0.1543390232988131,-0.21824224245521054,-0.0581932466866666,-0.17899221313079516,-0.2419276012282599,-0.2652383357999999,0.17794888110814608,-0.19568608834878795,-0.04984578732,-0.20480240199904032,-0.224038978611669,-0.214430675,0.08273478000522287,-0.17588635009664663,0.0431500822266666,-0.08092165425232598,-0.18335348029002305,-0.0414086156066666,0.09055031508642512,-0.5228890591342978,0.07211074345,-0.02975040759819931,-0.45664750495686485,-0.0242310307299999,0.08846773510364712,-0.7965820596930235,0.2754586417333333,-0.056640468743213136,-0.7913250775017158,0.1667544519333333,0.07163910381628326,-0.8277172057338923,0.2990392601333334,-0.059031876550875224,-0.8203453547462253,0.145778545,0.10115655779234639,-0.8667516299751062,0.2418894291666666,-0.05279120440776856,-0.8500202510903734,0.0491677192433333,onweer_g_ch1_g19_compr.mp4,ch1g19,8.426624400646165e-06,1.0212567180392035e-05,8.458844970721374e-06,1.905293971219456e-05,1.8334843608644662e-05,7.892499098644515e-06,8.498137935944488e-06,1.5754270304936303e-06,7.670366443858814e-06,9.748968986761278e-06,2.958462453939689e-05,1.3546082654076082e-05,8.772464831387033e-06,8.551625014444375e-06,1.6764645050714904e-05,9.260172478992985e-06,1.2735496413950598e-05,3.487106998666366e-05,1.320367334839883e-05,8.89441416970687e-06,2.881784978529208e-06,1.0071662864153399e-05,8.77364810162249e-06,1.037039974509438e-05,1.8134725598599342e-05,2.455346037463912e-06,1.0764484094925822e-05,2.9457918797998817e-05,1.3192218195404468e-05,3.304907062291244e-05,2.5594756915821664e-06,7.344006738909008e-06,6.114285354456023e-06,4.020116097423671e-05,2.243223712489933e-05,5.720706541190426e-05,4.787630336097346e-05,4.470820251200081e-05,4.7833696967012886e-05,5.023855634804623e-05,5.3004609874257943e-05,5.782848001266206e-05,-6.372580616355048e-05,-4.101920217877133e-05,1.2299309993347285e-05,3.1913931134510713e-05,-0.00011777692199518669,-0.00016223235204658335,-0.00013771657864564542,-0.00027752508587999385,-0.00010888262398840726,-0.0001544042774107733,-8.007273709675825e-05,-9.282515235427907e-05,-7.502609040096212e-05,-4.701642981633728e-05,-0.00011853496845419225,-0.00012173462585257072,1.112271387026298e-05,-1.1062292296307028e-05,1.5957408136555625e-05,-5.032008179803357e-05,0.00030405831060877157,6.028971006508311e-05,0.0003075511592203629,7.651309697212907e-05,0.00020718501811441587,5.885490627790277e-06,7.746974889819288e-07,4.954074305742159e-07,-7.750150898249708e-07,9.047742053387831e-07,-3.488603946222027e-07,3.6350409967687555e-07,-7.85606807614343e-07,-3.8744895947906223e-08,5.189089104610798e-07,-2.7627294778123693e-07,5.562094894392932e-07,-1.09960183010425e-06,-8.333290523277843e-07,-7.493523086462992e-07,-1.0153246145028352e-06,-7.332040559049459e-07,-4.283674869981983e-07,7.124335344443926e-07,-8.703470574625228e-07,-8.416310121838894e-07,5.131122499031756e-07,-1.0240092423637205e-06,-8.396299776807213e-07,-5.242419366310645e-07,-3.1193728538866856e-07,-1.620819141243922e-07,-8.298717071041572e-07,3.2224856816342607e-07,9.0513230320118e-07,1.1784406436935438e-06,-1.62545860627523e-07,3.445754424686193e-07,2.491568986757334e-07,-4.0663067799660436e-08,8.268156306178556e-08,-1.0122722622676995e-07,-1.7214335966984378e-07,1.3560986618935647e-08,7.974181087461704e-08,-1.0250524013311523e-07,1.529197326721026e-08,3.1405298466359226e-08,1.5908951681590996e-07,-4.12269631568438e-07,-5.37598536909004e-08,-5.976763245105468e-08,-1.185092912342421e-07,-2.0586424116548075e-07,1.0181617299873883e-07,-7.254748608500186e-08,-5.145017188223669e-07,-2.3624157747425258e-08,-6.553331982560387e-08,1.502866495539496e-07,-9.037949762247899e-08,-5.369640472802994e-08,-1.8396078285030926e-07,-1.4843198492555144e-08,-1.4444824342791067e-08,-2.1697791833527085e-07,-4.130124936499674e-07,-2.394918499980763e-07,-5.274826585710341e-07,-1.5630647363429676e-08,-1.059360374740931e-07,1.0137538536646068e-07,4.994286564168748e-07
7183.333333333375,-0.017998953857990087,0.3197596117757289,-0.4100069802999999,-0.0048866354896506025,0.33776967859828283,-0.3983288849333332,-0.0032198871971118653,0.33720270894335197,-0.3857196906333333,-0.0042847619632082525,0.33688575858818753,-0.3897296786333332,-0.025801520035504785,0.34448558117509837,-0.4148596803666667,-0.024867840086417486,0.3430623170867691,-0.4282542482999999,-0.01990539511994124,0.33271663086948294,-0.4071975966333333,0.03747417914154603,0.3311076634481939,-0.2794599522333333,-0.0867093044087152,0.2879054161312683,-0.3014928971666666,0.009287611063375124,0.3137922128574235,-0.3531999865333333,-0.020712468676413458,0.2839073097811573,-0.3876579124999999,0.1163371365472476,0.2052231515652522,-0.1304338867666667,-0.15735762620279017,0.22906671732116515,-0.1223168074333333,0.15797111194577568,0.030609924847374896,-0.0724587597133333,-0.18376943928760098,-0.025641507721957224,-0.1411044274666667,0.1839182721210017,-0.16524197905233357,-0.0414023272299999,-0.2180444755536752,-0.21723964634502757,-0.1972093731666667,0.18272619813432817,-0.20680230335211305,-0.0295461205236666,-0.20906032616322728,-0.2560447069104569,-0.2419266874333333,0.15488987708834126,-0.2183273225461493,-0.05953172238,-0.1790132417165411,-0.24198434414867473,-0.2655625900333332,0.17842617698076904,-0.19580304292725473,-0.0511043200233333,-0.20475158838117935,-0.22417517411884846,-0.212376669,0.08277497009544456,-0.17587527344010134,0.0430790907333333,-0.08096011013237188,-0.18336457317871455,-0.0413356715666666,0.09053543323229832,-0.5228729271187857,0.0732425096166666,-0.029625001758978694,-0.45669426964226645,-0.0238663601366666,0.08847326292877483,-0.796278852652153,0.2770820428,-0.056445314692121426,-0.7912547141050247,0.1673366666333333,0.0716439991288096,-0.8274094286694236,0.3007138605666666,-0.058834459486434315,-0.8202554935940649,0.1464123807666666,0.10112341165092499,-0.8665490944836636,0.2437602589999999,-0.05263934656741669,-0.8500102756108832,0.0499104456433333,onweer_g_ch1_g19_compr.mp4,ch1g19,9.180820633931636e-06,1.0841047818310323e-05,7.267003175173591e-06,2.034445150205031e-05,1.8013158270277304e-05,8.388283051231733e-06,7.310957696583809e-06,1.5611706061318899e-06,8.361744020457594e-06,9.715641529176506e-06,2.9641019566650403e-05,1.2500746930978196e-05,7.5325202951714606e-06,7.376531751112022e-06,1.538998745413823e-05,8.868267395800565e-06,1.1966595268322836e-05,3.5119212529612074e-05,1.2402752464187348e-05,7.658049553349212e-06,3.560838284979945e-06,8.651007791970666e-06,7.519554761872929e-06,9.500734826539461e-06,1.7831256424090467e-05,2.254237963256176e-06,9.491893275714714e-06,2.929528942116328e-05,1.4143642095352606e-05,3.3667476807936885e-05,2.3564666285359706e-06,7.4998735240857935e-06,6.469193524867246e-06,4.032977461908783e-05,2.1720542680825745e-05,4.784270005273031e-05,3.7452773008290956e-05,3.431365560774627e-05,3.756426067502786e-05,4.008747513622901e-05,4.295841828717112e-05,4.7279579438639904e-05,-8.003294710608114e-05,-5.8309234805981936e-05,6.648346583154015e-07,2.0664607692043215e-05,-0.00012453692730035634,-0.0001824766196100476,-0.00012598826454079807,-0.00030085644706926416,-9.296165543653547e-05,-0.0001686815296796651,-6.438840932532839e-05,-0.00010344834661921088,-6.277875330564714e-05,-5.867547776011522e-05,-0.00010302770429581773,-0.0001343547284799516,1.1704686974622225e-05,-1.1657611176655165e-05,1.5126441384576164e-05,-3.27326759446284e-05,0.00029619131980778714,6.995671652179466e-05,0.0002996197672690668,8.250078686697125e-05,0.00019483854890986807,8.260715433503175e-06,6.890599958010513e-07,5.258348152486263e-07,-8.972833627895481e-07,7.22613890947518e-07,-2.739819569844262e-07,3.8883496302594973e-07,-9.111313310212817e-07,7.254086887641561e-09,5.254443358099097e-07,-6.529532636754597e-08,1.8788578403453338e-07,-1.0576431258726753e-06,-9.113286211777992e-07,-8.908134146649802e-07,-1.1481219388417767e-06,-5.903141988436244e-07,-4.5128713981414203e-07,2.3399885893518125e-07,-8.002482792333544e-07,-9.250445930132288e-07,5.59536560911638e-07,-1.1230467201176177e-06,-9.130106302374143e-07,-7.284858002128291e-07,-2.6259044276118233e-07,-1.7749224160145654e-07,-1.0625853930213483e-06,-4.0016509177726524e-08,5.999585346229456e-07,6.651203785959805e-07,-1.8040901227349143e-07,1.6036184043327188e-07,2.8410852572006664e-07,-1.430062255415412e-07,-1.904737458576067e-08,-3.536564850341967e-08,-1.944500475875957e-07,1.0835127608872683e-07,-2.9148871428736367e-08,-4.0094059481008237e-08,3.7940945700324e-08,-2.4607689904352915e-08,1.3070084635552273e-07,-3.3793587957991327e-07,6.57408257183703e-08,1.4894961175825497e-08,-6.016125606992743e-08,-1.223959747634442e-07,1.5106248024832756e-07,6.675112312786879e-08,-4.3658586449719373e-07,7.09759697441785e-08,9.918188851937981e-09,4.2305794454069604e-09,-3.1497450562086658e-09,2.1232478593785043e-08,-1.665219640722588e-07,7.80862924940974e-08,-1.328522357935033e-08,-1.5507218409580875e-07,-3.2836645417478093e-07,-3.588483148707592e-07,-4.7103924746775196e-07,-1.5303061821014578e-08,-1.8558934921376833e-07,-2.0057514332597318e-08,4.012217919692806e-07
7200.000000000042,-0.01815429496536058,0.3198097055846453,-0.4106884590666665,-0.005019939534132701,0.3378087082388331,-0.3989803597333333,-0.003354441897486735,0.33723876379092826,-0.3863678225999999,-0.004417762015963918,0.33692481035295846,-0.3903775105666666,-0.025940283029900306,0.3445268222658434,-0.4155568262333333,-0.02500537426615653,0.3431062194296926,-0.4289667732666666,-0.020043354599232528,0.3327646512044484,-0.4078948957,0.03733870191976985,0.3310258883270664,-0.2800551721666666,-0.08682796286087802,0.2878427435309871,-0.3022668337,0.009118168883916635,0.3137940324745228,-0.3538604109666666,-0.020882998249880665,0.28392887249246673,-0.3883906174999999,0.11625897210463862,0.20509907473425143,-0.1310090897333333,-0.15753005088725722,0.22886983651181536,-0.1229560317333333,0.15821143126119164,0.03049503682832548,-0.0730462613733333,-0.1836258732192417,-0.025967540841452252,-0.1416074395333333,0.1844141734341142,-0.16531887158950748,-0.0421317458999999,-0.2179898429351773,-0.2174144492574381,-0.1976583476333333,0.18332774202911112,-0.206851382142378,-0.0302936482903333,-0.2090302191293746,-0.2561508120026748,-0.2423406600666667,0.15546102642015652,-0.21837183410264024,-0.0603045287633333,-0.17904889747061867,-0.24204311985905694,-0.2660097798333333,0.17892435874649046,-0.19588984202725757,-0.0518561307933333,-0.2047188140924527,-0.22431292142572085,-0.210812047,0.0828129391254418,-0.17586236756300147,0.0430139371433333,-0.08099637008347847,-0.18337741844574026,-0.0412682056899999,0.09050833583563779,-0.5228484254020014,0.0743965135966666,-0.029454194472232905,-0.45671953633113316,-0.0234374602633333,0.08844902444448065,-0.7959750884753864,0.2787777527333333,-0.05624986866134477,-0.7911652584492379,0.1679750711333333,0.07161443962082352,-0.8271034581304609,0.3024683733333333,-0.0586430568913629,-0.8201507109414028,0.1471085044,0.1010363080227451,-0.8663506547457053,0.2456785684333333,-0.05248901554125231,-0.849989556249709,0.0507014257266666,onweer_g_ch1_g19_compr.mp4,ch1g19,9.770566099265737e-06,1.1294577697388323e-05,6.069752814740474e-06,2.1281417183297275e-05,1.7822624535570706e-05,8.787341991306802e-06,6.0931516583112144e-06,1.5899989283497509e-06,9.045249308404034e-06,9.716063238161997e-06,2.9576202637574556e-05,1.1470707659434817e-05,6.348021601985712e-06,6.155243587538558e-06,1.4149169039569437e-05,8.379936856390657e-06,1.1493307507965667e-05,3.5033298939593425e-05,1.1618136614422602e-05,6.468581218482426e-06,4.527731102438261e-06,7.23001713381259e-06,6.342988487084409e-06,8.45990716127791e-06,1.760505841541434e-05,2.072230886127931e-06,8.018737481091722e-06,2.9035677205812293e-05,1.4733824352777324e-05,3.3897720654814955e-05,2.1671244947113917e-06,7.593673461054166e-06,6.646296871302466e-06,4.02956044501422e-05,2.1093107409804236e-05,3.81833285002417e-05,2.703262011077793e-05,2.4044249535973985e-05,2.744539872363578e-05,3.0444541954138344e-05,3.311818985123664e-05,3.671283838665992e-05,-9.37878035368783e-05,-7.291062275511289e-05,-1.0003430842976664e-05,9.780734570756623e-06,-0.00012940132411687675,-0.00019689422296595004,-0.00011203016281975403,-0.0003149078307903841,-7.602655976847286e-05,-0.0001778354857345142,-4.700065642596677e-05,-0.00010854881065471507,-4.8327961474446134e-05,-6.664626283767981e-05,-8.522155655759022e-05,-0.00014270146281411184,1.2068254430516132e-05,-1.2025592658205502e-05,1.836122062737271e-05,-1.542272293749729e-05,0.00029050233034076954,7.4566154952949e-05,0.0002943522862235938,8.257309473337308e-05,0.0001859547103059852,5.573447215640406e-06,4.49866177910254e-07,4.462328007855786e-07,-9.450590361959252e-07,4.67320038121994e-07,-1.1000214520760613e-07,2.9028836896289985e-07,-9.639547902690076e-07,6.62327245287454e-08,4.322887371542477e-07,4.0077038315538316e-08,-9.862017706488533e-08,-9.094810489809504e-07,-9.065380977226013e-07,-9.645357812734647e-07,-1.2643540047340452e-06,-4.410766423768813e-07,-3.2196307462498775e-07,-1.5150910128767804e-07,-6.58002026326861e-07,-9.252538994109462e-07,4.3565855662191057e-07,-1.1280313049962561e-06,-9.042586673607683e-07,-9.155184149785585e-07,-1.2619962609807863e-07,-1.9485904327786533e-07,-1.2280863398003632e-06,-3.15979388031608e-07,1.0719045821070734e-07,2.398080466024532e-07,-2.003945445897889e-07,-1.3594627382025567e-07,1.892718070289277e-07,-2.2829824043636233e-07,-1.273181150503417e-07,5.572384812365763e-08,-2.1376300809505923e-07,1.736682116792393e-07,-1.407700198751782e-07,4.943806515687623e-08,6.128435431561845e-08,-8.894231628740168e-08,8.466275767541143e-08,-2.3729792086151166e-07,1.69380581697311e-07,1.0776142738384323e-07,2.7726082824217452e-08,-4.009413717151312e-08,2.134080746909775e-07,1.83882442537996e-07,-3.2096726214264465e-07,1.4948566634282383e-07,1.0386066074368253e-07,-1.4116734132819147e-07,1.053549070245202e-07,1.1276063755310888e-07,-1.1375261087980922e-07,1.4537467448907028e-07,-1.0560141381102558e-08,-5.222200828148515e-08,-2.209012276027446e-07,-4.35544039523065e-07,-3.625835623782045e-07,-1.271789975679295e-08,-2.3399806116441596e-07,-1.3491380632245726e-07,3.3512597369011566e-07
7216.666666666709,-0.018278617909735714,0.3198482837081561,-0.4112236888999999,-0.00512527927038178,0.33783321847372827,-0.3994978298666666,-0.0034629099741174756,0.3372600828785527,-0.3868831275999999,-0.004522980209920189,0.336949819783446,-0.3908962706666666,-0.026048706374558403,0.3445583025449235,-0.4161324422,-0.02511238056306061,0.3431402911295933,-0.4295554903333333,-0.020150710135819837,0.33280262791503745,-0.4084723822333334,0.03720565207943821,0.3309173182593795,-0.2805713583333333,-0.08693327088946025,0.28777584897769465,-0.3030053491333333,0.008964286697960625,0.31378029339069996,-0.3543870319333334,-0.02103113681151858,0.28394090612474204,-0.3889964679333332,0.11617246863167285,0.20496852193807488,-0.1315379545666667,-0.15768387907810946,0.2286705423330274,-0.1236221007333333,0.15844049600845672,0.030396273135620874,-0.0736158123166666,-0.1834829060198046,-0.026286494410445806,-0.1421909973333333,0.18491063185453863,-0.1653909890309956,-0.0427226909033333,-0.21792993377581968,-0.21759385315878044,-0.1981978615666667,0.18393184455856348,-0.20689500252725967,-0.0308500971423333,-0.20899416722597763,-0.2562623932539628,-0.2428502633666666,0.15603901044966495,-0.21841407316152295,-0.0608652611333333,-0.17907652896425832,-0.24211221457461832,-0.2665333072999999,0.17942759726866322,-0.19597188631782694,-0.0524563717466666,-0.20468136087408076,-0.2244565522260052,-0.201343775,0.08284589187716439,-0.17584894733836237,0.0429530245499999,-0.08102757816032603,-0.18339081606908744,-0.0412057997533333,0.09049106468002342,-0.5228294319301237,0.0754986461433333,-0.029284815569760387,-0.4567395452304173,-0.0229992194099999,0.08843810508399776,-0.7956954720564589,0.2801008605999999,-0.056062795304604125,-0.791109714335719,0.1686348697,0.07159577455927549,-0.8268211408129803,0.3037998755333333,-0.05846114080192228,-0.8200911919858377,0.1478077771333333,0.1009515285239301,-0.8661593843985914,0.2470812167,-0.0523466187951201,-0.8499945022421359,0.0514427579999999,onweer_g_ch1_g19_compr.mp4,ch1g19,9.9880456050111e-06,1.1680316693911445e-05,4.972104148306787e-06,2.1867535895457488e-05,1.7504477507480775e-05,9.244330118177145e-06,4.972222832471288e-06,1.6582461561376835e-06,9.494613712223582e-06,9.891004487445193e-06,2.943648325049591e-05,1.0691725739638537e-05,5.296599582212137e-06,5.0205457645397235e-06,1.3057761631106841e-05,7.948181577284788e-06,1.1276911048633305e-05,3.4819619746178164e-05,1.1078049813675127e-05,5.394375336325184e-06,5.53774149244494e-06,5.975126054123066e-06,5.313052471311409e-06,7.351026033520012e-06,1.7257783678508966e-05,1.8692950746718688e-06,6.51974132659329e-06,2.8710726146868293e-05,1.4667989602533129e-05,3.4035845890205586e-05,1.9595712120430827e-06,7.376334390163527e-06,7.13285097151969e-06,4.011770006997486e-05,2.050742024654681e-05,3.225789360378762e-05,2.0507255561510768e-05,1.77638157563419e-05,2.1398281177242392e-05,2.5875177876605862e-05,2.8033133681453298e-05,3.0433861485052035e-05,-0.00010136146214352631,-7.870843670276039e-05,-1.6408100630973616e-05,3.462050018324449e-06,-0.00013109063064135882,-0.00020219395974482572,-9.257866831857204e-05,-0.0003183270006987382,-5.614845873009698e-05,-0.00018264272043842718,-2.8246627848453647e-05,-0.00011129500529045756,-3.376022601633945e-05,-7.443217455253168e-05,-6.381387872306307e-05,-0.0001476077464860335,1.1964045650489371e-05,-1.1990296900799094e-05,2.060232582574402e-05,1.004429584435797e-06,0.00028499197891212916,8.091256119692778e-05,0.00028966774481183874,8.484916410711776e-05,0.0001798039938820945,4.5826997728789625e-06,1.6185109400592813e-07,2.67869977915161e-07,-8.78881106554251e-07,2.582020047591444e-07,1.238160177430145e-07,8.294529984216741e-08,-9.042936508047566e-07,1.4932927543550923e-07,2.941649966602541e-07,6.496878368074356e-08,-2.708461645683101e-07,-6.641587262647436e-07,-7.839091469924913e-07,-9.312038970866119e-07,-1.2945857055191615e-06,-2.6266622103080416e-07,-5.975970183769696e-08,-4.011858836041428e-07,-4.5232171283992e-07,-8.058165120744733e-07,1.973070774688507e-07,-1.0080418908831998e-06,-7.790672050804489e-07,-1.0506121814467332e-06,7.83871047924905e-08,-2.0967495160542637e-07,-1.284303580015438e-06,-4.65396392594965e-07,-4.1040016235165746e-07,-5.696196428492337e-08,-2.1780871168246464e-07,-4.212140534108781e-07,-2.2086640594342355e-08,-2.821301831000412e-07,-2.2315508186693633e-07,1.5100586582220324e-07,-2.2623747491279557e-07,2.0550552914142507e-07,-2.3209471348453673e-07,1.4468182662913243e-07,7.61429866237518e-08,-1.4143371922823232e-07,2.9461956364624452e-08,-1.3308457567996258e-07,2.485897641940861e-07,1.9716327365676498e-07,1.2416286478110184e-07,3.705112363173454e-08,2.837124937922893e-07,2.617448991273376e-07,-1.97755138553506e-07,2.0467075232434236e-07,1.9477126824646706e-07,-2.3744416972639054e-07,2.1025092504860194e-07,1.9965120119678437e-07,-3.8303383361093046e-08,1.8071034089934628e-07,-5.373714332024735e-09,6.861814616889497e-08,-1.1301403832357142e-07,-4.46107361508967e-07,-2.3605069448266934e-07,-7.215641443642184e-09,-2.3792211729164004e-07,-2.2803625141021816e-07,3.393030271579265e-07
7233.333333333376,-0.018372476757061804,0.31988343898034927,-0.4117972643999999,-0.0052095349296808514,0.33785329891942606,-0.4000530024333332,-0.003550713307357133,0.3372773129299949,-0.3874383766666666,-0.004607135833441039,0.33697078788488866,-0.3914523730666666,-0.026132773264805054,0.34458587612684355,-0.4167571575,-0.025194926104430998,0.34317015113823346,-0.4301892833999999,-0.020233490691294764,0.3328359857229363,-0.4090962531333333,0.037077341338628354,0.33080295541901866,-0.2811032284666666,-0.08703156008623526,0.2877004629541636,-0.3037991339999999,0.008831526473395324,0.3137631212509773,-0.3549390643333333,-0.021154395014914597,0.2839477961044025,-0.3896382668999999,0.11607810317113779,0.20483149403425052,-0.1320349770999999,-0.15783158697778718,0.22846230259437764,-0.1242929927333333,0.1586300591889673,0.03031029569887167,-0.0740621470433333,-0.18333439184378264,-0.026622565180206028,-0.1427830299333333,0.18537849823570446,-0.16543833121572338,-0.0431577393699999,-0.21787941746289222,-0.21779240907748112,-0.1986571714666667,0.18450280692070573,-0.2069125009420677,-0.031224859079,-0.20897441941536385,-0.25638929318124665,-0.2432425593,0.1566059796186633,-0.21843295630099893,-0.0612594706066666,-0.1791467466669542,-0.2421953186267881,-0.2669685821333333,0.1799116732144502,-0.19602495886720414,-0.0529035159833333,-0.20466067261258605,-0.22461735719549497,-0.204718828,0.08287735085810913,-0.17583536183636259,0.0429036140399999,-0.08105739548122601,-0.1834043725046063,-0.0411554890866666,0.09049571485389885,-0.5228047760584015,0.0764985412533333,-0.029110008504056203,-0.4567347671133748,-0.0226495885899999,0.08849565069629006,-0.7954076567272383,0.2813069516333333,-0.05589010888260386,-0.7910509763022554,0.1691884448666666,0.07164978722509778,-0.8265286061073804,0.3050174931333332,-0.05829667158986108,-0.8200299385656968,0.1484026841333333,0.10094161521521487,-0.8659509691525585,0.2483496343333333,-0.05219188909658853,-0.8499921101679748,0.0520717108066666,onweer_g_ch1_g19_compr.mp4,ch1g19,1.0111765401180884e-05,1.208361116759218e-05,3.913735624690617e-06,2.20836629265814e-05,1.7590630789167145e-05,9.428521659953873e-06,3.8829479375712215e-06,1.8042410993495632e-06,9.956105297759311e-06,1.0174210153618064e-05,2.9341635420943638e-05,1.0107528355128646e-05,4.339797322348323e-06,3.897391632422581e-06,1.210760783222222e-05,7.706354944910808e-06,1.152706232388222e-05,3.4553428740538825e-05,1.0724191689310474e-05,4.40275453162996e-06,5.669601439320706e-06,4.8180763646933235e-06,4.376125518987955e-06,6.077805532506035e-06,1.7274077371760502e-05,1.6301719867944067e-06,4.978714897271662e-06,2.8432056500907084e-05,1.4012940076764655e-05,3.4110371632539064e-05,1.7157295426074232e-06,6.7104324936527195e-06,7.2241279247648835e-06,3.985822162859359e-05,2.033229048667769e-05,3.023402712008205e-05,1.7753047195553493e-05,1.550278289158582e-05,1.945948661481346e-05,2.6537086993975046e-05,2.798452759993771e-05,2.8801111455924965e-05,-0.00010322046276858074,-7.67021336431618e-05,-1.8511343957964198e-05,1.513135069899722e-06,-0.00013064070233781465,-0.00019882717860954453,-7.090390721319305e-05,-0.000309058391701397,-3.529350777175563e-05,-0.00018106026681509745,-9.089721642290674e-06,-0.00010970314070174137,-1.922555505155977e-05,-7.988134749639778e-05,-4.059541291298939e-05,-0.00014748020573331032,1.1614494580100088e-05,-1.1732722075698302e-05,2.4147211233600386e-05,1.631032744850205e-05,0.00028376433821806704,8.873083064887398e-05,0.00028960568530842813,8.904324618596591e-05,0.00017950257090292569,7.264206463988707e-06,-1.4918709241458116e-07,-1.4983622553397292e-08,-6.999391980841816e-07,1.8543776844100785e-09,3.4561731189559004e-07,-2.1401324676968774e-07,-7.307270470959413e-07,2.56125841147497e-07,1.0837493310219648e-07,2.5730509338873056e-08,-3.0499062843085594e-07,-3.901322531264958e-07,-5.531337854576664e-07,-7.832714986527542e-07,-1.231160881042239e-06,-2.3484746967033313e-08,2.566357954519827e-07,-4.783059895975374e-07,-2.397977448071413e-07,-5.765633519030102e-07,-1.1726284001607994e-07,-7.582779646758328e-07,-5.477159676111736e-07,-1.092562290961882e-06,2.8624039782649813e-07,-2.2084100949348017e-07,-1.20321504425826e-06,-4.7459846189945736e-07,-9.208117726580251e-07,-1.7293795454825923e-07,-2.3034695149426003e-07,-6.96704492512882e-07,-3.2006673524825805e-07,-3.0730366146122775e-07,-2.9038638280470925e-07,2.3413596190480943e-07,-2.2503344966334172e-07,1.809551179928897e-07,-2.726241446951756e-07,2.2935385068995054e-07,7.60056771042004e-08,-1.80722134702976e-07,-2.281481153157949e-08,-4.1447397720237275e-08,2.9678338542640537e-07,2.665243206974604e-07,2.129999753263306e-07,1.1162055896886215e-07,3.5055558209123805e-07,2.757876937696394e-07,-8.50487344785278e-08,2.3219754943745205e-07,2.658248345569104e-07,-2.3500358957954396e-07,2.9458757816602904e-07,2.6627927588636343e-07,4.9130748526813105e-08,1.631121263542898e-07,2.6763165674261427e-09,1.8714556218865364e-07,-2.05322330909287e-08,-3.8814172262750343e-07,-1.1100717549065662e-07,1.5293364353792598e-09,-1.9424182198249192e-07,-2.588936925708866e-07,3.8450621134906044e-07
7250.000000000043,-0.018378118581952454,0.31990422820146563,-0.4119102529666665,-0.005230225702017407,0.3378606659704583,-0.4001641362999998,-0.003579034878590429,0.3372825587999392,-0.3875526586333332,-0.004629539718193806,0.3369796593257531,-0.3915761818333332,-0.026143380788114547,0.34460179601852986,-0.416957902,-0.02520534057247766,0.3431884596739693,-0.4303950048666666,-0.02024235286799914,0.33285563514651223,-0.4093018215999999,0.03694764352924081,0.33068339610232256,-0.2812938162999999,-0.08711169916698419,0.2876074464708155,-0.3043358529666666,0.008756646419927315,0.3137343124572423,-0.3550620466,-0.021210225202609585,0.2839396139159041,-0.3898575732333332,0.11596611368224508,0.20469124093929655,-0.1322928389666666,-0.15793270569944637,0.22824967740072455,-0.1249262570666666,0.15880814501557086,0.030224917988572582,-0.0743729718566666,-0.18311017387296302,-0.026951456325955324,-0.1434435547,0.18584408336390212,-0.16548427941162314,-0.0433024805566666,-0.21779209150630427,-0.21799234833737136,-0.1991123577333333,0.18506866181791165,-0.20693038381808943,-0.031250597979,-0.2089352781818456,-0.2565174308557696,-0.2435955792333333,0.15717138943028913,-0.21846029134437472,-0.0612723026166666,-0.17919992554693634,-0.24230086517676408,-0.2673279712999999,0.18039617595188814,-0.1960758345872378,-0.0530394541866666,-0.20461735381741902,-0.22478398314746917,-0.216874361,0.08289797098043448,-0.1758241242681312,0.04286663035,-0.08107613891510998,-0.1834157993692698,-0.0411191224299999,0.09051598358414586,-0.5227939129231666,0.0774702390233333,-0.028927842922581107,-0.45670451098399933,-0.0224458536433333,0.08855216401646006,-0.7951435082541937,0.2823015147333333,-0.05573123693256518,-0.790977663724091,0.1698281492333332,0.07170161715361882,-0.8262588949078212,0.3059982468333332,-0.0581535627782615,-0.8199660920382634,0.1490962745666666,0.10093575364021683,-0.8658118830387803,0.2493921448999999,-0.052048649626316716,-0.8500199358916907,0.0528205613366666,onweer_g_ch1_g19_compr.mp4,ch1g19,9.895146137039267e-06,1.1820773902402632e-05,3.3004301184517176e-06,2.1707111457571858e-05,1.8058836206066168e-05,8.862692316711381e-06,3.22887728058905e-06,2.166907866921907e-06,9.86945702854103e-06,1.0085617338139986e-05,2.9008546909272604e-05,9.827948765775836e-06,3.922996106554785e-06,3.1728827984973674e-06,1.1126758389676244e-05,7.440881022126905e-06,1.214942753442753e-05,3.39055880524044e-05,1.056742796767971e-05,3.96557369510513e-06,4.8371120617507866e-06,4.165647726071168e-06,3.963672191155712e-06,4.925984876106313e-06,1.7692326732408076e-05,1.4125239779971467e-06,3.840283322468956e-06,2.799472732283623e-05,1.2729206876631743e-05,3.368148246118656e-05,1.4853114102652883e-06,5.898664459829227e-06,6.495218132108598e-06,3.896715146922283e-05,2.0607982896401596e-05,3.5461617844253886e-05,2.2046664830920095e-05,2.014989468864145e-05,2.448634338682475e-05,3.3732359636078243e-05,3.476424461448991e-05,3.407645537169685e-05,-9.726149588750188e-05,-6.590759517222447e-05,-1.3598206007922768e-05,7.374165742955113e-06,-0.00012127687285323532,-0.00018431038683539854,-3.865953745911645e-05,-0.0002832952951791833,-9.5418260591457e-06,-0.00016823329845913515,1.6052307298550712e-05,-9.579273294941874e-05,-1.4308995778938332e-06,-7.349200295281237e-05,-1.4131765873018895e-05,-0.0001374080802463054,1.121492222525831e-05,-1.1394799144640236e-05,3.175861621904697e-05,3.198668204516944e-05,0.0002915059125563731,0.00010283327106490709,0.00029838525597504533,0.00010094678532897021,0.00018627746481517714,1.899542422575289e-05,-4.697247237210963e-07,-3.5416899121926305e-07,-3.77033595091709e-07,-3.0973199574663455e-07,5.102524893741517e-07,-5.346167493345119e-07,-4.090276296552302e-07,3.5425686790385606e-07,-1.0465549792661095e-07,-8.286346304502776e-08,-2.690737797406405e-07,-1.0688393802937691e-07,-1.9177911164775883e-07,-4.869882802301603e-07,-1.0807767477469208e-06,3.045377650878161e-07,6.372949711456539e-07,-4.616490144964651e-07,-4.303088179471929e-08,-2.1404273212455298e-07,-3.950609824695245e-07,-3.5160958732215394e-07,-1.842843300587156e-07,-9.943801049453364e-07,4.409436161993863e-07,-2.1455338231719903e-07,-9.394509801732572e-07,-4.148556030440935e-07,-1.336229369237109e-06,-1.6759011159489227e-07,-2.2451605348782902e-07,-9.050067567705906e-07,-6.272144295023427e-07,-2.9583741965874424e-07,-2.992463025634469e-07,2.773343216697014e-07,-2.0100143274048276e-07,1.0234017357432086e-07,-2.416476295115616e-07,2.7561633309068617e-07,5.2923091133522663e-08,-1.842809827093796e-07,-4.843908124917039e-08,3.445506306515796e-08,3.181238344182711e-07,2.8847069623442343e-07,2.662077152932448e-07,1.8802523159762937e-07,4.1269280271240926e-07,2.2399347593520123e-07,1.2283666787205131e-08,2.391275394071494e-07,2.8893809777162237e-07,-1.329758125634288e-07,3.308544214689196e-07,2.860016736806405e-07,1.2617719475754492e-07,9.24676693149313e-08,1.0845178759450501e-08,2.7080865808742415e-07,5.220056943229934e-08,-2.677773629782422e-07,6.024968652057194e-09,1.070179771937295e-08,-1.1973142550298165e-07,-2.0967177943336018e-07,4.099125671750249e-07
7266.66666666671,-0.01835053122241695,0.3199429766871919,-0.4118889134999998,-0.005220540148146884,0.33788658143637273,-0.4001469502999999,-0.003582446454844848,0.3373066839762095,-0.3875358322666666,-0.004624590163881594,0.33700766735990684,-0.3915678580333333,-0.026117288314143287,0.3446386322741403,-0.4170165609333334,-0.025180496576278397,0.3432270207612585,-0.4304653006,-0.020213079485640547,0.33289174450428055,-0.4093719970999999,0.036822226081950425,0.33060010973113946,-0.2814360905999999,-0.08716622720423413,0.2875415503372921,-0.304805017,0.008707751049455648,0.31372772744309807,-0.3550756702333333,-0.021231119945396178,0.2839515879214041,-0.3899584789333333,0.11585623854280123,0.20458436183093512,-0.1325456187666666,-0.15799744711444333,0.22807416081355258,-0.1255698486333333,0.15895903380076845,0.030196473529870888,-0.0746899078833333,-0.18284399751786912,-0.02721426859897923,-0.1442166497999999,0.1863027665642168,-0.16544976064525288,-0.0434101241866666,-0.2176797953082553,-0.21814352336539206,-0.1996155779,0.1856280462952891,-0.2068683314134501,-0.0312400419956666,-0.20889041617941545,-0.2566038289071102,-0.2439975167,0.1577318272663918,-0.21841961121410047,-0.06126528057,-0.1792475617093891,-0.24237510714941599,-0.2677346239666666,0.18087413798079158,-0.19604547181283047,-0.0531434329966666,-0.20455753412680872,-0.22491168394581287,-0.216846794,0.0829155305884356,-0.17581354594679202,0.0428403910166666,-0.08109223202743814,-0.18342666431703303,-0.04109434925,0.09053605339649741,-0.5227485547264917,0.0784451534533333,-0.028756641747531165,-0.45665041334859274,-0.0219915381933333,0.08859630318001363,-0.7948130905372234,0.2833807532,-0.055613810522222265,-0.7908437063991104,0.1710769090999999,0.07173660780903375,-0.8259209891997962,0.3070898115333332,-0.05805601833591864,-0.8198373494835475,0.1504318626666666,0.10085314345839098,-0.8656324827647811,0.2505858655,-0.051946825459305776,-0.8499928035936433,0.0543619884866666,onweer_g_ch1_g19_compr.mp4,ch1g19,9.210768463920671e-06,1.135154707996794e-05,3.2929340668835654e-06,2.0843509815599645e-05,1.8634343752755795e-05,8.123056733796756e-06,3.1857215370302437e-06,2.5427803616035608e-06,9.497622253373603e-06,9.850711437297395e-06,2.8947536802803067e-05,9.741519954169815e-06,4.123681891531565e-06,3.0559271921099896e-06,1.0093604320793751e-05,7.82483315622979e-06,1.2836551577581473e-05,3.372359343569193e-05,1.05534945478034e-05,4.133341227582299e-06,4.036523361773557e-06,4.192706311971028e-06,4.160748677877571e-06,4.157575254506038e-06,1.821112351521505e-05,1.2070231678945436e-06,3.266296896625787e-06,2.7787645387319877e-05,1.0933555587062627e-05,3.377202731324824e-05,1.2674615515301923e-06,4.796034173571099e-06,5.676890329213223e-06,3.7912314713004706e-05,2.1048070383218855e-05,4.9369786553726076e-05,3.4797173175241615e-05,3.335848185882835e-05,3.804754870643208e-05,4.945955467712107e-05,5.0180084295020654e-05,4.797451479743922e-05,-8.234406933052354e-05,-4.5548346966450246e-05,-1.9685187545037164e-07,2.194242390797691e-05,-0.00010932348489756917,-0.00016138185867578734,-8.677231824614518e-06,-0.0002451825349443327,1.3987455346271016e-05,-0.00014918336593955418,3.822654157076998e-05,-7.771313818451978e-05,1.2344999863051013e-05,-6.478149340007556e-05,9.595841026067548e-06,-0.00012197738454132553,1.0565082276341369e-05,-1.081277672184445e-05,3.818588327553661e-05,4.5879364791265946e-05,0.0003000881967494769,0.00011828313484432838,0.00030809606285653606,0.00011502064276812027,0.00019344923050248615,3.352672247852237e-05,-7.2651451082371e-07,-6.712323776637818e-07,1.78468112554123e-09,-5.300705908889971e-07,5.41898322672514e-07,-7.869932612631781e-07,-3.2302560659118404e-08,3.79712504745352e-07,-2.812760961921351e-07,-1.9025596970275833e-07,-1.7452599293741569e-07,1.795920661706718e-07,1.8558712093600141e-07,-1.1451125705096824e-07,-8.207694998366416e-07,7.508561712302106e-07,8.718364689559514e-07,-3.8295564885362633e-07,1.5236636094015018e-07,1.6431205402041459e-07,-5.381638917032909e-07,7.247035602027177e-08,1.920810132331018e-07,-7.651122236207439e-07,4.6463480940614565e-07,-1.9291229047041115e-07,-5.328624266629757e-07,-3.098245696844635e-07,-1.5255389785202421e-06,-6.72746489181525e-08,-2.022614920129799e-07,-9.422611463160575e-07,-8.389714250173733e-07,-2.432933513876411e-07,-2.52997641426946e-07,2.6690839740118906e-07,-1.5272102365747276e-07,-1.5687159651570755e-08,-1.5128569414267582e-07,2.688008042937211e-07,1.6431481592998768e-08,-1.5791909652129574e-07,-5.0975802394371297e-08,7.780703443643739e-08,3.1267965047250173e-07,2.550938677371259e-07,2.6720942494670077e-07,2.641896753181586e-07,4.298593242021209e-07,1.1951569015659658e-07,6.632264617621666e-08,2.27222672400398e-07,2.5690101463276734e-07,3.0744112798766446e-08,3.067770195984463e-07,2.509018319017543e-07,1.7350473493855743e-07,-1.5492696970790083e-08,1.821445311880671e-08,3.023879024138986e-07,9.324302633470384e-08,-1.016273885698943e-07,7.618224896805388e-08,1.88837154392551e-08,-1.9596287643311767e-08,-9.94923182944952e-08,4.072124312190779e-07
7283.333333333377,-0.018300789883205805,0.3199714133709737,-0.4117033145666665,-0.005191161330442597,0.3379040789793606,-0.3999859650999999,-0.0035668814356569836,0.33732243782190413,-0.3873799273999999,-0.004598809516507502,0.3370290733436949,-0.3914159089,-0.026068255150081102,0.34467285561356337,-0.4169271132333334,-0.025133290849970177,0.34326059835356576,-0.4303832538,-0.020160528496184243,0.3329206538288732,-0.4092951666999999,0.03670342932196617,0.33051546889459077,-0.2814620047333333,-0.08719769747882171,0.2874896301082216,-0.3051299865,0.008675808918981242,0.31371109197293834,-0.3549249181666666,-0.021231143530272657,0.28395477732503477,-0.3898909418999999,0.11574991402633643,0.20447034654664448,-0.1326799587,-0.15805582967399548,0.22792662073209083,-0.1260960347333333,0.15910658280052062,0.030204256710623375,-0.0749844203966666,-0.1825882741424012,-0.027410796735675667,-0.1448796471666666,0.18675678784252348,-0.16543353285816323,-0.0436795688466666,-0.21756022833097627,-0.2182691607028527,-0.2000439967333333,0.18617745955223164,-0.2068261636408642,-0.0314356273756666,-0.20882954398760792,-0.25665482356912617,-0.2443436567666666,0.1582899756744264,-0.2184122415161653,-0.06147731416,-0.1792680595710991,-0.24242580131363614,-0.2680765668666666,0.18134878494963827,-0.19603149064029768,-0.0534154908233333,-0.20448808822783412,-0.22501387186473804,-0.218503952,0.08293121386529866,-0.1758048279262496,0.0428171347733333,-0.08110672821123684,-0.18343553765246245,-0.0410727760933333,0.09055243243722179,-0.5227149387741016,0.0791328348399999,-0.028600551175041785,-0.456593938988775,-0.0216778837766666,0.08864034461396741,-0.7945442141411041,0.2840641790666666,-0.055497554380245645,-0.7907148360727329,0.1720220971999999,0.07177121170791842,-0.8256424201654826,0.3077719171333332,-0.05796027561406703,-0.8197129327856438,0.1514260229333333,0.10076909340141768,-0.8654500378664501,0.2512578244,-0.05183033547517947,-0.8499474359927455,0.0553661231033333,onweer_g_ch1_g19_compr.mp4,ch1g19,8.324134999983332e-06,1.0679744352145456e-05,3.740266656251283e-06,1.966531874634006e-05,1.9329054631935105e-05,7.284540014648778e-06,3.601705688969505e-06,3.014416842378039e-06,8.861923850825092e-06,9.4616087442779e-06,2.879210630419634e-05,1.0249200346938439e-05,4.754559871148686e-06,3.410175856853817e-06,9.05153872022475e-06,8.820511253464968e-06,1.3664233834031106e-05,3.334585170653977e-05,1.0947827475101816e-05,4.7352846480662604e-06,3.4152994912890675e-06,4.762858687130533e-06,4.76894336070081e-06,3.7473308075953203e-06,1.8861152752141744e-05,1.0243570932962303e-06,3.1999840491616367e-06,2.7461307154594775e-05,8.990667638599032e-06,3.37848528139301e-05,1.0700548094150294e-06,3.6905112439224857e-06,4.8040289206472526e-06,3.656276035346706e-05,2.1808209682691015e-05,6.849849613179477e-05,5.2033501852911795e-05,5.101400481267099e-05,5.5871737506386434e-05,6.851471626549795e-05,6.924277637282288e-05,6.596541676827825e-05,-6.479329937854232e-05,-2.342683634223845e-05,1.8043124158878118e-05,4.113454823646195e-05,-9.620563081077938e-05,-0.00013662248532383172,1.9696224087243216e-05,-0.00020191707696986353,3.490921109632077e-05,-0.00012606438266958407,5.853689747690418e-05,-5.5423614556712256e-05,2.56211325711224e-05,-4.935426961528133e-05,3.087136137481909e-05,-0.00010244531509653118,9.86515859566518e-06,-1.0099587954962919e-05,4.706000098707992e-05,5.834086178710738e-05,0.00031085425202370274,0.00013909580112337128,0.0003198493961939099,0.00013608388550170766,0.0002088666376676796,5.544644811127533e-05,-9.352547553264011e-07,-9.095751327255442e-07,3.4432275151355134e-07,-6.222997410695934e-07,5.220211925014963e-07,-9.084422249178163e-07,3.093170258136754e-07,3.7782016281474557e-07,-4.279837710886913e-07,-2.449601768420481e-07,-4.557255461858784e-08,4.898218770845266e-07,4.965924565457502e-07,2.4314998592010976e-07,-5.371896207005088e-07,1.2345793283997205e-06,9.324154574213642e-07,-2.574939857405553e-07,3.926466459644182e-07,4.7580614203757047e-07,-4.409966280191757e-07,4.363721606840545e-07,4.9630366865078e-07,-4.873368178492303e-07,4.4551917548497105e-07,-1.630471426807302e-07,-9.095213757771903e-08,-1.7270413648048804e-07,-1.4984639550385122e-06,7.911141195338715e-08,-1.7140481416795502e-07,-8.565134916489996e-07,-8.931694313032334e-07,-1.6523763359021222e-07,-1.5721552555490928e-07,2.0650919758541548e-07,-9.509282832270406e-08,-1.546789576488546e-07,-1.6729575664444773e-08,2.1238052340773746e-07,-2.7415177552796152e-08,-1.093285619432665e-07,-3.171741819201776e-08,1.0771639288427379e-07,2.8037718067266e-07,1.7395398769203458e-07,2.1806834940123123e-07,3.2921290924988063e-07,3.872597252335836e-07,-3.023609493278306e-08,1.0589963406930456e-07,2.0066174337171336e-07,1.7691284389292453e-07,2.2075810873769406e-07,2.2833748707400493e-07,1.6880921358280623e-07,1.8609102423014685e-07,-1.4210100251938606e-07,2.3098821174383034e-08,2.792422428961413e-07,1.214676827656042e-07,7.157506609219462e-08,1.234033429093946e-07,2.4369203467999712e-08,7.882240715609632e-08,5.3728495770323134e-08,3.960996150555226e-07
7300.000000000044,-0.018259234768591124,0.3200365871229686,-0.4115316114666665,-0.005167023276103752,0.33795184205594697,-0.3998355616999999,-0.0035560990961318512,0.3373693490016605,-0.3872344463666666,-0.004578083311402773,0.33708156602982725,-0.3912741065,-0.02602451102963599,0.3447351653366087,-0.4168477158666668,-0.025091680096084985,0.34332324542809894,-0.4303118444666666,-0.020113377291501824,0.3329792374215565,-0.4092281601666666,0.03658737581955632,0.3304487839211244,-0.2814859489,-0.08722852692278699,0.28745685839207874,-0.3054245626,0.00864021281997748,0.313723074496549,-0.3547861148333332,-0.021235176475552908,0.28398804143371514,-0.3898352602333333,0.11564307410700136,0.20436734943863852,-0.1328186467999999,-0.15811341616178576,0.22779452518599938,-0.1264866033333333,0.1592477107740532,0.030217814770300243,-0.0752530567933333,-0.18233332171312666,-0.027598114650806714,-0.1451928720666666,0.18720950747918488,-0.16541390453834973,-0.0439022652099999,-0.21744967591597314,-0.21838141888097184,-0.2001931866666667,0.18672628929000212,-0.2067807963744023,-0.031619864399,-0.20877713350981986,-0.2566909044112324,-0.2444258759333333,0.1588481474929736,-0.21840206147338745,-0.0616830969633333,-0.17930408206128806,-0.24245743344090367,-0.2681908726999999,0.18182212773284034,-0.19601415887175072,-0.0536446798733333,-0.20442732551375903,-0.22510190946088768,-0.220603198,0.08294660707762237,-0.17579612406806674,0.0427924399466666,-0.08112129510107184,-0.18344441664528943,-0.0410494511833333,0.09057474631441377,-0.5226676067482214,0.0798103988366666,-0.028480607039828576,-0.4565341610597749,-0.0212593945666666,0.08868666587167631,-0.7942605150888696,0.2849267248333333,-0.055414798104244815,-0.7905726014879907,0.1730793360666666,0.07180680314740122,-0.8253486928386217,0.3086673388333333,-0.05789327694259176,-0.8195716284757844,0.1525455282999999,0.10067041617611266,-0.8652455378928567,0.2521728475666666,-0.05171159845344923,-0.8498767318716233,0.0565142986766666,onweer_g_ch1_g19_compr.mp4,ch1g19,7.220950213163298e-06,9.449957992336005e-06,4.1748067166577216e-06,1.9080370811759164e-05,2.0147937451279847e-05,6.086696983513704e-06,4.009439400063145e-06,3.3768848139303417e-06,8.270423643702078e-06,9.076762084612685e-06,2.88518417439627e-05,1.1004888229310573e-05,5.351961955982187e-06,3.7266215680898684e-06,8.519886246926506e-06,1.0351059854206985e-05,1.4730107523368332e-05,3.318939368601844e-05,1.1513268815902384e-05,5.320150938247594e-06,2.74111242069369e-06,5.321802714050751e-06,5.365904804509743e-06,3.2436762795588626e-06,1.9591350706749807e-05,8.731292695185068e-07,3.181203389207723e-06,2.7387468736891204e-05,7.453384098797719e-06,3.40057743542308e-05,9.091212906799052e-07,2.7954192395069674e-06,3.638526795432898e-06,3.572148039829686e-05,2.272391650534952e-05,8.296302262665524e-05,6.436769757307533e-05,6.349043448214017e-05,6.875893750470617e-05,8.177313159345958e-05,8.253773159219717e-05,7.835401694108664e-05,-5.1854292790737505e-05,-8.90343117914406e-06,3.119915233781369e-05,5.502631815635081e-05,-8.758568448684365e-05,-0.00011741475251938113,3.880025255639885e-05,-0.00016745070314839628,4.9546566330300685e-05,-0.0001049564975827572,7.453536565954582e-05,-3.444149356652656e-05,3.725223931049552e-05,-3.2724556040524e-05,4.627314657148496e-05,-8.391157518227632e-05,9.131482461382714e-06,-9.246075546851167e-06,5.4668839037557015e-05,6.830537560674847e-05,0.0003229158374358415,0.0001536394784104719,0.00033346913075622944,0.00015160299905839426,0.0002286015287852384,7.937386780044084e-05,-1.0544458773626384e-06,-1.0163530653825165e-06,5.729640111260426e-07,-6.704363012725049e-07,3.391737730768797e-07,-8.591619422130005e-07,5.455595800497679e-07,3.2352121676981884e-07,-5.302112914937204e-07,-2.1781037026310226e-07,4.2976465957719586e-08,7.783991746494711e-07,6.808362303713979e-07,4.944577213159665e-07,-2.2666533713837975e-07,1.6914615361803077e-06,7.971662172301206e-07,-1.6906873268624878e-07,6.217794983161611e-07,6.623006818191858e-07,-1.1850443206324903e-07,6.716793050287448e-07,6.734545704534976e-07,-2.2294743793901058e-07,2.75478011886366e-07,-1.331217415998807e-07,2.53046067668101e-07,-7.807505555572693e-08,-1.3079791641523618e-06,1.9202863815197416e-07,-1.3996636202370754e-07,-6.771124259049375e-07,-7.545221909075168e-07,-6.857695411506511e-08,-1.3133934204351325e-08,1.1961767574773333e-07,-5.654380872426697e-08,-2.9879944859364046e-07,1.5124237149626117e-07,1.2908333115663926e-07,-6.762574171992746e-08,-5.66958016644941e-08,-2.476418737811707e-09,1.2441823913141003e-07,2.3103422348833688e-07,7.178289893543066e-08,1.418975322813978e-07,3.6035196478353364e-07,2.842357134642153e-07,-2.0368059724676413e-07,1.2832888593712254e-07,1.66069421723587e-07,7.514650329573985e-08,4.1264072132566833e-07,1.235303946174466e-07,6.534517572846645e-08,1.7751085669944398e-07,-2.720393577631069e-07,2.5847186160601748e-08,2.2065141926327157e-07,1.3557217553830748e-07,2.1518700769179725e-07,1.4592697644642848e-07,2.7029602220337463e-08,1.5728690772854924e-07,2.3512191807341653e-07,3.893623708530056e-07
7316.666666666711,-0.018215825967292536,0.32014162363248233,-0.4111606967333331,-0.0051376809828006945,0.3380405327110671,-0.3994798928333332,-0.0035402438994968574,0.3374581930113589,-0.3868837465666666,-0.004551058816621691,0.33717594383876454,-0.3909274538333333,-0.02597560160113725,0.3448450796936632,-0.4165542563666667,-0.025045433531917204,0.3434320949069698,-0.4300221956666666,-0.020060755596009193,0.33308216295456444,-0.4089460335,0.03647636958362203,0.33043364094974287,-0.2813044547333333,-0.08724948973614069,0.2874883216349372,-0.3054888590333333,0.00860727460563999,0.3137803428128931,-0.3544527768666665,-0.02123703777422643,0.28406628636961245,-0.3895724901666667,0.11553326539738776,0.2043032073213277,-0.1327868998666666,-0.15815406052742853,0.2277099644139751,-0.1267764083333333,0.15937742956714912,0.03029544125705431,-0.0753006545566666,-0.1820773759806664,-0.027733161522191067,-0.1454949454333333,0.18764978458566964,-0.16534754024888654,-0.0437971229899999,-0.2173392717675492,-0.2184770217857528,-0.2003132955,0.18725689821714397,-0.20670057933293076,-0.031430570169,-0.20873312254669182,-0.25671761289896755,-0.2444690143,0.15940104065542526,-0.21836741476670837,-0.0615129216033333,-0.17935213772640426,-0.24248565805802838,-0.2682534705,0.18228814345439587,-0.19595009884844705,-0.0535391723266666,-0.20437314226848088,-0.22517745011957194,-0.222890019,0.08295741293285004,-0.1757884056855548,0.04277166003,-0.08113126377179025,-0.18345231051460373,-0.0410312548766666,0.09058099780736165,-0.522611806205267,0.08045511248,-0.028362846267911933,-0.4564714875733817,-0.0208714035033333,0.08871358647466188,-0.7939340573501279,0.2855856313333332,-0.0553312566127857,-0.790409502734191,0.1740849985666666,0.07182056927479658,-0.8250104838515517,0.3093287505333333,-0.05782442543624355,-0.8194082315595234,0.1535965032333333,0.10055051847889529,-0.8650071256052205,0.2528357038666666,-0.05157664594157983,-0.8497948715408038,0.0576550449033333,onweer_g_ch1_g19_compr.mp4,ch1g19,6.0355275243475355e-06,8.3339152161719e-06,4.8768502667996e-06,1.8774171725654608e-05,2.0370920542686206e-05,5.2274796548902355e-06,4.69240175749365e-06,3.6124215986849775e-06,7.689067996633057e-06,8.710286987523968e-06,2.8917677169326792e-05,1.176517341614993e-05,6.1658551064039205e-06,4.33913117299188e-06,8.39117838461473e-06,1.2053348446456357e-05,1.5605063835238155e-05,3.307464900397141e-05,1.2054336175996552e-05,6.125806911352729e-06,2.8618483929261908e-06,6.158219189239576e-06,6.178892293404312e-06,3.1199058612944807e-06,1.973558061027023e-05,7.425811372841972e-07,3.5961876830544124e-06,2.7320608213996937e-05,6.290016087210068e-06,3.430650211277945e-05,7.792940258202873e-07,2.2360760782707087e-06,2.9122626584199406e-06,3.5195897128498555e-05,2.31257467483412e-05,9.750129918043718e-05,7.650011086650134e-05,7.573662192371693e-05,8.136101987153254e-05,9.418321897190551e-05,9.50809267633766e-05,9.026043217858164e-05,-3.94579179154354e-05,4.4493607683547434e-06,4.4158550774168176e-05,6.834745437859588e-05,-8.213543110094367e-05,-0.00010213437760771607,4.6277256311150104e-05,-0.0001440351983074286,5.489790747268463e-05,-9.152629916962679e-05,8.048705328727924e-05,-2.1312257371413463e-05,4.2158823452936005e-05,-2.2385808628756843e-05,5.3523866827688346e-05,-7.177831377736342e-05,8.229030360731133e-06,-8.234409520432706e-06,5.9239634537774057e-05,7.441792406441735e-05,0.00032525863862721446,0.00016156787822321927,0.0003370343784860572,0.0001607516374943187,0.00024233722756699877,9.767047489350397e-05,-1.081638543817991e-06,-9.735126908509595e-07,6.147768433258975e-07,-6.513930587526702e-07,-1.964349461410616e-08,-6.283149242625298e-07,6.010130101904575e-07,2.3795141881307856e-07,-5.476925005742093e-07,-1.5502049283646738e-07,1.1774701226145652e-07,9.765826196093024e-07,6.618537100990666e-07,5.663596742357505e-07,1.1230865173447241e-07,1.976239685467012e-06,4.806273108614008e-07,-8.746731667158225e-08,7.596378105659702e-07,6.485658853458956e-07,4.0240240004675524e-07,7.062249860786413e-07,6.449518563380494e-07,-5.932228217527648e-08,-5.7188793853902325e-08,-1.0241448265707584e-07,4.12806714585708e-07,7.797898350761244e-09,-9.548242395715813e-07,2.892879349327586e-07,-1.0795293917805455e-07,-4.547097429298914e-07,-4.263918138322617e-07,3.3713955449465125e-08,1.375664074656062e-07,1.4544078171797705e-08,-3.663718645881706e-08,-4.063648481685411e-07,3.054975797042959e-07,2.683932936204536e-08,-9.645196082779243e-08,-7.536486438303093e-09,2.7438519745588533e-08,1.3918621791287814e-07,1.7362174121643063e-07,-4.069881048195742e-08,4.454115436593154e-08,3.4871458983015537e-07,1.3325867435649862e-07,-3.5653480968917576e-07,1.4510119274829369e-07,1.2985362382190717e-07,-3.718729824031703e-08,5.473028995211188e-07,2.9934650351331578e-09,-4.8183376347450026e-08,1.4205723508592683e-07,-3.6666955108769464e-07,2.6143659923748218e-08,1.29861743050118e-07,1.4733031533037942e-07,3.0870671080922044e-07,1.5627796538417817e-07,2.6420709474923405e-08,2.0285009906655867e-07,3.949225469119667e-07,4.0444392302317247e-07
7333.333333333378,-0.018169608207488013,0.32028200578538973,-0.4108093064666665,-0.005101416918704333,0.33815658908333723,-0.3991372992666666,-0.0035165908769615706,0.3375753415026165,-0.3865457127333332,-0.004517059835089512,0.33729731765597654,-0.3905925114999999,-0.02591988657944328,0.3449827226451034,-0.4162686865333334,-0.02499282780931152,0.3435698247545735,-0.4297404564333333,-0.02000193372204003,0.33321459908216544,-0.4086706064000001,0.036390232526623906,0.33042982623674555,-0.2811179647,-0.08724987350847375,0.28753821949872155,-0.3055160069666666,0.008581195201537726,0.3138649938826083,-0.3541371613333332,-0.021233064778723776,0.28417630291541196,-0.3893224775,0.11544128349290313,0.20424167025953166,-0.1327529689333333,-0.15819233239913108,0.22763192445583735,-0.1269718390666666,0.15952630410499155,0.030372495715510497,-0.07527721503,-0.1818255528994832,-0.02785995540185431,-0.1455789770333333,0.18810692672254103,-0.1652702376132721,-0.0437509401933333,-0.2172241004784401,-0.21855484664730138,-0.2002629315666666,0.18779957782176782,-0.2066007954106634,-0.031376928409,-0.20867424590813055,-0.2567253315478848,-0.2443532725333333,0.15997164434221856,-0.218306518732766,-0.0614691177766666,-0.17937866009341905,-0.24248838555709795,-0.2681552639,0.18277204775167558,-0.19587249952246094,-0.05349814583,-0.204310340581662,-0.22523414639904263,-0.221263379,0.08296858338894464,-0.1757806123113678,0.04274931549,-0.08114162068542065,-0.18346055893798782,-0.0410110126433333,0.09060520773597568,-0.5225402715111759,0.0811029918733333,-0.028245724937422334,-0.4564012547781941,-0.0203946745966666,0.08874837543950756,-0.7935679391732904,0.2863894168666666,-0.05519518537283701,-0.7902251820220971,0.1752239767666666,0.07184294894724814,-0.8246306794146119,0.3101658206666666,-0.057693716126927606,-0.8192194367812068,0.1547972994,0.10042008602247159,-0.8647223259444718,0.2537574767999999,-0.05141072523486766,-0.8496672415714087,0.0589832604033333,onweer_g_ch1_g19_compr.mp4,ch1g19,4.967557440502859e-06,7.2942767096479e-06,5.576313398334842e-06,1.8390341448695126e-05,2.017985269127351e-05,4.684784238604109e-06,5.38027490683962e-06,3.807167610880441e-06,7.2305167386637714e-06,8.581155827512023e-06,2.8853276336227013e-05,1.2774911439087472e-05,6.887164526914282e-06,4.991896909785938e-06,8.500868127207162e-06,1.4201978191956885e-05,1.596968945753644e-05,3.285691204452372e-05,1.281249582707921e-05,6.844330311039359e-06,3.6788129217896854e-06,6.960627462361657e-06,6.892323698496191e-06,3.1626300159959775e-06,1.9510794742237628e-05,6.587241519157532e-07,4.149453737444298e-06,2.7141930804913906e-05,5.714228517444841e-06,3.4482499482548834e-05,6.928782992636507e-07,2.0055624834616265e-06,2.6091746231503703e-06,3.464621621550334e-05,2.3341618641230724e-05,0.00010843544658786502,8.509106483225982e-05,8.4469470551218e-05,9.003565517792663e-05,0.0001018766456266903,0.00010316671581151786,9.81055690507913e-05,-3.069087821236999e-05,1.3007859936909183e-05,5.346043953080759e-05,7.783794841320208e-05,-8.072659484830519e-05,-9.223279132192607e-05,4.377578364940295e-05,-0.00012897675062762263,5.290741583104424e-05,-8.109050303335822e-05,7.921916215973676e-05,-1.1629084077836109e-05,4.25357442778684e-05,-1.3347051215468269e-05,5.3682522156286096e-05,-6.205482160869303e-05,7.376430527526245e-06,-7.391029351190809e-06,5.8042564455624606e-05,7.870298443535709e-05,0.00032165740332042956,0.0001670505746552389,0.0003339597809359883,0.00016758433490901816,0.0002464178704560055,0.00010870823538512321,-9.991114493514986e-07,-7.608787721199396e-07,4.855269954031863e-07,-5.975275142870744e-07,-5.299037592887962e-07,-2.22438678137797e-07,4.873961015444453e-07,9.821920429200823e-08,-4.989681123935271e-07,-1.0267581712615816e-07,1.9204703147857357e-07,1.0673360923855565e-06,4.6790797092739235e-07,4.6845976543082435e-07,4.3649196221180925e-07,2.0541015443965402e-06,6.232591258699237e-09,1.5802530031310175e-09,8.1096039020309e-07,4.603485954695174e-07,1.1112644123846598e-06,5.544039824164121e-07,4.4242737689594194e-07,-5.677662681453323e-09,-5.279108476860443e-07,-8.192048789650138e-08,3.9589291926720706e-07,9.05092647243328e-08,-5.591594627743392e-07,3.8199955677156595e-07,-8.649333368729055e-08,-2.5806294422285157e-07,5.911151225417328e-08,1.2034351155069094e-07,2.7505381041003565e-07,-8.76500737689186e-08,-2.6283047944731414e-08,-4.6152761518352727e-07,4.2316079308056824e-07,-7.381212633736299e-08,-1.105958058992896e-07,3.063141666091716e-08,4.205619114499581e-08,1.4841817902020635e-07,9.196776023171642e-08,-1.401106261763953e-07,-5.449878697692376e-08,2.946131688538957e-07,-6.73390103519225e-08,-4.526824172101339e-07,1.5537842254387723e-07,7.517063410590674e-08,-1.3689001514805406e-07,6.018144629054412e-07,-1.0984094259525338e-07,-1.478175020515075e-07,8.950083724558055e-08,-4.1441757533372936e-07,2.406526960891301e-08,2.693985673087075e-08,1.530143899566854e-07,3.354010309827006e-07,1.5541413011094441e-07,2.325693341297177e-08,2.073786961578473e-07,5.083252421355101e-07,4.3192096502287955e-07
7350.000000000045,-0.018117806528795393,0.32039899411901424,-0.4109506588999999,-0.0050577907698058115,0.33824613843834234,-0.3992658575333332,-0.0034859664401975894,0.3376635670345873,-0.3866750835999999,-0.004476463787715567,0.3373912167070704,-0.3907175392,-0.025858107574717043,0.3450885752353639,-0.4164357643000001,-0.02493368424803143,0.34367905757701345,-0.4299241927333333,-0.019937070815344404,0.3333201293562613,-0.4088454735,0.03632061635404518,0.330389404656859,-0.2813114175333334,-0.08723909321043681,0.28755134522140025,-0.3058595149999999,0.008561947696729275,0.3139221361423466,-0.3542893766999998,-0.021222328248912473,0.28426298483994006,-0.3895349720333334,0.1153510854180188,0.20415775863615057,-0.1329958087,-0.1582134517113321,0.22753732600496374,-0.1274067632333333,0.15967022964905916,0.030406589568216076,-0.07557338877,-0.18153811156677718,-0.02799025774270668,-0.1460312123666666,0.18856861621568893,-0.16522107323314442,-0.0441618665366666,-0.2170940571110226,-0.2186259817162265,-0.2007698759999999,0.18835396731328924,-0.20652222446265592,-0.031804823199,-0.2086144547446161,-0.2567275042606845,-0.2448668082999999,0.16055159016695705,-0.21825879772649984,-0.0619228205633333,-0.1794034284442212,-0.24248878551384143,-0.2686906417666667,0.18326181894062646,-0.1958248306967694,-0.05392026692,-0.20423779257540006,-0.22528725403846273,-0.225776151,0.08297583030888912,-0.1757713179954685,0.04274009813,-0.08114876410460235,-0.1834698340000984,-0.04100457112,0.09062434304297316,-0.522469063935406,0.0819025129333333,-0.028123031230370663,-0.45631152482780685,-0.0198955917099999,0.0887888147130537,-0.7932094452772798,0.2873224878333333,-0.055038179992410306,-0.7900328263876347,0.1761810495333332,0.07187482045057898,-0.8242608197576623,0.3111252995,-0.057535539154683124,-0.8190219204579079,0.1557922693,0.10031059145392322,-0.864444833679396,0.2547528470333333,-0.051163702386372314,-0.8495228483601922,0.0600661157433333,onweer_g_ch1_g19_compr.mp4,ch1g19,4.198253431789397e-06,6.563195596955214e-06,5.995651499079037e-06,1.8082310364961783e-05,1.933428954459902e-05,4.617512731500751e-06,5.806444476618537e-06,4.015777445758207e-06,7.092352370771501e-06,8.750925237413878e-06,2.9141296198914216e-05,1.398006503608249e-05,7.237268309228174e-06,5.41773269209455e-06,9.383801560006376e-06,1.6586477533964164e-05,1.577917539637452e-05,3.2970101147071646e-05,1.3770898142177647e-05,7.197255254643858e-06,5.129758058132176e-06,7.456171783635535e-06,7.2202656349747916e-06,3.206640461073423e-06,1.8709963384153596e-05,6.079871544154982e-07,4.592132018556326e-06,2.7353835001367224e-05,5.741344934165903e-06,3.494667315102811e-05,6.379392459297077e-07,2.012675808078412e-06,2.8551519543686107e-06,3.473231212543008e-05,2.3231452074259156e-05,0.00011303015511926132,8.766243736876785e-05,8.71359731680871e-05,9.236549220421661e-05,0.00010266395075148828,0.00010454360196462458,9.964673601984827e-05,-2.894206825571474e-05,1.3008515221354705e-05,5.665149178629547e-05,8.084712727594699e-05,-8.654943365199414e-05,-9.198503599522986e-05,2.5060029715057354e-05,-0.00012763278736697267,4.2580204497911696e-05,-7.654561433224171e-05,7.114916741587731e-05,-7.531156093440275e-06,4.17182262377728e-05,-6.262272934525336e-06,4.6304503980204665e-05,-5.7076645000758336e-05,6.914614105334889e-06,-6.9726952245515605e-06,5.7030120492077464e-05,8.172280642206575e-05,0.00030888381540477785,0.00016875717392792885,0.0003206294852486061,0.00017031287531953893,0.00024089620816748712,0.00011312412288282071,-8.568972199966981e-07,-4.348507302737994e-07,2.837672601589778e-07,-6.279186949889802e-07,-1.0886636645230146e-06,2.8003159724113543e-07,2.995879763184145e-07,-3.364737620144261e-08,-4.210835031006687e-07,-4.8244298716196335e-08,3.0146247285467305e-07,1.086794040823455e-06,2.0911898330231466e-07,2.990754271683079e-07,7.467962148284654e-07,1.8572858409675135e-06,-5.2586863748668e-07,1.0614266613315197e-07,8.19543583354437e-07,2.041522994493165e-07,1.8585647176441017e-06,3.199911751313085e-07,1.7975020908621935e-07,1.8691377472708017e-09,-1.0355199379899993e-06,-6.14157890818601e-08,2.8609046568872353e-07,2.0531590339966384e-07,-1.8895552158910996e-07,4.874958024174992e-07,-6.662214050836508e-08,-5.345612189525776e-08,6.394471507902091e-07,1.7748208417599837e-07,3.731500927752112e-07,-1.6247826101218722e-07,-2.8896866991292575e-08,-4.5978160597742737e-07,4.808997166961301e-07,-1.4917395339055895e-07,-1.1092467436463838e-07,4.842604763814704e-08,3.4757141759079203e-08,1.4253672714341971e-07,-1.5765327572603885e-08,-2.0269241496151516e-07,-1.313529645214246e-07,1.8451782261357537e-07,-2.96033703084546e-07,-4.787802917654337e-07,1.510642532660413e-07,-2.7000029018011133e-09,-2.001671395404063e-07,5.652167401248765e-07,-1.9027436206363842e-07,-2.0934212220702283e-07,3.4950489258483114e-08,-4.130305563476916e-07,2.0580558978264565e-08,-6.38488254565461e-08,1.4217847582849417e-07,2.961369409818094e-07,1.3927348508152077e-07,1.873001206656216e-08,1.7935273149436264e-07,5.521043358873223e-07,4.4083734700116973e-07
7366.666666666712,-0.018064151823715464,0.3205067480773701,-0.4110862077999999,-0.005010433690675445,0.33832702930525255,-0.3993925432333333,-0.0034510202901964163,0.3377430608169937,-0.3868043591333333,-0.004431517668083981,0.33747665493025714,-0.390841648,-0.02579393058746219,0.34518303822540886,-0.4165917089000001,-0.02487153962769689,0.34377737784202533,-0.4300926695,-0.019869529868931857,0.3334145361210583,-0.4090089481666667,0.0362608485267241,0.3303504142339195,-0.2814972787333334,-0.08722144657192606,0.2875590581134467,-0.3061532665333333,0.008548269846117446,0.3139733214413966,-0.3544322271999999,-0.02120662047819333,0.28434151261713303,-0.3897218395666667,0.11526325940831057,0.2040719285798683,-0.1332204923666666,-0.15821451484587562,0.22744847945126573,-0.1277843048333333,0.15981336678194788,0.030418879201162888,-0.0759140084533333,-0.18125728932065852,-0.02809462423706432,-0.1464222724666666,0.18903023116107553,-0.16518721091869687,-0.0446853291799999,-0.21700484081986546,-0.21869474765843772,-0.2011860420666666,0.18890948979929614,-0.2064562991045807,-0.0323575494856666,-0.20859861448869024,-0.2567295696252796,-0.2452712079333333,0.16114315132184664,-0.21822033354272516,-0.0624960777,-0.17947959267434885,-0.24249167467979316,-0.2691092322666666,0.18375437280771081,-0.1957892683789351,-0.0544561653266666,-0.20420734393100431,-0.2253397114801972,-0.22132656,0.08298015890979074,-0.17576326596999128,0.0427285810233333,-0.08115277261319508,-0.18347768800436845,-0.04099567041,0.09064718784429093,-0.5224150702323848,0.0825856975666666,-0.028005961277237763,-0.4562277699319471,-0.0194195571956666,0.08884214414635612,-0.7929190239778479,0.2880835209333333,-0.05487234623331337,-0.7898751063634399,0.1771063038666666,0.0719219507830315,-0.8239626115329396,0.3119055288666666,-0.057364318919645683,-0.8188634201404652,0.1567574259333333,0.10021329150422684,-0.864233498236334,0.2555486599333332,-0.050863951200210956,-0.8494255503256416,0.0611128776133333,onweer_g_ch1_g19_compr.mp4,ch1g19,3.3910648115920654e-06,6.335578031966561e-06,6.310553135403128e-06,1.7308700772432034e-05,1.7790076944514244e-05,5.210318542981503e-06,6.135138309390573e-06,3.8644286967329365e-06,6.787264955620927e-06,8.845419621896322e-06,2.9687274372726987e-05,1.4961723076053912e-05,7.416968576988782e-06,5.792006805283814e-06,1.049821199898247e-05,1.854419967358179e-05,1.497427303826012e-05,3.331523183056908e-05,1.4558400437405242e-05,7.365000448946012e-06,7.346034818881262e-06,7.752538641492452e-06,7.371905979124311e-06,3.4511046120655863e-06,1.725031061140521e-05,5.808050040712821e-07,5.075421601106118e-06,2.7819765161273188e-05,5.771856449063631e-06,3.562333116533171e-05,6.038979578656098e-07,2.137236375551439e-06,3.90392011347514e-06,3.4984031503425895e-05,2.257255500570993e-05,0.0001164233804387233,8.960160315020117e-05,8.931936603380749e-05,9.401201009480134e-05,0.00010281401500525035,0.00010536059214736609,0.00010064849000902851,-2.67728310777988e-05,1.3059166311915814e-05,5.991655240798754e-05,8.317831459235067e-05,-9.070484436114179e-05,-9.19153847736537e-05,2.3231648776952468e-06,-0.00012635092754601052,2.815117785179419e-05,-7.4085225610897e-05,5.890668424534191e-05,-5.280308707683749e-06,3.8863992178338685e-05,-5.003599292822867e-07,3.4979895750219365e-05,-5.4346864538171566e-05,6.652583240767112e-06,-6.812797863248369e-06,5.308124609798479e-05,8.263624555983315e-05,0.00028490031774106803,0.0001649500470498996,0.0002950837619364721,0.000166766441964452,0.00022141578675956546,0.00010681563289407198,-6.585596528888117e-07,1.8458204592573044e-08,3.7869432397487864e-08,-6.787797904137478e-07,-1.5966711243712816e-06,8.508782162246995e-07,6.722839803367222e-08,-1.3546281365100365e-07,-3.4646510931704914e-07,5.517162334182749e-09,4.4889595664262637e-07,1.0449322358434674e-06,-7.416655696324813e-08,8.330575320725793e-08,9.571039254184155e-07,1.4228634505837812e-06,-1.0188010238284794e-06,2.606860741512502e-07,8.008425357260059e-07,-7.812488481043761e-08,2.4734690541885913e-06,4.537913989286449e-08,-1.0643732179823348e-07,-3.2400924931927535e-08,-1.4874292782604847e-06,-4.646186937596586e-08,1.1777177675752646e-07,3.532942064813373e-07,7.550597668263589e-08,6.274822959162483e-07,-5.3923153609009216e-08,1.0080054353168561e-07,1.298982599796868e-06,2.1243300041707654e-07,4.153493913114109e-07,-2.0153279483182828e-07,-2.666188158483068e-08,-3.962074243721834e-07,4.666458100175908e-07,-1.9075660537219995e-07,-9.004915068160756e-08,6.142457861569491e-08,1.5285511393815798e-08,1.152453667130557e-07,-1.373454114802858e-07,-2.2293018418744898e-07,-1.7717206636702056e-07,4.7036759212042865e-08,-5.054981792776086e-07,-4.227658926855854e-07,1.2737221111965524e-07,-9.572348967082985e-08,-2.2098726058354385e-07,4.38832495045674e-07,-2.2878807470536264e-07,-2.2738122824620558e-07,-1.4752994990358414e-08,-3.577572543243409e-07,1.6639236666646723e-08,-1.3050162111661385e-07,1.105126652506953e-07,2.2002659280762386e-07,1.042673980710566e-07,1.4039898968093888e-08,1.354489927551308e-07,5.129739465508012e-07,4.3318757910446487e-07
7383.333333333379,-0.018010683573791788,0.3206347614189185,-0.4115928989333332,-0.004960342710172099,0.3384267182420095,-0.3999085922999998,-0.003412170757952432,0.3378412452495814,-0.3873189210666666,-0.004383571608757704,0.33757931300030375,-0.3913497855333333,-0.02572901070946937,0.3452912590505541,-0.4171131015333334,-0.02480853775384113,0.3438895990635491,-0.4306320895333334,-0.019801301565290093,0.33352352531981333,-0.4095338962333333,0.036266638766832025,0.3303273079151673,-0.2820593659333334,-0.08718127779127342,0.2875763256674438,-0.3066871691999999,0.008543770070921483,0.3140428022703422,-0.3549355476666666,-0.021186133944427327,0.2844366434785142,-0.3902501930333333,0.11525105241247198,0.20399113652875997,-0.1336779510666667,-0.15820070804593053,0.2273606500400301,-0.1281255389333333,0.1599724352973971,0.03042657334193199,-0.07641202041,-0.18099548421418857,-0.02821687587703423,-0.1463252177333333,0.18950317650866622,-0.16515321864017463,-0.0454708450099999,-0.2170148111827724,-0.2187707706937332,-0.2010351102,0.18948182069026204,-0.20638592540040374,-0.0332202894656666,-0.2086809514335332,-0.256734583562503,-0.2450778236666666,0.161764856612964,-0.2181728566003417,-0.0633931243733333,-0.17968009182279993,-0.24249292374640086,-0.2689874699,0.18426204109049663,-0.19575299021965215,-0.0552650603333333,-0.2042762582769992,-0.225396287325587,-0.22190921,0.08298858800058917,-0.17575647694595065,0.04271197753,-0.08116022228132648,-0.18348444370544537,-0.04098128582,0.09067928531480664,-0.5223712479539856,0.0830390619166666,-0.027885933092853633,-0.4561459223782938,-0.0188081422186666,0.0888939813095544,-0.7926568179484862,0.2888845020666667,-0.05467735297156696,-0.7897193610259783,0.1781438111333333,0.0719707997786786,-0.8236928287583825,0.31276033,-0.05715719620259462,-0.8187060357812863,0.1578385409666666,0.10012908640620367,-0.8640333411271899,0.2564545496999999,-0.05054299540068695,-0.8493249367736861,0.0622558177866666,onweer_g_ch1_g19_compr.mp4,ch1g19,2.8384124580736227e-06,6.6914744742755065e-06,6.269049747881071e-06,1.6597774154478255e-05,1.597046047839305e-05,6.441484215003066e-06,6.1239367984798245e-06,3.599075072706448e-06,6.3959364357203085e-06,8.912604439509764e-06,3.016775094043162e-05,1.5963922796583016e-05,7.197521608358807e-06,5.838197960470424e-06,1.152630065759448e-05,1.9850105846176206e-05,1.3821084877509186e-05,3.355776032997264e-05,1.536781414362322e-05,7.128022115296978e-06,1.027361934391625e-05,7.607042885340448e-06,7.111959859750371e-06,3.5438865192827743e-06,1.546685637955908e-05,5.573847601640071e-07,5.233315973117083e-06,2.8208998161266828e-05,6.005640500231647e-06,3.621516286395949e-05,5.715006168823718e-07,2.5067877991048425e-06,5.632627826264957e-06,3.5339285811042715e-05,2.180351709745135e-05,0.00011531808709294967,8.793027558831433e-05,8.79030574609767e-05,9.182528249213667e-05,9.874526905081986e-05,0.0001020501351537051,9.748375219281487e-05,-2.6070895412201605e-05,8.994490701916965e-06,5.9784965339228525e-05,8.13609436019752e-05,-9.319886197572783e-05,-9.55260238111042e-05,-2.079220229225094e-05,-0.00013182524310422457,1.4756507671682036e-05,-7.523574652048187e-05,4.785012158460175e-05,-5.127338878512955e-06,3.749601827317659e-05,4.480064255511095e-06,2.4473110154879424e-05,-5.482096050910372e-05,6.4025427227004936e-06,-6.745630604893616e-06,4.684991293928967e-05,8.417872025304473e-05,0.00025324039120611905,0.00016700622717570512,0.00026085898666505764,0.00017019798565253027,0.00018806846143166022,9.872680576207942e-05,-3.8280716723857214e-07,5.305020920254846e-07,-2.0979760177359015e-07,-7.607792731963287e-07,-1.930164232244748e-06,1.3444434099837742e-06,-1.7094359332765702e-07,-2.0674235019671595e-07,-2.4178393257234626e-07,1.7553043491629796e-08,5.88204712364149e-07,8.839901541914266e-07,-3.29471686760439e-07,-1.4390961134685019e-07,1.0008529167470213e-06,7.894393173394968e-07,-1.3863155945106626e-06,4.052451666932367e-07,6.99401334318019e-07,-3.3308196367252636e-07,2.780041672635101e-06,-2.2626611555089434e-07,-3.646326357371514e-07,-1.0094076363527817e-07,-1.779824125526001e-06,-3.757955631433437e-08,-7.385890709886438e-08,4.915195469301101e-07,2.2185435910979125e-07,7.309398555038979e-07,-4.8678182090577706e-08,1.8803267852488149e-07,1.8126775481153192e-06,2.1607395539774097e-07,3.951334112759408e-07,-1.918857236169945e-07,-3.487454862444865e-08,-2.7754500254874253e-07,3.849847603596099e-07,-1.8544994207760512e-07,-5.544736725497659e-08,6.990444143737859e-08,-1.304715295824457e-08,6.361123036905685e-08,-2.691809644233897e-07,-1.9229647552552316e-07,-1.7669052450938383e-07,-9.524405498373873e-08,-6.548646373757631e-07,-2.942579494490765e-07,8.191255482968126e-08,-2.0265592028949105e-07,-1.912894436460472e-07,2.4411749089827695e-07,-2.1325299111957565e-07,-1.9334451661409683e-07,-3.8923755105432206e-08,-2.539280190538154e-07,1.3951403926341603e-08,-1.5177802132294274e-07,5.490975446389332e-08,1.1476971232655225e-07,5.079025772571817e-08,1.1175405468606897e-08,7.66754465198896e-08,4.0101231356639334e-07,4.1162259169456586e-07
7400.000000000045,-0.017964127353430028,0.32074668439222814,-0.4118626327999999,-0.004914216500621028,0.33850915271636245,-0.4001825938666665,-0.003376431503521824,0.3379239966090889,-0.3875954965666666,-0.0043391433107969404,0.3376651123856703,-0.391621691,-0.025668165415454608,0.34538139109578786,-0.4173703601666667,-0.024750168651760607,0.343982792769336,-0.4308912863,-0.019737595506648647,0.33361220577035117,-0.4097939016333333,0.03628470772641469,0.33029136037291934,-0.2823897674,-0.08712984698197693,0.2875612525560042,-0.3069153109666666,0.008544251701197556,0.3140970805011307,-0.3552228152333332,-0.02116193024146608,0.28450806489316566,-0.3905133268666667,0.11525509971562826,0.20387360895298873,-0.1339912658666666,-0.15816762710521606,0.22723994495168215,-0.1281898016666666,0.16016458052308963,0.030368701468846487,-0.07664743864,-0.18075390753415288,-0.028383664116169115,-0.1459440609333333,0.18998289595530968,-0.16514467611843997,-0.0457246901399999,-0.21705797922452932,-0.21886384831596437,-0.200495716,0.19006073916795604,-0.20633899483194088,-0.0334881942123333,-0.2087908610741841,-0.2567609429934942,-0.2444539602,0.1624005774263247,-0.2181261243066284,-0.0636753516199999,-0.17990624357627058,-0.2425040294591367,-0.2684216166666667,0.18478046603213272,-0.19572717977232496,-0.05552822055,-0.20437664861443447,-0.22546554432545063,-0.2265414,0.08299551993909124,-0.17575103781007748,0.0426855670866666,-0.08116616881161665,-0.18349012377808255,-0.0409575474,0.09072465969017497,-0.522334056681812,0.0833462543233333,-0.027742608438615642,-0.45606342144552625,-0.0182092337853333,0.08894447421196937,-0.7924363946530948,0.2894081249,-0.054472306278183134,-0.7895728704729502,0.1791904096,0.07201794778764024,-0.8234626267575764,0.3133163320666667,-0.05694070709385002,-0.8185602931927034,0.1589344190666666,0.10004204154727134,-0.8638487307707454,0.2570121486666666,-0.05021524444122423,-0.8492424229779996,0.0634081415933333,onweer_g_ch1_g19_compr.mp4,ch1g19,2.573087170482428e-06,7.481884372168401e-06,5.697848788217968e-06,1.5867326142143263e-05,1.3895145131488695e-05,8.087271600542877e-06,5.591247800530523e-06,3.2544063386888386e-06,6.0768668633049056e-06,9.02151993948923e-06,3.082001475437018e-05,1.666253172588163e-05,6.4703345202100985e-06,5.3661744091353756e-06,1.2384499962371832e-05,2.0182443249779763e-05,1.187830844764633e-05,3.4033414072051526e-05,1.5959652986023486e-05,6.38647166363211e-06,1.3370578313887815e-05,6.929812049057704e-06,6.327036065102168e-06,3.292057154608438e-06,1.3556556120857352e-05,5.097711007591688e-07,4.826242095807357e-06,2.875994723935298e-05,6.310554003076956e-06,3.6983003205974496e-05,5.127338372781117e-07,2.7614689421122403e-06,7.781899397985679e-06,3.589235346404573e-05,2.0940170421757394e-05,0.00010863253625781799,8.152013731554776e-05,8.171713959168514e-05,8.473786289539827e-05,8.989925657441341e-05,9.402157505183487e-05,8.957984352360344e-05,-2.857058127489355e-05,-4.712033028426836e-07,5.51551130317415e-05,7.449134690910896e-05,-9.496178540104983e-05,-0.0001013555803770766,-4.310224386791596e-05,-0.00013830282889662547,2.4374088435807556e-06,-7.681238055644016e-05,3.7766343027169804e-05,-5.01720209567353e-06,3.518578459312331e-05,7.606791353461929e-06,1.4543585651925847e-05,-5.6359079929669735e-05,6.080613073821379e-06,-6.701046535839138e-06,3.704451048254489e-05,8.545049658567493e-05,0.00022159113305841068,0.0001723998033630253,0.00022696566082968715,0.0001764263476786456,0.00014883405265012916,8.691576333687706e-05,-1.453002499609265e-07,9.328175463325817e-07,-3.645982177597457e-07,-8.561524616547361e-07,-2.1057288935135854e-06,1.6690792053662192e-06,-3.2162240157391963e-07,-2.3755121740525376e-07,-2.112188518206766e-07,-4.8235203209344646e-08,6.490701074151022e-07,6.039141651197252e-07,-4.635787289970399e-07,-2.892385218136171e-07,8.260440229031067e-07,2.3403069309509244e-08,-1.6136981229259324e-06,4.7470395741492517e-07,4.990978079143636e-07,-4.6666385779785547e-07,2.8304711448381935e-06,-3.9744857259847034e-07,-5.009833873398909e-07,-1.331074775356728e-07,-1.930018800508564e-06,-2.4566302618713992e-08,-1.9449340720740373e-07,5.50624992654728e-07,2.2775561608737659e-07,7.449264426574288e-07,-3.999175147879381e-08,2.3579614459992387e-07,2.1331776388162663e-06,1.8781136676036495e-07,3.1883419816924506e-07,-1.3415046978833235e-07,-4.59489773540724e-08,-1.1811605071538945e-07,2.5103743448958723e-07,-1.3322996146491767e-07,-1.7100462737987086e-08,7.247992677448151e-08,-4.641242196279896e-08,-1.1889927640807623e-08,-3.8973963703929375e-07,-1.1679922654757447e-07,-1.2859742666600293e-07,-2.2385913364308022e-07,-7.135855395069098e-07,-1.0469713821452421e-07,1.2412459780436012e-08,-3.065513477385319e-07,-1.1717884555346295e-07,1.8885619367382e-08,-1.4849282378934598e-07,-1.1349544166890737e-07,-3.0073498238105826e-08,-1.1917594163189742e-07,1.3652884956934385e-08,-1.2160416120030353e-07,-2.3648274557408337e-08,7.134871912003578e-09,-2.09474313874189e-08,1.1253361583886643e-08,2.323076620090412e-08,2.366656320116722e-07,3.929869044218694e-07
7416.666666666712,-0.01792837107421161,0.3208134511452747,-0.4122264476333332,-0.004877127725902496,0.3385503989236909,-0.4005501667666666,-0.00334912407911985,0.3379649190710393,-0.3879634340666665,-0.0043038491359437105,0.33770952710153207,-0.3919837504666666,-0.02561838808579615,0.34542896334382556,-0.4177149376,-0.024702424540833597,0.3440334164447604,-0.4312398701666667,-0.01968540784034259,0.33365840940381225,-0.4101404351,0.03630629536606101,0.3302336593193975,-0.2827819490666667,-0.0870793557660335,0.28752092298886467,-0.3071822633,0.008542112849889075,0.314114138503886,-0.3555893867999999,-0.021141694746143146,0.28454079061722726,-0.3908531041333333,0.11526252510714398,0.20375953489945062,-0.1343564436666667,-0.15813297443014263,0.2271158477115166,-0.1282723314999999,0.16037012322206204,0.030295672989685364,-0.0769460662433333,-0.1805218791131927,-0.028556550951022018,-0.1456146186,0.19043904864787092,-0.16517772970973038,-0.0460615565933333,-0.21711806895068472,-0.21895243334936942,-0.2000393411,0.19059020146591824,-0.20633621563537088,-0.033851803469,-0.20891760724671013,-0.2567730890619733,-0.2439771687666666,0.16298380978402396,-0.2181193432558826,-0.0640451549766666,-0.1801444357650714,-0.24249728535926937,-0.2680048192666666,0.18527073981820352,-0.19574256797954398,-0.05586901967,-0.20449292774387642,-0.22553134727998922,-0.226060688,0.08300161831756878,-0.17574602188910618,0.04265239909,-0.08117161635497945,-0.18349554766196405,-0.0409259958033333,0.09076843429002121,-0.5222960459273641,0.0836595137366666,-0.027611774916379096,-0.4559808906707867,-0.0175344454386666,0.08896474377116008,-0.7922256947811503,0.2899690195,-0.05426417174391832,-0.7894156121989617,0.1803769920333333,0.07203049786039464,-0.8232443348478552,0.3139202791,-0.056719646169273844,-0.8184005695830838,0.1601851117999999,0.09991808419849554,-0.8636868604257057,0.2576235636666665,-0.04990987767624368,-0.849160517426874,0.0647231864533333,onweer_g_ch1_g19_compr.mp4,ch1g19,2.4273082262397057e-06,8.662819836862378e-06,5.012290315958683e-06,1.4717403640367195e-05,1.178428586578998e-05,9.99457454866291e-06,4.971468381558051e-06,3.0089239908455503e-06,5.776085744284932e-06,8.891275744326839e-06,3.126834979388462e-05,1.6990363778106188e-05,5.735890001468594e-06,4.729957609417103e-06,1.2973591094065612e-05,1.9593166214433405e-05,1.0125646949237353e-05,3.4329087460092374e-05,1.6183451773591834e-05,5.656681297648303e-06,1.637963540987797e-05,6.301910053704387e-06,5.550829299521462e-06,2.8450400140053418e-06,1.1662818772416321e-05,4.640622220643731e-07,4.146522658634306e-06,2.9123528957202745e-05,6.3926116381592e-06,3.7540911379749267e-05,4.512159896160058e-07,2.6831155299754856e-06,1.0130853361407076e-05,3.61682239298044e-05,1.9948068904693487e-05,9.855900477097926e-05,7.228225130673522e-05,7.244175238062103e-05,7.465614675296396e-05,7.827876955377366e-05,8.303299930978098e-05,7.87941034807457e-05,-3.296627085499313e-05,-1.0586706028819977e-05,4.7755221826478355e-05,6.509587444259975e-05,-9.570314938307106e-05,-0.00010660085706753325,-6.123637305233434e-05,-0.00014453777883434435,-7.517642726165801e-06,-7.809668857313001e-05,2.9311169228670398e-05,-4.44568852758316e-06,3.163919695534715e-05,1.1146018756766295e-05,6.14366421507266e-06,-5.764396945020932e-05,5.956645729271072e-06,-6.865978358426082e-06,2.8299566844689268e-05,8.333572330524274e-05,0.00019198697008130028,0.00017618487456870328,0.0001950071135792247,0.00018231126430256144,0.00011570950597807155,7.677433131058276e-05,1.608767774377499e-08,1.2437018140260518e-06,-4.0441729208333527e-07,-9.615654389164996e-07,-2.1223108787614245e-06,1.8606073188194488e-06,-3.6312461033050837e-07,-2.3433756513537874e-07,-1.8869441698937007e-07,-1.3102582282110052e-07,6.813692704988414e-07,1.9633039748663435e-07,-4.7201819872951066e-07,-3.2533502146409064e-07,4.84934592980206e-07,-7.101530477044762e-07,-1.671350190616872e-06,5.560700599279306e-07,1.8256261142439152e-07,-4.778155234870285e-07,2.722657847655258e-06,-4.453609286587451e-07,-5.082441024083504e-07,-1.022150437872477e-07,-1.9568223763086473e-06,-1.0012900323401862e-08,-2.3172522685438733e-07,5.615993939403767e-07,1.2068669760727616e-07,7.917150796044876e-07,-2.882797799844131e-08,2.082024747393348e-07,2.3026518206982246e-06,1.3637601069324616e-07,1.9807077882712705e-07,-5.587102040193352e-08,-4.3916659905489235e-08,5.906611194352329e-08,8.713597677249624e-08,-6.15000096624347e-08,1.577510353286109e-08,7.567685794314607e-08,-6.926850534159116e-08,-1.0214949313958027e-07,-4.811176467587468e-07,-2.8681297747142113e-08,-5.751465975696837e-08,-3.208351096199397e-07,-6.695972865617102e-07,9.461902287560158e-08,-7.279790613336933e-08,-3.8976204704761657e-07,-3.125943808082447e-08,-1.9979033320135406e-07,-6.794853180825233e-08,-2.16637997148973e-08,1.164480151938495e-10,2.840824850205573e-08,1.4866452014350289e-08,-6.07364753982331e-08,-1.1589097455247038e-07,-7.602572065843501e-08,-1.0442677001242628e-07,1.3448096733369297e-08,-1.1347534014715376e-08,4.760851329284978e-08,3.9689619800396066e-07
7433.333333333379,-0.017893793990225226,0.3208867126147746,-0.4122548304666666,-0.004837608518083504,0.33860168909840677,-0.4005591392666666,-0.003319449107570474,0.3380170266985468,-0.3879757652999999,-0.0042671167864208395,0.3377642057121112,-0.3919908434333333,-0.025569321649650364,0.3454899458423092,-0.4177129607000001,-0.024655846916574704,0.34409764968870593,-0.4312355101,-0.019633434104387663,0.33371591454078625,-0.4101433805666666,0.03633611341871812,0.3301992945736188,-0.2828111007,-0.08702895593398319,0.2875055602044903,-0.3071806341,0.008544415742288855,0.314141459915426,-0.3556289543666666,-0.021119139800699446,0.284582445722457,-0.390874983,0.11527318846695547,0.20364695248716272,-0.1344956629666667,-0.1581008101010328,0.2270095700160768,-0.1282576469,0.16058041896967715,0.030196075722664084,-0.0770575845466666,-0.18032510798166515,-0.02871357794972792,-0.1453221654333333,0.1909037486643233,-0.1652155399712897,-0.04605024897,-0.21722823204800754,-0.2190397579224789,-0.1996823738666666,0.19113336900393435,-0.2063396139871154,-0.033797779339,-0.20909175613400208,-0.2567877513660827,-0.2435928777333333,0.16358071776847943,-0.21811347967712755,-0.06400562704,-0.18042081675970284,-0.24250682979377028,-0.2676811878999999,0.18577020876193232,-0.19576172074295173,-0.0558559527166666,-0.20464902746904723,-0.22559741730016783,-0.228547573,0.08300670359825749,-0.1757428422167025,0.0426205728166666,-0.08117558312482932,-0.18350023335407462,-0.0408952477533333,0.09081292338213875,-0.5222934366127939,0.0837377033566666,-0.027489479173747656,-0.4558987705375887,-0.017056861702,0.08896009379737457,-0.7920667855372222,0.290225863,-0.0540791221302254,-0.7892587491881804,0.1815355404333333,0.07201431114317602,-0.8230807675693788,0.3141965913333333,-0.0565317890891735,-0.8182423878658517,0.1614217606666666,0.09977315323151406,-0.863625503101764,0.2579004009333333,-0.04961738821095896,-0.8491057791895195,0.0660829716799999,onweer_g_ch1_g19_compr.mp4,ch1g19,2.5883002761403127e-06,1.0080688096985822e-05,4.375992692377264e-06,1.3469670337965138e-05,9.344676015160392e-06,1.1983008050338013e-05,4.391788652059021e-06,2.684967885992704e-06,5.691373675970066e-06,8.596132868203167e-06,3.156806823518097e-05,1.7088665981901283e-05,5.067135857580235e-06,4.135605278600534e-06,1.3528354124222645e-05,1.8482521084577028e-05,8.46578237559425e-06,3.447863548852685e-05,1.6098716919616636e-05,4.991902681352444e-06,1.9004697948793557e-05,5.659371157836658e-06,4.862850314796219e-06,2.4990425613309436e-06,9.428325961902303e-06,4.408192105348391e-07,3.541500839650114e-06,2.926530222820131e-05,6.395648058263044e-06,3.8033355285039215e-05,4.0892825013119545e-07,2.7147798974714777e-06,1.2508616733112203e-05,3.636655842034693e-05,1.86564202595737e-05,8.771579988300981e-05,6.278475866046653e-05,6.287670659877714e-05,6.455813065201471e-05,6.788711922046414e-05,7.284850983469438e-05,6.875778091713435e-05,-3.791085317151401e-05,-1.6410585798122775e-05,3.989350285810776e-05,5.573959080710124e-05,-9.818183695269029e-05,-0.00010863270277519931,-7.593543498574986e-05,-0.00014705999699879199,-2.1803203607239827e-05,-8.161639195144186e-05,1.5486685701784233e-05,-5.517103226609934e-06,1.9516887127971795e-05,1.2201245070921009e-05,-7.158942734739979e-06,-6.069855878154954e-05,5.6860085738935265e-06,-6.888048172238084e-06,1.753445817303718e-05,7.885470195029824e-05,0.0001564651985136995,0.0001759040848047763,0.0001569643485913537,0.00018397927532256273,8.281379571626701e-05,6.444772198038012e-05,1.219085679368192e-07,1.3667493709141443e-06,-3.817819421857103e-07,-1.0107438005881146e-06,-1.9471529369829577e-06,1.8443661732438367e-06,-3.484699560892885e-07,-1.89442369153761e-07,-1.6794576485474053e-07,-2.24630775069189e-07,5.614019630449689e-07,-3.005410775755227e-07,-4.136254971569785e-07,-3.07809797315922e-07,3.7491116652238946e-08,-1.3458787828635624e-06,-1.4505295257526938e-06,4.683744811484975e-07,-2.2692739423627283e-07,-4.223519430316678e-07,2.3937873567037587e-06,-4.2436418912280535e-07,-4.4448394623747023e-07,-5.7874853592644545e-08,-1.8281323794229148e-06,9.62524252466945e-09,-2.2708326363945444e-07,4.196517873131031e-07,-1.6986981897165164e-08,6.808841465049879e-07,-1.1175289654045287e-08,1.6140630575959374e-07,2.232688770410878e-06,6.3855819742009e-08,6.15767471378461e-08,1.853110513207058e-08,-3.8660750381024746e-08,2.4114733481371287e-07,-7.321096918950327e-08,7.544053894303987e-09,4.5713204041161234e-08,7.466858876921011e-08,-7.786680746873658e-08,-2.0528168468766027e-07,-5.283924901965026e-07,4.825718365626007e-08,1.1727448862871795e-08,-3.7948318019688815e-07,-5.407269033132724e-07,2.833864439582945e-07,-1.7162393820799438e-07,-4.381155734486206e-07,4.344752524968591e-08,-3.6612298884767747e-07,9.876499838606505e-09,5.7736027252241786e-08,3.1327904415686074e-08,1.8220210749501582e-07,1.571424213143006e-08,1.6043136210483416e-09,-2.1592490745565108e-07,-1.2902308208608892e-07,-2.0245974399153038e-07,1.57213228238048e-08,-3.9951925742229764e-08,-1.3035328805038458e-07,4.4262557440818706e-07
7450.000000000046,-0.01788588665086213,0.3210055133336794,-0.4125806691999999,-0.00481603971289474,0.3386960260032617,-0.4008241146999999,-0.0033060557172670643,0.33811317979038935,-0.3882417112999999,-0.00425064593532614,0.33785968584461845,-0.3922468781666666,-0.025547940857174472,0.3455886222100862,-0.4179452370333334,-0.02463697138908845,0.3442021988936811,-0.4314687411,-0.019610700530159317,0.33381699150083527,-0.4103756708,0.03637333844033259,0.33019031068225857,-0.282956241,-0.08699372568526456,0.2875232996846916,-0.3072042852333333,0.008539884258854246,0.31421363098099414,-0.3559311906666667,-0.021114021453733756,0.28466860972869945,-0.3911466272,0.11528497587437785,0.203559527714773,-0.1346162923666667,-0.1581055069244276,0.22691775295704464,-0.1281719639666666,0.1607983726703826,0.030118189404947177,-0.0770027491433333,-0.1802228775607973,-0.028836935772143496,-0.1449531759333333,0.1913892021143931,-0.16523656148528873,-0.04592459915,-0.21744062213608653,-0.21911720934490603,-0.1992058695,0.1917070024226577,-0.2063321228432164,-0.0336475454273333,-0.20936326311138398,-0.2567931326768466,-0.2430762584333333,0.1642140111203596,-0.2181007396362107,-0.06388769838,-0.18078381707932323,-0.2424881304453972,-0.2672323852666666,0.18629436259041143,-0.19576817041346273,-0.05573951939,-0.20489839158889075,-0.2256555303587006,-0.227691278,0.08301232684051789,-0.1757369275647273,0.0425886026233333,-0.08118060877588423,-0.1835081871211431,-0.0408627689366666,0.09085488814070408,-0.5222760915382719,0.0837264646533333,-0.027373365347106316,-0.45581846661996256,-0.0163956554553333,0.08895862791054643,-0.7919440504515893,0.2903244073666667,-0.05387567707319944,-0.7890577827727601,0.1829582610666666,0.0720040364350315,-0.8229643670425663,0.3143290447666667,-0.05631565904452382,-0.8180285700509373,0.1629581073999999,0.09967013314175957,-0.8635952802158879,0.2580537517666666,-0.04930331046859877,-0.8490563154349576,0.0678530174733333,onweer_g_ch1_g19_compr.mp4,ch1g19,2.752366029670973e-06,1.1510774420842528e-05,3.9635595644910715e-06,1.246670617072365e-05,7.4127929561676954e-06,1.3801505772140915e-05,4.001360921457556e-06,2.5957911213955996e-06,5.6603734219522235e-06,8.178024231960458e-06,3.220824714548648e-05,1.6533124506801874e-05,4.64356311123563e-06,3.7954038665572566e-06,1.3484683522889757e-05,1.659772211800197e-05,7.089915038367867e-06,3.5050265562702496e-05,1.565302023044923e-05,4.5620246239500675e-06,2.1157393494340394e-05,5.2202372933673794e-06,4.415278782801679e-06,2.3300148341877105e-06,7.64394524134298e-06,4.4876980971604334e-07,3.3062334102458438e-06,2.9754276765826654e-05,6.278449237912653e-06,3.8788408999477144e-05,3.9517517054336367e-07,2.748941392756628e-06,1.4664571777079678e-05,3.681128041897739e-05,1.7419728504988326e-05,8.318238099918578e-05,5.890555184492053e-05,5.9017774964318074e-05,6.0121449320919246e-05,6.387987098186446e-05,6.908057934062133e-05,6.531118302495722e-05,-3.9760355520084704e-05,-1.5943436240001858e-05,3.751420851325911e-05,5.258499239502108e-05,-9.871067127628908e-05,-0.00010682355486068178,-8.697769729432051e-05,-0.00014814258782128463,-3.1156106286963956e-05,-8.531950361840921e-05,6.5666601899449115e-06,-7.402965465492021e-06,1.0718593561313554e-05,1.347801646091996e-05,-1.617604340610036e-05,-6.42460095455985e-05,5.617015530823118e-06,-7.113879539095596e-06,1.0413264280988068e-05,7.412863292561329e-05,0.00012959534703918684,0.00017586564662875752,0.00012703145630276247,0.00018560855784411845,5.534415638099129e-05,5.5678858087451976e-05,1.3505996554830557e-07,1.2718707874119787e-06,-3.4524882511391505e-07,-9.601715212635677e-07,-1.5979770856304828e-06,1.610932432454395e-06,-3.24845671402784e-07,-1.2653374234846277e-07,-8.941318286344872e-08,-3.286329618555602e-07,2.933764432470308e-07,-9.041698551430348e-07,-3.394549582028801e-07,-2.8875951143577645e-07,-4.044520284001717e-07,-1.8661250061630963e-06,-1.0221734955248725e-06,2.3504389196125682e-07,-7.425987659463341e-07,-3.510640996154093e-07,1.8808434615374067e-06,-3.916924516309468e-07,-3.5634282846308256e-07,-5.136084469845236e-08,-1.5591263982735746e-06,2.5642854722275833e-08,-2.2480327691126743e-07,1.396436580950812e-07,-1.5023398872719195e-07,4.238112129888952e-07,6.5060701717917975e-09,1.0685389768484953e-07,1.9267573966950316e-06,-8.306637707375342e-09,-6.317792346653718e-08,6.951784832769732e-08,-4.1825265635284154e-08,3.818150071308894e-07,-2.001898302021299e-07,5.57696773635866e-08,6.193463241761528e-08,7.445074863129264e-08,-7.496054164898313e-08,-3.2222045517793345e-07,-5.144956996681859e-07,9.491652832872819e-08,5.877892143038707e-08,-3.737595265125751e-07,-3.3734878633143253e-07,4.3465641920059994e-07,-2.8851166018196197e-07,-4.463805743516728e-07,8.81422424788512e-08,-4.566915338459309e-07,6.406346341754011e-08,1.0610974377858998e-07,5.1396746894869906e-08,3.012472101643377e-07,1.557771809047776e-08,4.18171354885093e-08,-3.268654784082106e-07,-1.4566092415747649e-07,-3.134011473703669e-07,1.7224495826131646e-08,-5.8070506263326025e-08,-2.6625615222470854e-07,5.02272861593117e-07
7466.666666666713,-0.017868257897525615,0.321087821894348,-0.4131666434666667,-0.004788792412348532,0.3387556731592525,-0.4013444294666666,-0.0032876571073691984,0.33817359154686694,-0.3887576590333332,-0.004229526708306275,0.3379204383255269,-0.3927569916,-0.025520833158745097,0.3456528639721425,-0.4184669137666667,-0.024611833232224826,0.3442719540458116,-0.4320027252333334,-0.019582710286851664,0.33388264569714526,-0.4108961445333333,0.03640907650851617,0.3301547328774699,-0.2833295359666667,-0.08695852079078845,0.28750782447840567,-0.307600218,0.008540294968997999,0.31425241356774763,-0.3564732432666667,-0.021102469674977652,0.28472049076874356,-0.3917068502666667,0.11528673414964583,0.2034648151269318,-0.1347804567,-0.1580993244338938,0.22681094882520852,-0.1285001397,0.16102073014860493,0.030039199048604335,-0.0770584407433333,-0.18010145349244847,-0.02896502191781317,-0.1452031707333333,0.19190688678075132,-0.1652596342661235,-0.04588415386,-0.21764399083025024,-0.2191896286190751,-0.1993721941666666,0.19230822262923122,-0.2063150352471723,-0.0335851094373333,-0.20962817569898298,-0.25678414686176537,-0.2432691073,0.16486879820971942,-0.21807969293947488,-0.06385182992,-0.1811279414941452,-0.24245267040777754,-0.2674166729,0.18684961041022227,-0.1957785568775056,-0.0557054724733333,-0.20513897030650552,-0.22570861169488057,-0.231157526,0.08301375522764963,-0.1757297637218029,0.0425687697966666,-0.08118255765960215,-0.18351706102882956,-0.0408409884066666,0.09089699410553526,-0.5222575776817655,0.08429403225,-0.02726731229825836,-0.455738708747538,-0.0156047575753333,0.08894713969461891,-0.7918054346632969,0.2910227135,-0.053680680618590736,-0.7888579902559077,0.1843577796,0.071980542293556,-0.8228327782668973,0.3150788691666667,-0.05610829077434995,-0.8178166996247842,0.1644426703666666,0.0995660177601642,-0.863556557284494,0.2589092622,-0.04901475859434678,-0.8490053271672416,0.0694966452333333,onweer_g_ch1_g19_compr.mp4,ch1g19,3.014296656115971e-06,1.2908115293541203e-05,3.931753266555542e-06,1.1409739728684955e-05,6.127043360702465e-06,1.5366239162117748e-05,3.974770544295444e-06,2.6545601485466673e-06,5.550350625675085e-06,7.779650083016172e-06,3.270994294079181e-05,1.5592105630922902e-05,4.6664797797482746e-06,3.815873432201666e-06,1.2855021912311131e-05,1.4483535827342106e-05,6.179062751883309e-06,3.5516471100337536e-05,1.502713436238967e-05,4.562610937506162e-06,2.2707447189789225e-05,5.141811829813319e-06,4.4361446633409745e-06,2.51417381856593e-06,6.4002725566705845e-06,4.6568134954576715e-07,3.4292008427245067e-06,3.010967700055206e-05,5.85815784400847e-06,3.9373784580952396e-05,3.883107831423234e-07,2.9144003536215747e-06,1.65152744765433e-05,3.699521372490308e-05,1.6333347971098365e-05,8.401583876678433e-05,6.092498389009174e-05,6.116722924711991e-05,6.184903662271693e-05,6.736322655465797e-05,7.238713634501465e-05,6.864730777865798e-05,-3.4371380122015814e-05,-5.324746310802395e-06,4.130303908771209e-05,5.5704883326766096e-05,-9.525965815825403e-05,-9.736254438238765e-05,-8.798469936273952e-05,-0.00013965725049856645,-3.51939341556919e-05,-8.820981870501147e-05,3.9793399018320903e-07,-1.1456552150021402e-05,4.694760740597722e-07,1.0274326150708476e-05,-2.082639924691241e-05,-6.827033410854555e-05,5.443779372116599e-06,-7.21413859057154e-06,5.919282033749106e-06,6.86070079915215e-05,0.00011213766923351427,0.0001709905184578985,0.00010699654508338258,0.00018123012584186685,3.735591037994388e-05,4.5382879784265466e-05,5.952785545162921e-08,1.103670076873205e-06,-2.4553542457393924e-07,-9.395193869012588e-07,-1.197303606203036e-06,1.319565202205209e-06,-2.420753740113511e-07,-5.208104571140093e-08,-1.0273930697617234e-08,-4.103978782500758e-07,-1.38048865011133e-07,-1.5019998716992838e-06,-2.1303915547902263e-07,-2.0553743287010443e-07,-7.921805052375276e-07,-2.153441374536888e-06,-4.90788632874499e-07,-1.625670629985052e-07,-1.2743245878311424e-06,-2.31006299856242e-07,1.3865871593404165e-06,-2.9501492127623343e-07,-2.1436313333354864e-07,-2.2223826788829446e-10,-1.2543396958982576e-06,3.9668347731708746e-08,-1.609815018194687e-07,-2.998312738144398e-07,-2.9263260183129355e-07,2.1155715274972355e-08,2.5175521944212636e-08,4.422882239134775e-08,1.5583748163644483e-06,-7.139394387495207e-08,-1.5686775390524873e-07,8.61223138571261e-08,-4.2959289799860475e-08,4.5698709631646916e-07,-2.7482899633809324e-07,7.202487692727967e-08,6.837860005713496e-08,7.634912446822646e-08,-6.530275399833425e-08,-4.219597707076099e-07,-4.433066678797331e-07,1.0059737673065395e-07,7.39880665656338e-08,-3.0395648887124284e-07,-1.0016032154249382e-07,5.260703018313378e-07,-3.923045436773551e-07,-4.1384720063020556e-07,9.281410291214986e-08,-4.5945751005894167e-07,8.39762554025203e-08,1.1190890126390625e-07,4.980158502613758e-08,3.668966372039389e-07,1.3661841714546114e-08,5.277214646416953e-08,-4.1805762476225404e-07,-1.2447645566097884e-07,-4.092834900155686e-07,1.687303253500021e-08,-6.990367167712634e-08,-3.4129496680669647e-07,5.418622680572781e-07
7483.33333333338,-0.017850094381196568,0.3211878799968788,-0.4137213292666667,-0.004760013076698816,0.33883343084777995,-0.4018247316333332,-0.0032673825170621163,0.3382514991598608,-0.3892349183999999,-0.004206879066665907,0.3379991586177402,-0.3932281077,-0.025492396211988066,0.3457382565176747,-0.4189518174,-0.02458529096770364,0.34436299078301164,-0.4325007568333333,-0.019553260350926017,0.33396980300657353,-0.4113806667,0.036446957370350024,0.3301387073669268,-0.2836743240000001,-0.08691970350273798,0.28752266757227,-0.3079763362,0.008540899617658434,0.31431428200692013,-0.3569857756666666,-0.021090641889423462,0.28479704728931493,-0.3922425520000001,0.11528499974223862,0.20339990292095544,-0.1349558058666667,-0.15809022852080148,0.2267365492446398,-0.1288033058,0.1612436400749041,0.029975502902985767,-0.0772169883533333,-0.1799777557745456,-0.02907449156088318,-0.1455588515333333,0.1924523763043125,-0.1652744792980011,-0.04601566058,-0.21786082602869225,-0.21926334464126318,-0.1997520843666667,0.19295039130943573,-0.20629182739139632,-0.0336969873716666,-0.2099212453876743,-0.2567803707032238,-0.2436587940333333,0.16557119845119905,-0.21805263954543094,-0.0639914824866666,-0.18151158025288766,-0.24242813527312967,-0.2678086330333333,0.18744008756405536,-0.19578185153125596,-0.0558505737666666,-0.20540057335081086,-0.22576574605106972,-0.228956714,0.08301076732593203,-0.1757224959424915,0.0425445302,-0.08117996539554569,-0.18352582362681802,-0.04081537294,0.0909232255419076,-0.5222313330394631,0.0847350355933333,-0.0271808338765418,-0.4556783813432245,-0.0149040921853333,0.08892292679324137,-0.7917097347463811,0.2914246415333333,-0.05352163775751869,-0.788681656730461,0.185328775,0.07194254025159191,-0.8227451746141814,0.3154859371,-0.05594347506097802,-0.8176272386616026,0.1654415011666666,0.0994476119042869,-0.8635311457877443,0.2593602721666666,-0.04882798233101593,-0.8489497694190284,0.0706206865133333,onweer_g_ch1_g19_compr.mp4,ch1g19,3.065116690627616e-06,1.4009169022089482e-05,3.988784486002371e-06,1.0546485452039594e-05,5.6319568735875226e-06,1.650969072855782e-05,4.022827618763799e-06,2.7695366919948463e-06,5.568670811900893e-06,7.3867266090723275e-06,3.267970028153482e-05,1.4246359411800798e-05,4.792439141398198e-06,3.91941268023367e-06,1.1827257074828922e-05,1.2419504002482507e-05,6.315433697581803e-06,3.550110816424839e-05,1.3958593943252617e-05,4.6652868749116316e-06,2.3500432715754347e-05,5.1662525348761454e-06,4.564244960456242e-06,2.797188743785378e-06,5.775980759242523e-06,5.528143575779984e-07,3.6362254548378763e-06,2.993583568535203e-05,5.503857011999117e-06,3.944115001478805e-05,4.5390463767588014e-07,3.147687699240965e-06,1.791381509563044e-05,3.6654105365893756e-05,1.5106432358559994e-05,8.641122608883023e-05,6.422770942306383e-05,6.464721167624861e-05,6.506419292114149e-05,7.254218650332805e-05,7.731591958407026e-05,7.355804594725248e-05,-2.8638384014404842e-05,7.006092938157758e-06,4.612149658434367e-05,6.028480454623411e-05,-9.37404542545176e-05,-8.578443731559205e-05,-8.747813482954783e-05,-0.00012407095117146502,-3.803804082728278e-05,-8.912590804818519e-05,-4.351940115986995e-06,-1.515811946370163e-05,-1.0381854467180553e-05,3.5882966252413213e-06,-2.4715056439472226e-05,-7.130231882220552e-05,5.028074463990959e-06,-7.0266928959066846e-06,2.978512506460835e-06,6.346358982221342e-05,9.800235095505629e-05,0.00016116276840254633,9.080760613891201e-05,0.00017012430775548403,2.352456668214532e-05,3.615294134793616e-05,-2.2617984659238648e-08,8.681839356366762e-07,-1.2631786430781894e-07,-9.473024264322884e-07,-7.230770730773253e-07,9.826858148711007e-07,-1.3976840932219877e-07,3.189903818353492e-08,1.1104871616858353e-07,-4.312285188405445e-07,-6.667007560418894e-07,-1.9149400157814854e-06,-8.867362303188714e-08,-9.871355894863257e-08,-1.0738374297056734e-06,-2.0652918588096875e-06,8.67098809063132e-08,-6.667799094231502e-07,-1.6672896766253877e-06,-1.13993693197355e-07,9.168236143071786e-07,-1.7679481789877603e-07,-7.54935411601497e-08,6.766166641946961e-08,-8.747968922708477e-07,5.227986903365613e-08,-7.554921843227721e-08,-8.1945337563345e-07,-3.662023639004456e-07,-4.930978988127518e-07,4.215991872488451e-08,1.6492759631984348e-08,1.147919967951812e-06,-1.0649616234030189e-07,-2.0806792820551792e-07,7.729395160525291e-08,-4.8929553534532505e-08,4.601999737731124e-07,-2.942323017295075e-07,6.49743537145404e-08,6.686712994732354e-08,7.148511557375382e-08,-5.14785326478526e-08,-4.755635503190153e-07,-3.1390030285125425e-07,7.88286590648258e-08,6.555071303746876e-08,-1.883949870835227e-07,1.383980876249785e-07,5.352470781119978e-07,-4.550158997654736e-07,-3.278919150323715e-07,7.063999439491947e-08,-3.858348830626774e-07,7.841083359556411e-08,8.918796883171675e-08,3.349035743039426e-08,3.758690227278414e-07,8.721561416204269e-09,4.3165603697873833e-08,-4.6322730233914205e-07,-8.153961640953325e-08,-4.63613090351657e-07,1.3063325032104597e-08,-7.237171525033245e-08,-3.5365042078238626e-07,5.43836895353216e-07
7500.000000000047,-0.017837873133243785,0.32128458342156263,-0.4136334978666667,-0.004736222535267768,0.3389073823414208,-0.4017049083666666,-0.0032514268255855595,0.3383254665177684,-0.3891142676666666,-0.004187420348726434,0.33807377552447065,-0.3931099961333333,-0.0254635248072805,0.34582120553736995,-0.4188529144,-0.02455947215947913,0.3444509965305739,-0.4324008614333333,-0.019523619595026954,0.3340538577513662,-0.4112849019,0.03648137598889171,0.3301214125435415,-0.2835581138333334,-0.08688212825814155,0.2875450549110213,-0.3079489876,0.008532718162918052,0.31437145999698884,-0.3568973409666667,-0.021086026522606813,0.2848703990565058,-0.3921708844,0.11527430739798297,0.20333962150872334,-0.1347976757333333,-0.15807327276395985,0.22667001676822374,-0.1288821282333333,0.1613914144044121,0.02994056655767313,-0.0769364111599999,-0.1798521315343949,-0.029167943353992896,-0.1456958314666666,0.1929170716329455,-0.16528908399338407,-0.0454457073066666,-0.21808885402468978,-0.2193387810502769,-0.1996585398333333,0.19351237612592434,-0.20627371376318376,-0.0330394891816666,-0.21023239533816637,-0.256779434517115,-0.2434898491666667,0.16620422605517376,-0.2180575118590582,-0.0633422159233333,-0.18192273296677489,-0.2424184055525689,-0.2676353563666667,0.18795493804343588,-0.19578891828172387,-0.0552791487566666,-0.20567823346268707,-0.22582651930987996,-0.22760503,0.08300578405676581,-0.17571843835700363,0.0425199329766666,-0.08117502582600279,-0.1835318913435269,-0.0407898352066666,0.09094878187512477,-0.522249360448959,0.0851259419766666,-0.02708217869256316,-0.4556169635349793,-0.0143398787153333,0.08889036357072266,-0.7916139121458027,0.2918154701666667,-0.053392124245175594,-0.7885101329076687,0.1863025947,0.07189434656163848,-0.8226561142501861,0.3158865250333333,-0.055816614963008,-0.8174443507929273,0.1664489880333333,0.09932879183383501,-0.863511159041265,0.2598169589666666,-0.048669017173408116,-0.8489066048073834,0.0717537379033333,onweer_g_ch1_g19_compr.mp4,ch1g19,3.174442183472298e-06,1.4810107979531773e-05,4.058787289317653e-06,1.000216677983404e-05,5.287675314960726e-06,1.7265591908220278e-05,4.071851251371786e-06,2.7683974672995357e-06,5.6610540355820015e-06,6.9799149397955375e-06,3.1915460512024485e-05,1.2045175525347075e-05,4.926598093986023e-06,4.010490892063029e-06,1.0358964869419002e-05,1.0515801639096221e-05,6.795250287629691e-06,3.4790034564257846e-05,1.2058263953412567e-05,4.778344541205934e-06,2.3994325392003355e-05,5.187488839802582e-06,4.6973367738745245e-06,3.056550719301312e-06,5.186293833104786e-06,6.282795840995464e-07,3.8155091897149326e-06,2.9017575828892256e-05,5.192802813438559e-06,3.8839116864851155e-05,5.217611507731941e-07,3.2133738257617344e-06,1.8778215048889515e-05,3.561896262959346e-05,1.3126285586313806e-05,8.805740928502463e-05,6.697511830881785e-05,6.739950491594373e-05,6.781777425533764e-05,7.679215091792408e-05,8.14012436843514e-05,7.756799417144235e-05,-2.2581744614111173e-05,1.7782970997938667e-05,5.041437977363406e-05,6.436510119616836e-05,-9.283487832032812e-05,-7.200859085858251e-05,-8.673532517500253e-05,-0.0001003555147339631,-4.1046505552975384e-05,-8.656473448066236e-05,-8.558262951465108e-06,-1.6955551955990966e-05,-2.0927613153635444e-05,-1.953776765605604e-06,-2.926366431974628e-05,-7.200089693555887e-05,4.503653693594764e-06,-6.620678669613834e-06,1.0675741614302744e-06,5.972337086221776e-05,8.405908869581992e-05,0.00014739474421998777,7.475560225625162e-05,0.00015384121798957533,9.575803716522374e-06,2.4345590446989615e-05,-1.164507111947723e-07,6.304331712362344e-07,-2.5596127418864665e-08,-9.705909321464185e-07,-2.3387318802362276e-07,6.766402738835459e-07,-5.2004674242298814e-08,1.075148048616075e-07,2.4870347640775304e-07,-4.3870395932952175e-07,-1.1553782826834588e-06,-2.145064010092944e-06,-5.515725606654763e-10,-4.821842711688715e-09,-1.115653070651232e-06,-1.7181564331766995e-06,6.317314272180088e-07,-1.136190775283577e-06,-1.924479731458392e-06,-3.5037700241552815e-08,5.583563788645793e-07,-7.798062672902845e-08,2.2955445874368926e-08,1.3474082757434018e-07,-4.699779543558419e-07,6.307272664506272e-08,4.29869285605382e-09,-1.2820549680807228e-06,-3.9271919500411343e-07,-9.824644353460623e-07,5.765006254275862e-08,-1.8960528870071498e-08,7.883305587635755e-07,-1.0903455005351752e-07,-2.176204418622342e-07,5.797932558825611e-08,-5.566178517144833e-08,4.086730229138943e-07,-2.68049181710462e-07,4.916899849404552e-08,6.630743016209316e-08,6.047966336800644e-08,-3.155872502409607e-08,-4.6357048807900767e-07,-1.2569009122077265e-07,4.801756839280101e-08,4.8572016306076386e-08,-4.412754829061434e-08,3.449859125131332e-07,4.750214227519922e-07,-4.5601078893205226e-07,-1.8248697523990017e-07,3.9934242615351936e-08,-2.758643803544556e-07,6.302242897291082e-08,5.638574212928776e-08,1.5652033604080152e-08,3.443507869389149e-07,4.05353293522757e-09,2.7658095667588775e-08,-4.4130578008964077e-07,-2.5984957129645933e-08,-4.6113379378191824e-07,8.56965836030416e-09,-5.724163172813519e-08,-3.108827475203605e-07,4.971467822519355e-07
7516.666666666714,-0.017846954697035324,0.3213345801011488,-0.4136590829,-0.0047274741296523745,0.3389351841972759,-0.4017128715333333,-0.003247728905319758,0.338351821895511,-0.3891234785666666,-0.0041821121670868365,0.33810097596740407,-0.3931165079333333,-0.025450556092249,0.34585564011450654,-0.4188486357666666,-0.02454833492687502,0.344490409486109,-0.4323918303333334,-0.019508566120977004,0.3340916504650458,-0.4112783487333333,0.0365177526466912,0.3300532385014087,-0.2835886642,-0.08684086778726527,0.28751836218179105,-0.3079299022,0.008519518800885946,0.3143800895006399,-0.3569357333333334,-0.021087154569156216,0.28489642900239887,-0.3921851070666667,0.11526414832176297,0.2032157269881605,-0.1348139666666667,-0.15804529582948568,0.22656482607518827,-0.1289283429666666,0.16150027242997797,0.029832685799520677,-0.0767430554033333,-0.17971909893895,-0.029319806691098804,-0.1457402075999999,0.1933624668091285,-0.16534427740084717,-0.0448799066133333,-0.2183140980848463,-0.21945313098770078,-0.1995040272333333,0.19406185283993382,-0.2062943710993629,-0.0323704868983333,-0.21054004237281657,-0.2568238092407326,-0.2432490707333333,0.1668318800175426,-0.21809817335525056,-0.0626951305166666,-0.1823318062040157,-0.24244361601618766,-0.2674175292,0.18845501568907375,-0.19583277192277782,-0.0547117542599999,-0.20595426984542758,-0.2259220986326429,-0.228539884,0.08300034119836391,-0.17571479968219916,0.04249526038,-0.08116939427715522,-0.18353770920718213,-0.04076475531,0.09100609724116783,-0.5222625449694693,0.08518246327,-0.02697849748307563,-0.4555636411048216,-0.0139653153353333,0.08887176070281698,-0.7915229469550163,0.2918782636666667,-0.05325616129957082,-0.7883773899565745,0.1869784266666666,0.0718635232947327,-0.8225710508810421,0.3159501669,-0.05568165968418188,-0.8173041079025557,0.1671432296666666,0.09923426495795926,-0.8634745198169883,0.2598891694999999,-0.04850043104979015,-0.848879927399319,0.0724830626966666,onweer_g_ch1_g19_compr.mp4,ch1g19,2.922013055354435e-06,1.500983465791043e-05,4.114385908380932e-06,9.127502742486541e-06,5.035994251700907e-06,1.7508395683588958e-05,4.091047995839669e-06,2.772314335807126e-06,5.891507575521282e-06,6.545990896452519e-06,3.034567530213533e-05,9.399340386261467e-06,4.982069544901331e-06,4.081756464191615e-06,8.928444590862447e-06,8.915877749446164e-06,7.552055040709397e-06,3.322977267768584e-05,9.646569420508687e-06,4.79300231373228e-06,2.4428189975716996e-05,5.158562784550386e-06,4.77872150313911e-06,3.2734956934001295e-06,4.607751117244845e-06,7.031307877890961e-07,3.879091236261021e-06,2.7312948432978698e-05,4.894614164146716e-06,3.748160961974251e-05,6.004031941174771e-07,3.162101835946481e-06,1.9046171526492805e-05,3.3679678111385844e-05,1.0690541237148118e-05,8.765894846948815e-05,6.81398211821664e-05,6.875393100365673e-05,6.927878035919862e-05,7.928495341789763e-05,8.32347540920545e-05,7.906223497831627e-05,-1.5293581790873975e-05,2.5905667737414566e-05,5.330858821578197e-05,6.573878067307877e-05,-9.399170022471862e-05,-6.066758482965495e-05,-8.405599721017916e-05,-7.629438660693403e-05,-4.238666329810533e-05,-8.755126078625493e-05,-1.1347862149311378e-05,-2.343040907270842e-05,-3.0429852027588507e-05,-1.4236414899378275e-05,-3.1665072998270876e-05,-7.606916017339348e-05,3.38566648197818e-06,-5.564044945954833e-06,-1.6080110978072061e-06,5.6001581972939554e-05,6.593084164072622e-05,0.00012526291509251563,5.477801199127179e-05,0.00012753178131368574,-8.54139636289264e-06,4.302391497959606e-06,-2.4273217749601515e-07,4.1451707975737136e-07,7.009647698330248e-08,-1.072047748326842e-06,1.846472187110569e-07,4.335621491613878e-07,3.550767202851475e-08,1.3838367894611817e-07,2.8357531185272325e-07,-4.546741727650376e-07,-1.5724088220904828e-06,-2.190859312105217e-06,7.12540842078787e-08,8.883080212228349e-08,-1.0601346379449427e-06,-1.239703557895867e-06,1.0595457750691904e-06,-1.5482476490447958e-06,-2.0348285318779444e-06,2.5256068055196104e-08,3.4989350662930374e-07,1.301391632546989e-08,1.0076063353363501e-07,2.125774250853352e-07,-1.1697632869694338e-07,6.885407235705837e-08,8.81010141006352e-08,-1.6663722958652175e-06,-4.1643945243698606e-07,-1.4135617146112378e-06,6.783819190558786e-08,-6.581575211614378e-08,5.258785866279168e-07,-6.83256534283176e-08,-1.8373670134758397e-07,3.8771533746325585e-08,-3.864368191640942e-08,3.144439374407856e-07,-2.0667030105289352e-07,3.487962660312135e-08,6.272814269388524e-08,3.6203497171438535e-08,-1.1722257019072307e-08,-3.8384014143556807e-07,8.62408691632077e-08,2.2777734663677666e-08,3.2547262857440703e-08,8.907709725123837e-08,4.871702896673197e-07,3.5168177659317153e-07,-3.876081811799685e-07,-3.2156448784069086e-09,1.6215719650405956e-08,-1.6425522740110323e-07,4.991805405776014e-08,2.7303838778100025e-08,3.292280374916292e-09,2.8136399574579653e-07,-1.3149938491779738e-09,1.834794118262992e-08,-3.5178073364407703e-07,3.0142177070777735e-08,-3.9945546382856626e-07,2.501283230730667e-09,-2.7419864378111692e-08,-2.2762467115421548e-07,4.0857915193022213e-07
7533.333333333381,-0.0178555957687381,0.3214097753247153,-0.4132900487,-0.004718971367486114,0.33899030066161623,-0.4013207395333332,-0.0032440732863351232,0.3384069490217818,-0.3887371421333333,-0.004176547064648383,0.33815700395534987,-0.3927314937333333,-0.025435637535926703,0.34592262665196166,-0.4184497396,-0.024535145041098168,0.3445607438983562,-0.4319815919666667,-0.01949090233476606,0.33415919753992457,-0.4108795181666667,0.03654962819755377,0.3300203032261053,-0.2832962646666667,-0.08679745057647609,0.2875311573846212,-0.3076054880333333,0.00850639461689815,0.3144213118401075,-0.3566105909666667,-0.02108674790654429,0.2849496764560312,-0.3918322217333334,0.11524547899544271,0.20309054700464604,-0.1346592662666667,-0.15799815080186283,0.2264930417833009,-0.1288489463666666,0.16158145805782204,0.029709088583891236,-0.0764604216,-0.17959411018416396,-0.0294170037660278,-0.1457296689999999,0.1938046895893182,-0.1654153162608553,-0.04412723257,-0.21854106720535565,-0.21956185770573156,-0.1992364982333334,0.1946110769833835,-0.20633569498442964,-0.0314714430316666,-0.21085407761895095,-0.2568755899728762,-0.2428571423666667,0.1674588183728538,-0.2181597846475226,-0.0618109374566666,-0.18273995857059658,-0.24248935459510174,-0.2670515437666667,0.18895380952964747,-0.1958907443152873,-0.0539543500533333,-0.20623271876866253,-0.22601832673531183,-0.228737965,0.08299111281149865,-0.17571155341674902,0.0424739323466666,-0.08115911318328595,-0.18354308979161982,-0.0407441609133333,0.0910604123170731,-0.5222707953886068,0.0851784978233333,-0.02687162780466299,-0.4555165876325975,-0.0138889606086666,0.088853284749045,-0.7914512052250988,0.2915984367666667,-0.05313996681099397,-0.7883040796937353,0.1871046792333333,0.07183272579654121,-0.8225076609872316,0.3156289068,-0.05557318927267408,-0.817234964425098,0.1672509849333333,0.09913945887098936,-0.8634528923337361,0.2595535431666666,-0.04834937869399836,-0.8489043592561614,0.07262233913,onweer_g_ch1_g19_compr.mp4,ch1g19,2.3358170822465603e-06,1.4913713719192802e-05,4.164909640038496e-06,8.097697027872304e-06,5.067506068907616e-06,1.769196362671087e-05,4.100784502173396e-06,2.9530954467837587e-06,6.034560726866738e-06,6.153547577900973e-06,2.8348184129145803e-05,6.884820653990657e-06,4.986073678593848e-06,4.148636415119921e-06,7.818114167457582e-06,7.840358093182134e-06,8.732441254099063e-06,3.1264755806309456e-05,7.236340905435302e-06,4.747906406283514e-06,2.4953076150919415e-05,5.126923473627652e-06,4.822510074328997e-06,3.4647845200164113e-06,4.291863301378843e-06,7.891427723871809e-07,3.880573872352642e-06,2.5199407928031988e-05,4.544285334424601e-06,3.575204955218484e-05,6.924139389445942e-07,3.060485864275813e-06,1.93960340988044e-05,3.137076063967869e-05,8.413365574928901e-06,8.567640245243489e-05,6.781999342013697e-05,6.879195329351193e-05,6.934596357082002e-05,8.001668262750175e-05,8.30691941666618e-05,7.85028517331312e-05,-8.386342059723449e-06,3.064798884498991e-05,5.4803239828429194e-05,6.494196317846452e-05,-9.74764192564401e-05,-5.2837921019303984e-05,-8.185822272150639e-05,-5.8089348306343625e-05,-4.4873675829400745e-05,-9.126838605232351e-05,-1.619099570340627e-05,-3.407528748534171e-05,-4.0958996848360886e-05,-3.151744257118464e-05,-3.5080964604574794e-05,-8.285533529686686e-05,2.06471591087727e-06,-4.330228444940456e-06,-6.4933149453421865e-06,5.1825256595244705e-05,4.8041903875487216e-05,9.987231017230908e-05,3.590998252463656e-05,9.727989361987912e-05,-2.5844646060569858e-05,-1.8330775132588313e-05,-3.183128848825168e-07,2.545351148814662e-07,6.516132181298728e-08,-1.1412159332611098e-06,4.5969088311827733e-07,2.678697293093929e-07,3.050896294150752e-08,1.7259705989912642e-07,2.64643236449927e-07,-4.6194107946762965e-07,-1.907437618544744e-06,-1.9951157786924922e-06,3.817106309796614e-08,8.226925523473449e-08,-9.228580634832023e-07,-6.964696757506216e-07,1.3282211239618333e-06,-1.8940752961770165e-06,-1.945813661635407e-06,-1.5031286778266213e-08,2.773743382472265e-07,1.3471966917414623e-08,6.66183872907078e-08,1.941902711311319e-07,1.293361000145759e-07,6.340797875745444e-08,6.996501859273128e-08,-1.9633065946665403e-06,-3.555223629428224e-07,-1.7748353445163731e-06,6.585753650203296e-08,-8.044425609013805e-08,3.540108876504918e-07,8.936806252005198e-09,-1.2633374085382113e-07,3.173525719716925e-08,2.9800825859943916e-09,1.9228036926972095e-07,-1.371274388231166e-07,3.293999029261386e-08,5.36878605548748e-08,3.563931847528856e-09,3.8758936254278326e-09,-2.5714405210798587e-07,2.799470164788846e-07,1.5804574712091074e-08,2.8509930041658545e-08,1.838446841718259e-07,5.448340547841934e-07,1.8216686068936384e-07,-2.731033771840248e-07,1.7478489268207814e-07,1.1997131464647548e-08,-7.33071259434023e-08,4.942410621061819e-08,1.530831171239284e-08,3.518833705766258e-09,1.955556842889411e-07,-6.349082132329255e-09,2.3370881077333813e-08,-2.1794413955672986e-07,8.120508480863788e-08,-2.96887886071281e-07,-3.765347121771835e-09,1.2407140397730532e-08,-1.4321831458887142e-07,3.1187755744154074e-07
7550.000000000048,-0.017860222220532573,0.32150055992011967,-0.4128783524666666,-0.004704770583479557,0.339064001699933,-0.4008919526666666,-0.00323523895756447,0.33848183076172134,-0.3883120686333334,-0.004164890279596273,0.3382328108250048,-0.3923063119666666,-0.02541479805795672,0.34601182161925753,-0.4180166174999999,-0.024515981630051916,0.3446518538970258,-0.4315406835000001,-0.019466508452118853,0.33424480784038263,-0.4104489282666667,0.036589476042661745,0.33002146348997907,-0.2829775149333333,-0.08674654194452057,0.2875851207025696,-0.3072506129,0.008495917748830779,0.3144825260426378,-0.3562335409333333,-0.021082352538518125,0.28502158003005357,-0.3914394162,0.11523439990609076,0.20298034303182522,-0.1344763053666667,-0.1579447678874019,0.22645320715269843,-0.1287302829666666,0.1616610387363919,0.02960286882875526,-0.0762650842666666,-0.17946553290366438,-0.029470020773320952,-0.1457150847333332,0.19421485325907503,-0.1654827241532342,-0.0436757900966666,-0.21876824247557944,-0.2196612746803639,-0.1989789411,0.19512414148934398,-0.20637804809452706,-0.0309482985883333,-0.21117014077571886,-0.2569248755560015,-0.2424800625,0.16804187056393505,-0.21822413866570184,-0.0613234535433333,-0.18315035097163668,-0.24253505015469795,-0.2667169401666667,0.18941743337713174,-0.1959470265288217,-0.0535150605933333,-0.20651241696717032,-0.22610937467182662,-0.220372185,0.08297987016012762,-0.17571028607593525,0.0424505926599999,-0.08114640508814297,-0.18354659729723713,-0.04072146403,0.09111892033296143,-0.5222716983941016,0.0848723775566666,-0.026784608900242615,-0.45546976660761096,-0.013662724782,0.08880702757725671,-0.7914462745538373,0.2907607024,-0.05304535261590749,-0.7882368324963737,0.1875395576999999,0.07176344920502283,-0.8225207083318575,0.3147372819333334,-0.055489551732369996,-0.8171738234840371,0.1676947728333332,0.09898527137593434,-0.8635166321275264,0.2585604016333333,-0.048225964117525874,-0.848944463922309,0.0731470499933333,onweer_g_ch1_g19_compr.mp4,ch1g19,1.9741140391004794e-06,1.505700015418706e-05,4.029910044630361e-06,6.817153766080222e-06,5.598608586947614e-06,1.788845108379513e-05,3.928705678280442e-06,3.1957448890118083e-06,6.531878966972597e-06,5.7700167871476334e-06,2.604211782696128e-05,4.709826406163163e-06,4.786265365675397e-06,4.021835390107073e-06,7.181722343642646e-06,7.367701981827688e-06,1.0320874248795156e-05,2.8957898909298817e-05,5.063027127957341e-06,4.492470569305632e-06,2.5190996902034434e-05,4.935253425033137e-06,4.666114518655257e-06,3.433006900491847e-06,4.46845574601442e-06,8.299303796771598e-07,3.652305422889453e-06,2.2847776159643125e-05,4.252296171076849e-06,3.360877057190893e-05,7.413442066354341e-07,2.8674967456879775e-06,1.9610731931618037e-05,2.9099567872666144e-05,6.752876457667595e-06,7.871999090701179e-05,6.276102805616333e-05,6.422484491554562e-05,6.471959396646784e-05,7.565751391226337e-05,7.780965795133435e-05,7.274245754132773e-05,-4.278129963276264e-06,3.012758354742651e-05,5.170604467059998e-05,5.911266505342016e-05,-0.00010504732468209574,-4.9194410522804454e-05,-8.781401614189805e-05,-4.695745054607156e-05,-5.215595874384115e-05,-9.672244065630122e-05,-2.672642612091506e-05,-4.858036946029637e-05,-5.3868586133707433e-05,-5.199713920231055e-05,-4.20658166303729e-05,-9.107155052213452e-05,5.954073456908963e-07,-2.993523541795697e-06,-1.2685571939473204e-05,4.8373974276556424e-05,2.1993246353524095e-05,6.945486869763339e-05,9.139173119519457e-06,6.142318796327842e-05,-4.930762747744211e-05,-4.6448106660971044e-05,-3.0804398057851597e-07,1.9448215088559732e-07,9.147860946860017e-09,-1.1642612690009517e-06,5.782118674551226e-07,2.2100261324943612e-07,-1.9051453110567828e-08,2.0953173375028986e-07,2.3423662681946676e-07,-4.5225123779726423e-07,-2.159806183283522e-06,-1.6202369385310517e-06,-3.87620734315037e-08,2.4175014381431874e-08,-6.844860273430032e-07,-1.5797169595975992e-07,1.3766727280808858e-06,-2.1693789061493936e-06,-1.6995946984268197e-06,-9.424940501143132e-08,3.3302415421346483e-07,-1.9269664053953503e-08,-1.6457375764087633e-08,1.2502462186581042e-07,2.840013441605121e-07,5.1266613906118615e-08,-2.2710484615962982e-09,-2.1726091037014096e-06,-2.4564760374051593e-07,-2.0701147053491188e-06,5.605532395076426e-08,-1.0160374483983408e-07,3.1201669425065964e-07,9.582217835042926e-08,-7.010100964959364e-08,4.802484588625266e-08,7.267430043412136e-08,4.6163196945612274e-08,-7.244356690929879e-08,5.357373402831194e-08,4.359313707161599e-08,-4.446025557766284e-08,1.5212536739728778e-08,-1.090565053531698e-07,4.2467345456450944e-07,3.6340230713792865e-08,4.7419115493173535e-08,2.2809673920231362e-07,5.160137160025709e-07,-1.696811711350054e-08,-1.3544734883262693e-07,3.229144508101984e-07,3.615438271915385e-08,-3.2266938830028865e-09,7.116664183752453e-08,3.0714718567588364e-08,2.6118064221207296e-08,8.66449484325948e-08,-9.113386034138127e-09,5.136649739905975e-08,-6.769869511011728e-08,1.176858296938715e-07,-1.6983898188877868e-07,-8.038992893950515e-09,5.796170450221256e-08,-6.361864134054628e-08,2.5847038757239145e-07
7566.666666666715,-0.017871161658602714,0.3216040357573847,-0.4121191184333333,-0.004700944801797544,0.3391525850211406,-0.4001016228999999,-0.003236254342094409,0.33857363418605957,-0.3875268380333334,-0.004163002652242709,0.3383248186840014,-0.3915256172666667,-0.025403693517175793,0.3461190218718288,-0.4172278245333332,-0.024507307334858733,0.34476044951904505,-0.4307395245666667,-0.019451711130236922,0.3343461948825312,-0.4096670464666667,0.03661051283780845,0.33005037961762673,-0.2822842453666666,-0.08671419573373666,0.2876546539264716,-0.3065879115666667,0.008481161122366018,0.314561435448344,-0.3555134502666667,-0.02108465447220168,0.28510611524774554,-0.3907019637000001,0.11519978473357212,0.20288407151537555,-0.1339054046333333,-0.15786814407947222,0.22643828056419785,-0.1284557581333333,0.16170579168985358,0.029523368643473706,-0.0754101264166666,-0.1793426730191336,-0.029465136951668885,-0.1456076572666666,0.19461122287746868,-0.16552244943759192,-0.0421354337833333,-0.218982022816523,-0.2197416509161789,-0.1986515054666666,0.1956275844461752,-0.2063933810912396,-0.029209109622,-0.21148111950646753,-0.2569646912438121,-0.2420374031333333,0.16861395014204886,-0.21826599545006697,-0.0596021656533333,-0.18355251807910775,-0.24258258704685906,-0.2663036028,0.18986784952226718,-0.19597435262818114,-0.0519583675133333,-0.20678122902011034,-0.22619011881284948,-0.219826341,0.08296283644542182,-0.1757110293657096,0.0424420274733333,-0.08112777537961309,-0.18354849671131207,-0.04071353301,0.0911737020183978,-0.5222766673968614,0.08465281938,-0.026699608622286708,-0.4554117699642116,-0.0135520809286666,0.08872947712464573,-0.791432881339613,0.2902573377999999,-0.05300895168149229,-0.7881618502255764,0.1880823553333333,0.07165635543169459,-0.822522217838273,0.3142070658333333,-0.05547405884957487,-0.8171129091304397,0.1682724555999999,0.09881589343103463,-0.8635941648864778,0.2580288791999999,-0.0481288639318193,-0.8489929715332286,0.07384814491,onweer_g_ch1_g19_compr.mp4,ch1g19,1.7461126966061615e-06,1.5204737358879947e-05,3.834640437710573e-06,5.64712910766144e-06,6.3563932948829305e-06,1.8031175907724436e-05,3.709219204713207e-06,3.408736131281622e-06,6.9095912304441574e-06,5.258952803702066e-06,2.3352833746841595e-05,3.2423708126022015e-06,4.541771608860077e-06,3.825133119005725e-06,6.798756054707689e-06,7.423483706011289e-06,1.1864499207215259e-05,2.613671845732538e-05,3.4763819409142285e-06,4.192726175682797e-06,2.5335769530881455e-05,4.726320635373105e-06,4.454209605881632e-06,3.3128112812805716e-06,4.977006702239077e-06,8.470024294780018e-07,3.421920694434848e-06,2.0220758778833164e-05,4.012261611667071e-06,3.084718140193919e-05,7.679713366891621e-07,2.799915655879775e-06,1.979725524604561e-05,2.679881107053631e-05,6.0709000249754786e-06,6.99817538318596e-05,5.595076887106073e-05,5.77718920384161e-05,5.8273306227215897e-05,6.952985488808428e-05,7.097674077392054e-05,6.54518916511974e-05,-1.0582382033646143e-06,3.148521116156016e-05,4.6827986657462536e-05,5.2658028641631286e-05,-0.00011017351679218776,-4.1489318018347986e-05,-9.27786731689836e-05,-3.061661061093504e-05,-5.972912517372986e-05,-9.810637412273557e-05,-3.780871238142995e-05,-5.9474602175719994e-05,-6.625504305961612e-05,-6.953966134717758e-05,-4.971779843117984e-05,-9.580946757787773e-05,-9.487867065166367e-07,-1.623891509461935e-06,-1.9103000103055304e-05,4.3930859356055684e-05,-5.8795286229075645e-06,3.818731007035462e-05,-1.9629822609369583e-05,2.5349692294495182e-05,-7.762667340876092e-05,-7.604279053197743e-05,-1.9466957233893265e-07,2.3822988721601058e-07,-7.55362213550836e-09,-1.1323294283534787e-06,5.223557900370585e-07,2.700304893580834e-07,-2.280921369978698e-08,2.5420303158638087e-07,1.5716527372475776e-07,-4.545542346534701e-07,-2.272948128259042e-06,-1.0974787769327977e-06,-6.49691516785907e-08,3.1977694946189052e-09,-3.8629861558044533e-07,3.2635727786119956e-07,1.2818968682367974e-06,-2.321251224739008e-06,-1.3139464627258668e-06,-1.1659129486514787e-07,4.6602959450037493e-07,4.104396345113308e-09,-4.9423901635454485e-08,8.091940525565263e-08,3.0072962808602005e-07,3.328864769037262e-08,-3.317254973248187e-08,-2.244770673878058e-06,-1.2232750648405176e-07,-2.2388170500471186e-06,3.8481504784444314e-08,-9.366768289983711e-08,3.7069225042364443e-07,1.7654793658886028e-07,-1.699689675115012e-08,7.951858130356e-08,1.4883421146885144e-07,-9.906349427029619e-08,-1.8143550309328497e-08,8.811337085620762e-08,3.368746810178908e-08,-9.009877390565733e-08,2.9103495182807728e-08,4.105812004310909e-08,4.888298381136355e-07,7.339718475392097e-08,8.099011998090852e-08,2.2642001386877793e-07,4.140482059445485e-07,-2.1104757661205674e-07,1.1240284021070442e-08,4.101853902676975e-07,7.738972876138931e-08,3.783689907431752e-08,1.0596975175751686e-07,6.357865569029418e-08,6.19137418412723e-08,-2.7879791916408117e-08,-1.1027935881941508e-08,9.02191761532824e-08,7.903728525424302e-08,1.3340632329124664e-07,-2.8369781412536705e-08,-1.1316911969460614e-08,9.544661633596833e-08,-5.873125250547234e-10,2.827603793734586e-07
7583.333333333382,-0.017904553921973834,0.3216870631265486,-0.4117710004666666,-0.004721268242040695,0.3392227609908106,-0.3997384726666666,-0.0032602371284244794,0.3386466894772607,-0.3871651848333334,-0.004185031324792022,0.3383975366237149,-0.3911652664333333,-0.02542026945488822,0.3462011888546361,-0.4168516268333332,-0.024525433211428523,0.34484415159118437,-0.4303547507333334,-0.019464641725293535,0.3344238520402009,-0.4092932220333333,0.03662324116489369,0.33006983818406965,-0.2819498146333333,-0.08670382496245493,0.28769701097548067,-0.3062062918333333,0.008452866732481338,0.3146228104945298,-0.3551757502333333,-0.021104000182252117,0.2851702190049735,-0.3903361938333334,0.11516379928858964,0.2027875350513797,-0.1335634289333333,-0.1578045162788297,0.2264129874634709,-0.1282404675666666,0.16171300667259955,0.029443276392324944,-0.0747863660466666,-0.17926881611082338,-0.029461206815412182,-0.1454401354333333,0.19494414640538818,-0.16557196934022406,-0.0410868018799999,-0.21922198136993865,-0.2198235802294035,-0.1982369238666666,0.1960538588075828,-0.20642405373622286,-0.028069321928,-0.21181411157945293,-0.25701452990958495,-0.2414945046666667,0.16910381377251063,-0.2183272665238496,-0.0584901503666666,-0.18397619464540374,-0.24265091166517952,-0.2658010879666666,0.19024761308370902,-0.1960145917003982,-0.0509113630033333,-0.20707111184917057,-0.22627582620261982,-0.215986609,0.08294820843099604,-0.17571250055806303,0.04243284215,-0.08111185890088791,-0.18354973388372156,-0.0407048465,0.09122773553929937,-0.5222923163668903,0.0843036640633333,-0.026628707661345022,-0.4553718544687252,-0.013515445772,0.08865038392211991,-0.7914435877473266,0.2895951421333333,-0.05299046157565105,-0.7881387694611566,0.1884992724333333,0.07154840360162727,-0.822546516778286,0.3135261691666667,-0.05547649798772733,-0.8171073480618127,0.1687151914333333,0.09863527346647613,-0.8636859214040381,0.2573247695,-0.04805967124940889,-0.849081473074856,0.0744208504766666,onweer_g_ch1_g19_compr.mp4,ch1g19,1.5904212757484231e-06,1.5704272598154106e-05,3.928444621032666e-06,4.327838070971703e-06,6.9868887578278415e-06,1.8492820328680786e-05,3.790738823438178e-06,3.6442698437046437e-06,7.1192766452476085e-06,4.757572070645395e-06,2.1123974771249748e-05,2.678121731188442e-06,4.581860915665894e-06,3.9357026766756666e-06,6.77945609375367e-06,8.090092444964436e-06,1.2777105052972152e-05,2.3880663460538226e-05,2.6096087662100678e-06,4.17666481409306e-06,2.5938927604325147e-05,4.849225305614525e-06,4.506629076499493e-06,3.4786054167251383e-06,5.447999791176978e-06,8.429381333582958e-07,3.506008821292683e-06,1.805846938785674e-05,3.753509891622129e-06,2.8635202800011355e-05,7.689496770423958e-07,2.719975875598308e-06,2.0389632999805236e-05,2.524725137049534e-05,6.0407582005361564e-06,6.693390246421439e-05,5.448255050104046e-05,5.678782406455515e-05,5.703828906989902e-05,6.847221022606563e-05,6.952024698955927e-05,6.3622994695725e-05,5.876251401316822e-06,3.729787149376073e-05,4.709276130061596e-05,5.174173263892341e-05,-0.00011290351610829109,-3.139761332753509e-05,-9.826607148834535e-05,-1.2778222256227701e-05,-6.415324517352354e-05,-9.805291703950019e-05,-4.5505958932509935e-05,-7.072475504426386e-05,-7.375395633246371e-05,-8.873715423396203e-05,-5.41430035647674e-05,-9.961434901441771e-05,-2.338579833833232e-06,-4.883951262540414e-07,-2.6720959621378086e-05,3.804076379413505e-05,-3.4842091500092316e-05,6.826398486558422e-06,-4.944061591778985e-05,-1.028911539747734e-05,-0.00010890167982458136,-0.00010630271662978253,3.715305165420328e-08,2.7548286296830883e-07,4.7371662816045564e-08,-9.718265379020712e-07,2.843966475705526e-07,3.098695650256263e-07,4.298158573659055e-08,2.9129324743966403e-07,6.178461096860975e-08,-4.361702108272792e-07,-2.1692451659484255e-06,-5.189188432769384e-07,-8.43166941996355e-09,5.789778909993099e-08,-9.569170854943873e-08,7.151804645263153e-07,9.868615411184632e-07,-2.258454850917239e-06,-8.40583842147319e-07,-5.3275709050799646e-08,5.382495659786727e-07,8.630200998132091e-08,-1.246140597295224e-09,1.1212460542612076e-07,1.6052116727981565e-07,1.8292752209151027e-08,3.2298440269956174e-08,-2.11546281694001e-06,1.947368402406898e-08,-2.195094960577091e-06,2.2246375766475717e-08,1.808681892892402e-08,4.270168853809366e-07,2.368310173175799e-07,1.7547264685641966e-08,1.0945723468043926e-07,2.2934875139052104e-07,-2.111175267871142e-07,1.1167635840068484e-08,1.193437769529304e-07,2.2727665674820137e-08,-1.3002639059397898e-07,4.214197932827651e-08,1.5020706046075937e-07,4.641135606921343e-07,1.0929242493680232e-07,1.1134071455403708e-07,1.885015591542424e-07,2.5241440105523163e-07,-3.5887230400817273e-07,1.1612421605799329e-07,4.264281295578014e-07,1.1761875476392064e-07,3.437607193766602e-08,1.3593763591205144e-07,9.710909970609416e-08,9.282960848906923e-08,-1.1933679754228368e-07,-1.1614712640897285e-08,1.2283475348043513e-07,1.8405075870998366e-07,1.359149600007405e-07,7.210347162394813e-08,-1.275292922343432e-08,1.2355522363298662e-07,2.6708522031260116e-08,3.497374384415257e-07
7600.000000000049,-0.01795354763117595,0.32175599193618126,-0.4112898409666666,-0.004757668912909,0.339283418086029,-0.3992513437666666,-0.003299332720018643,0.33871039288328236,-0.3866816679666667,-0.0042214033911011604,0.33846156674787803,-0.3906830271333333,-0.025449774301185633,0.3462744384044977,-0.4163493921333333,-0.02455636360358175,0.3449174982417919,-0.4298420087333334,-0.01948926689465718,0.3344899981145317,-0.4087946152666667,0.03662249939180043,0.3300977542340607,-0.2815322662333334,-0.08669822707729541,0.28774023012590233,-0.3057322998333333,0.008411460803144005,0.31467853188765627,-0.3547191697333334,-0.02113454899162698,0.28522533889942553,-0.3898473930333334,0.11511636175818982,0.20269113744974,-0.1331949966,-0.15774716704043337,0.22639317276567858,-0.1279639596333333,0.1616070863662168,0.0293702325919981,-0.0741882910566666,-0.17923276720877407,-0.029437492252099087,-0.1451412668333333,0.19515531403023414,-0.1656274387344762,-0.0400752756066666,-0.2194731131406889,-0.21990926078712478,-0.1976229424,0.1963613869888618,-0.20646849139095677,-0.0269604903886666,-0.2121547705238192,-0.25708140165263443,-0.2407202914666666,0.1694955364184665,-0.21840796104258964,-0.0574092467066666,-0.1844036786928781,-0.2427512986068042,-0.2650871842666666,0.19051376428465033,-0.1960622142052894,-0.0499001184233333,-0.20737041985346397,-0.22636812893688735,-0.231343552,0.08293432431919115,-0.17571668157269096,0.0424257667033333,-0.08109643927956235,-0.18354844757953512,-0.04069896613,0.09126971584770455,-0.5223212571913423,0.0838376086399999,-0.026568019858051427,-0.4553404389330039,-0.0135914392419999,0.08855644994105506,-0.7914788861409314,0.2889111718999999,-0.05300024199897983,-0.7881391476881422,0.1887951786999999,0.07142516972915712,-0.8225933103909632,0.3128283031,-0.05550798109093267,-0.8171271048193013,0.1690343738,0.09840076290233778,-0.8638024394979299,0.2566136393999999,-0.04799525504330415,-0.849213152891407,0.0748433128033333,onweer_g_ch1_g19_compr.mp4,ch1g19,1.8112848363818191e-06,1.6352933936906183e-05,4.267936010273006e-06,3.2154578070299603e-06,7.33817829827675e-06,1.91152874836806e-05,4.133519912490066e-06,3.909292139744015e-06,6.967177527952312e-06,4.426926465012432e-06,1.9365462402566556e-05,2.957674818450108e-06,4.84367420217731e-06,4.316609370334244e-06,6.903081351339977e-06,9.48313338103023e-06,1.3576333413748797e-05,2.2076594750398328e-05,2.47913151020292e-06,4.388903120955309e-06,2.672713063686917e-05,5.2649142045996846e-06,4.7496802959073085e-06,3.935819989255473e-06,5.73539919946932e-06,8.807021850018008e-07,3.878079219280459e-06,1.6383724245165104e-05,3.795725360897471e-06,2.681787086234349e-05,8.003043263659967e-07,2.789352486906815e-06,2.117991378218504e-05,2.436876216672559e-05,6.248271522761661e-06,6.988484433788743e-05,5.8383469740045174e-05,6.121556908690048e-05,6.093189840267552e-05,7.17064821294811e-05,7.2789712877616e-05,6.691061759407189e-05,1.5982726820410722e-05,4.533552004080846e-05,5.3000969907760085e-05,5.6459729260770474e-05,-0.0001099183113608498,-1.9541251716854207e-05,-9.858485243204662e-05,9.190045515624019e-06,-6.445078958065041e-05,-9.353872878490285e-05,-4.973701167216775e-05,-7.841484804541637e-05,-7.803483308545097e-05,-0.00010425957717385745,-5.491214685432318e-05,-9.97784785887937e-05,-3.444137725275699e-06,3.611675739469972e-07,-3.219021933105598e-05,2.8824606329711795e-05,-6.226112680238991e-05,-2.0511153459703574e-05,-7.795106627452898e-05,-4.084548467973937e-05,-0.00013995785712510412,-0.00013721535274231913,3.1973580312840035e-07,2.9826460416231443e-07,1.8640869117741756e-07,-6.776629912155525e-07,1.1756633015553776e-08,3.1352721564838396e-07,1.9098577440986713e-07,3.420175280015808e-07,-7.745751685042149e-08,-3.853347953105626e-07,-1.8356042616027003e-06,-4.459726862965423e-08,1.426563620798163e-07,2.0007018974263194e-07,5.036750087453041e-08,8.65338517533834e-07,5.293681515019029e-07,-1.9535199867880844e-06,-3.5778009663989797e-07,1.0933200440139809e-07,5.243297002750203e-07,2.561644284838347e-07,1.3714861956767913e-07,2.2156258412772935e-07,-3.0247008605492754e-09,4.389198837110943e-09,2.0064275129181394e-07,-1.7491432037425853e-06,1.4798038496266575e-07,-1.957284929772549e-06,6.112129071918852e-09,1.689658649662699e-07,4.485887586277067e-07,2.5353140253293325e-07,3.660594204165707e-08,1.2910033976309418e-07,2.8548476476313344e-07,-2.7542242524063345e-07,2.1439392411255543e-08,1.386473311782704e-07,7.1933014372506996e-09,-1.5598179184513118e-07,4.981653201263591e-08,2.073818338486865e-07,3.559729567741718e-07,1.335106767515923e-07,1.2993555977729606e-07,1.2979638739798318e-07,5.374766969172011e-08,-4.6377803885425614e-07,1.7473624347821627e-07,3.686318065277169e-07,1.4568991790299635e-07,4.690481694668769e-09,1.5172414637112922e-07,1.212716339023168e-07,1.1039246514763925e-07,-1.7487371071783082e-07,-1.3240663545657545e-08,1.4012723763988215e-07,2.366556814623389e-07,1.1379178212484761e-07,1.2933365729386708e-07,-1.4386373492443398e-08,1.291758372037698e-07,2.687282318594119e-08,3.9458149938205433e-07
7616.666666666716,-0.01800405768129112,0.3218108051500611,-0.4112631241999999,-0.004793547582515351,0.3393268757721365,-0.3992058825333333,-0.003337664803044912,0.3387564811506526,-0.3866340657000001,-0.004257587858025803,0.33850719160715476,-0.3906303962333333,-0.025480419793976226,0.3463285070840444,-0.4162725438666667,-0.02458860194878573,0.3449729639772582,-0.4297611013666667,-0.019515655290083457,0.3345398193153189,-0.4087168490666667,0.03663327755745122,0.3301022385048659,-0.2814392452666666,-0.08669203735494274,0.28776181670507245,-0.3055393645666666,0.008371867349699292,0.31471816634265565,-0.3546789167333334,-0.021165194856013068,0.28526736711505774,-0.3897720676666667,0.11507233844665961,0.20257889661941098,-0.1330293632333333,-0.15769276018045525,0.22636085936963013,-0.127748015,0.16150208607296604,0.029276821302790922,-0.0736211709933333,-0.1791961471359548,-0.029427578114440155,-0.1448410700333333,0.19536732546256333,-0.16568192337795434,-0.03908820512,-0.21973003854164078,-0.21999529061311365,-0.1970989594666666,0.19666903485245568,-0.20650029357458813,-0.025870367188,-0.21250155407558394,-0.2571469210055358,-0.2400879289,0.16988868298955034,-0.2184624836488293,-0.0563485789466666,-0.18483797645719569,-0.24284251019109077,-0.2645297497,0.1907811277442423,-0.19610677878844915,-0.0489111892033333,-0.2076749187601612,-0.2264598462168281,-0.230953172,0.08292150633184395,-0.17572091208926205,0.0424157076766666,-0.0810824229140833,-0.18354728879346785,-0.0406898435166666,0.09131413147826273,-0.5223579467239239,0.0834082602433333,-0.026507991728127147,-0.4553087720844306,-0.0134119170386666,0.088489784576394,-0.79154706189812,0.2884871742333333,-0.053001620229302854,-0.7881409587871308,0.1893537209333333,0.07133603012100595,-0.8226778881992088,0.31242247,-0.055526688105605446,-0.8171469178020374,0.1696334203666666,0.0981951028649604,-0.8639610079888431,0.2562038802999999,-0.04792336851122018,-0.8493441750697882,0.0755073470399999,onweer_g_ch1_g19_compr.mp4,ch1g19,2.358696264031887e-06,1.665752206485433e-05,4.521703678058796e-06,2.6720032815758942e-06,7.518493677462596e-06,1.9410830600497807e-05,4.4115013375462855e-06,4.252090780379309e-06,6.814953068576774e-06,3.992052542826819e-06,1.8004874871217022e-05,3.4335065634676037e-06,5.047931504252081e-06,4.587580953824222e-06,7.0590052459082005e-06,1.0489400795320717e-05,1.3952205591554763e-05,2.061811863248431e-05,2.58078543560748e-06,4.5687936116640095e-06,2.7210020470271053e-05,5.61837284545149e-06,4.9291092149736505e-06,4.252054258243718e-06,5.95375021839529e-06,8.965742682284866e-07,4.195414281001119e-06,1.5150706851646944e-05,4.120825238152846e-06,2.5239892221698877e-05,8.09486625306437e-07,3.0138579620637878e-06,2.1658777196045505e-05,2.374839186227485e-05,6.489036533082986e-06,7.171381409053619e-05,6.069799429723044e-05,6.369677391750412e-05,6.302559124071834e-05,7.292124032056448e-05,7.429681825463838e-05,6.856974320665277e-05,2.358546420034582e-05,5.0423549037541554e-05,5.7322995355112254e-05,6.035943734477691e-05,-0.00010328764850853194,-8.245937560867702e-06,-9.704467296255167e-05,2.644333734275686e-05,-6.122671366030955e-05,-8.49483768986542e-05,-4.8216574659997146e-05,-8.034438258889567e-05,-7.548162566411931e-05,-0.00011359249152564815,-5.230360804801717e-05,-9.592421975492353e-05,-4.345545789302704e-06,1.0658294534954711e-06,-3.4458726517388135e-05,1.8917507987442183e-05,-7.681140700551986e-05,-4.17998164455813e-05,-9.255639799525222e-05,-6.384496961035841e-05,-0.00016098991143522195,-0.00015851012613320707,6.507447140950265e-07,3.144847186729769e-07,3.9514930019515606e-07,-3.2223061154558063e-07,-2.3432161283547248e-07,2.880967104824707e-07,4.069832107328537e-07,3.514463149000392e-07,-2.392605374848179e-07,-3.232952549197739e-07,-1.463739236961638e-06,3.3507904746292997e-07,3.6929180831813974e-07,4.100441527972789e-07,9.883812265321531e-08,8.435039777078044e-07,-8.025770155245343e-10,-1.6042746389986465e-06,8.236646533982226e-08,3.475557249975562e-07,4.247316011881954e-07,4.842854395153327e-07,3.5161317576787013e-07,4.0935671932617864e-07,-1.4999819206037998e-07,-1.4392344956045123e-09,4.320567298319022e-07,-1.347320597402297e-06,2.523159480005218e-07,-1.6831201699420288e-06,-2.5614158267887333e-09,3.6227027936864217e-07,4.330618537886293e-07,2.262413609065389e-07,5.4385674591304664e-08,1.3923453419368715e-07,2.9571529599410744e-07,-2.8597261251177975e-07,3.005367950861943e-08,1.4690981866438886e-07,-1.407580348308935e-08,-1.7425979362460947e-07,6.188653661376481e-08,2.141494858771717e-07,2.076113664540921e-07,1.439629446428945e-07,1.3957288549085796e-07,6.492038863616034e-08,-1.1942819384245364e-07,-5.089965767704993e-07,1.875408214148636e-07,2.676349120400072e-07,1.5823929753672694e-07,-2.490369717340236e-08,1.54015555911391e-07,1.330799105458363e-07,1.2091936030423005e-07,-1.894594154146821e-07,-1.3881467552827588e-08,1.4394559295167125e-07,2.3729157606278756e-07,7.04743904389789e-08,1.4636573175389586e-07,-1.4561509265996239e-08,1.0890203199644579e-07,2.0676331482827953e-08,3.884936123241483e-07
7633.333333333383,-0.018069403336193425,0.32186811265543147,-0.4112699856666665,-0.004839270846838078,0.33937235922505765,-0.3991823903666666,-0.0033828961953495957,0.33880437028384475,-0.3866104443666667,-0.00430282027507645,0.3385543566437627,-0.3905998051333333,-0.025524183669006453,0.34638350257977796,-0.4162112215999999,-0.024633925609952357,0.34502961896104223,-0.4296937521,-0.0195545745896565,0.3345916833191414,-0.4086525565000001,0.03667523773967579,0.3301101030364347,-0.2813485607666666,-0.08668416367640931,0.28778559435385687,-0.3053114721666666,0.008330013998018363,0.3147604893192217,-0.3546685097666667,-0.0212016767753659,0.28531237349660704,-0.3897159638,0.11505489115480838,0.20246796429095057,-0.1328663241666666,-0.15764312297657757,0.22632985273181025,-0.1274397397666666,0.16143033796875744,0.029171801429319147,-0.0730747103933333,-0.1791782300331348,-0.02943725757528884,-0.1442433219,0.19559879674762728,-0.165751973313886,-0.0383226289066666,-0.22000842529410075,-0.22009377531482296,-0.1963245416666666,0.19699681429899626,-0.2065552898792564,-0.025078168128,-0.21285993978015388,-0.2572398740403924,-0.2391959598,0.17029334481727584,-0.21853909288164253,-0.0555852709366666,-0.18528036153883826,-0.24295381181395434,-0.2637297967666667,0.19106271327597166,-0.19616913504667685,-0.0481514353699999,-0.20799269417153152,-0.22656574842937152,-0.211638123,0.08291350017382058,-0.17572462316029028,0.0424037235433333,-0.08107246063480636,-0.1835469321761859,-0.0406787704666666,0.09138581229511314,-0.5223971492706891,0.0828915160366666,-0.02645098456619746,-0.4552889778529716,-0.0132647477686666,0.08850793381202461,-0.7916275966908494,0.2880354355999999,-0.05298819038148531,-0.7881823566339814,0.1896769440333333,0.07134833442625566,-0.8227755985331883,0.3119909442999999,-0.055522809932682916,-0.8172044025012626,0.1699835802666666,0.09809407146822881,-0.8641236160651611,0.2557810826999999,-0.04782993608394952,-0.8495078957028427,0.0759189441999999,onweer_g_ch1_g19_compr.mp4,ch1g19,2.8530682549755707e-06,1.6959348322444884e-05,4.786044738017173e-06,2.4184563748161274e-06,6.996614660638371e-06,1.9734576109229178e-05,4.699205843189781e-06,4.596204860338198e-06,6.219261186905726e-06,3.5434089736862907e-06,1.6831743086107382e-05,3.6638424168702362e-06,5.3067982000030705e-06,4.8578638183066144e-06,7.191217244965348e-06,1.0831138600321795e-05,1.3687613895113815e-05,1.929804033467343e-05,2.5702299897255708e-06,4.811967989095902e-06,2.7769076999057166e-05,5.96863016217156e-06,5.159127939671985e-06,4.522354847923301e-06,5.558731143495082e-06,9.005238645627916e-07,4.521146942409858e-06,1.4066785795255098e-05,4.372926109686113e-06,2.3873124280356477e-05,8.157548744771115e-07,3.1726472262879873e-06,2.2166818802049465e-05,2.330357257659822e-05,6.124179465507755e-06,7.453901715625383e-05,6.391039438047956e-05,6.682993517262852e-05,6.588625445077695e-05,7.522482474540249e-05,7.696097812574295e-05,7.142834907883338e-05,2.9740883245794953e-05,5.54640983167302e-05,6.172553078445316e-05,6.505072935113325e-05,-9.693579647752271e-05,3.06109631944114e-06,-9.436676849442195e-05,4.129359017221618e-05,-5.799449611413742e-05,-7.586359737769985e-05,-4.7086147382320665e-05,-8.077546757061546e-05,-7.403263132065757e-05,-0.0001200736009693774,-4.9630728102289944e-05,-9.12066484112079e-05,-5.278698540400449e-06,1.8205546476238403e-06,-3.657024832423737e-05,8.204492264736589e-06,-8.792357881502219e-05,-5.5223203677862705e-05,-0.0001029800019952305,-7.703318083635272e-05,-0.0001730784681664218,-0.00016971010629727187,9.135018848717634e-07,3.369461347333103e-07,6.077654375924348e-07,8.762622855547732e-08,-4.6658458503654126e-07,2.693960900627794e-07,6.251073877813923e-07,3.110554730350406e-07,-3.980154329124652e-07,-2.4484891106240525e-07,-1.1725961952525936e-06,4.972052044792749e-07,5.921588660211771e-07,6.253943285394985e-07,8.336809975447665e-08,6.385333744646442e-07,-4.936062401383167e-07,-1.32784194596456e-06,3.3564957314808714e-07,5.856184451533467e-07,2.978017837016181e-07,7.070779625850426e-07,5.61414881249848e-07,6.134402123249302e-07,-3.0205083632864926e-07,-2.174029219331687e-09,6.623154831672984e-07,-1.0307937121077773e-06,3.265396688210061e-07,-1.4727553366514788e-06,-4.71724099983382e-09,5.17432208880661e-07,4.088969058811241e-07,1.6568165997562927e-07,6.160514527938812e-08,1.2708376948931302e-07,2.630065232991072e-07,-2.249140043525281e-07,3.026182540451727e-08,1.3243393468870058e-07,-4.035705675147439e-08,-1.6788435182184767e-07,7.63985654820816e-08,1.9152467768811978e-07,6.148563954071939e-08,1.2711550367225782e-07,1.2736050072433245e-07,1.129720488526122e-08,-2.337426242022482e-07,-4.882884191510923e-07,1.7463029421513348e-07,1.548587242012096e-07,1.4192807562351904e-07,-5.641701292329338e-08,1.313396412349291e-07,1.1862470855955383e-07,1.1384678623673898e-07,-1.4465090776199692e-07,-1.2799926127276957e-08,1.236737495913037e-07,2.0846431406427353e-07,2.2087139352537097e-08,1.397608593361112e-07,-1.2930925563117386e-08,6.6180089786455e-08,5.893026492551629e-09,3.413980408544929e-07
7650.00000000005,-0.018138746214620895,0.32192382372963857,-0.4106822945333332,-0.004885910099628445,0.3394175768729047,-0.3985765459,-0.0034287271428846246,0.3388522463826123,-0.3860127349333334,-0.004348245642485706,0.33860154023155814,-0.3900009751666666,-0.025567446584795078,0.34644024783266886,-0.4155746240999999,-0.024679042212424968,0.34508770338671735,-0.4290383473666667,-0.019592711174894403,0.3346450449383255,-0.4080170060666667,0.03671223637677519,0.3301210138788069,-0.2807781284333333,-0.08667441352667495,0.2878290060192988,-0.3046359051999999,0.008285832703260044,0.31480306103605593,-0.3541082390333333,-0.021241602249618997,0.2853588570557688,-0.3890948774333334,0.11502681200300492,0.20235446012189054,-0.1324376596333333,-0.15758516294962083,0.22631380335340648,-0.1268793167666666,0.16135696067581853,0.029064886533458664,-0.0724228670433333,-0.17916128705345932,-0.0294365781844941,-0.143483917,0.19582807742042527,-0.16582394503279455,-0.0374001450833333,-0.22028500775062718,-0.2201975668938719,-0.1954056744666666,0.19731925926437321,-0.2066243023378802,-0.0240928252106666,-0.21321662214841192,-0.2573547450289372,-0.2381703655,0.17068307150980574,-0.2186388515668629,-0.0546076602633333,-0.18571861499374484,-0.24311572924013578,-0.2627911010666667,0.19133912960075372,-0.19623397713545274,-0.0472240313033333,-0.2083092620406548,-0.22668261643467683,-0.198800445,0.08290262063407636,-0.17573002810966915,0.0423926677533333,-0.08105817038919849,-0.18354515947243888,-0.0406689432466666,0.09145749757110878,-0.5224518236222129,0.0821791473966666,-0.0263915936938624,-0.4552884062534376,-0.0135128077386666,0.088511369411924,-0.7917420873314559,0.2871546974999999,-0.05298874942681042,-0.7882683263815635,0.1895149833333333,0.07134314351241804,-0.82290484540008,0.3110888717333332,-0.05553808196773482,-0.8173133269566589,0.1698061218333333,0.09799791920532991,-0.8643138845909786,0.2548290003333333,-0.047738779475778544,-0.8497017353179726,0.0757320724599999,onweer_g_ch1_g19_compr.mp4,ch1g19,3.7929748387216042e-06,1.728859017546323e-05,5.248801970279941e-06,2.676280601166756e-06,5.914386123494358e-06,2.0010201910943436e-05,5.1832498607010305e-06,4.930550059400998e-06,5.58277119279307e-06,3.4032372592848255e-06,1.555222437942277e-05,4.153297270112374e-06,5.763415615147637e-06,5.326826653387911e-06,6.895518835352883e-06,1.1249108836063244e-05,1.295288986392653e-05,1.776851165041968e-05,2.9222096546421363e-06,5.278570844844483e-06,2.8118232251339567e-05,6.5423314347549185e-06,5.586501656019296e-06,4.9424803482749985e-06,4.720304283996862e-06,8.71490231549021e-07,5.019897407851498e-06,1.2882689795014273e-05,4.832196833860764e-06,2.23095192517114e-05,7.870851926795828e-07,3.775690130881983e-06,2.2538214248357855e-05,2.279407169582864e-05,5.551628751925226e-06,8.30627529845222e-05,7.176790567271798e-05,7.463193361830483e-05,7.338508512675809e-05,8.178955120546213e-05,8.3974399315749e-05,7.876846291686313e-05,3.7065750105076406e-05,6.260079221981976e-05,6.951742576020618e-05,7.359212569796382e-05,-9.234091743955182e-05,1.1715151352247225e-05,-9.20319158238459e-05,5.111983241862716e-05,-5.533132960110605e-05,-6.430644446638154e-05,-4.575129950382576e-05,-7.649963574251188e-05,-7.334293547613132e-05,-0.0001188355830549157,-4.738945851352809e-05,-8.269610201606169e-05,-6.191504386058438e-06,2.545379842228532e-06,-4.05483434062957e-05,-3.027756776996919e-06,-9.228738974694158e-05,-6.158800410401051e-05,-0.00010647981588362182,-8.159022044613682e-05,-0.00017742634338959611,-0.0001739471748785721,1.0759548658877308e-06,3.645245426680251e-07,7.710074760538013e-07,4.19404814503911e-07,-6.992342471050197e-07,2.5985684095917447e-07,7.916072548441771e-07,2.3004247137412866e-07,-5.762221952318172e-07,-1.635535096370391e-07,-1.0068062764372009e-06,3.738583713770264e-07,7.543215070056436e-07,7.887142933731427e-07,4.496141286414517e-09,2.780956097580315e-07,-9.94961234759782e-07,-1.180844601744598e-06,3.4347641033165766e-07,7.640632976842162e-07,2.022803022368872e-07,8.66498102784007e-07,7.135498026965204e-07,7.688807213473648e-07,-4.724485733538656e-07,-1.3149248326845998e-08,8.23347466267362e-07,-8.652266353575106e-07,3.458356717201974e-07,-1.3425605948427906e-06,-1.4129642171225341e-08,5.813831005205888e-07,3.6509022386783545e-07,7.039250569556677e-08,5.761609136028734e-08,8.552686113055627e-08,1.9152885778099755e-07,-1.0685134797325741e-07,2.5367425644770454e-08,8.874227701895465e-08,-7.02938073075131e-08,-1.4114703474498877e-07,8.157908009678547e-08,1.634236898127805e-07,-7.472108562051174e-08,7.813097658390974e-08,8.597957878148195e-08,-7.719919999350951e-09,-2.99400080441606e-07,-4.106077355528445e-07,1.5888119546859736e-07,3.336991364065471e-08,9.12513337464723e-08,-7.863712144348465e-08,7.607411777196732e-08,7.258285600433526e-08,8.256988016783913e-08,-5.384278034181271e-08,-9.401172974181886e-09,7.392278257634099e-08,1.7225056484465297e-07,-2.86040594583922e-08,1.3548372086614888e-07,-8.696845799881214e-09,-5.648247812994884e-09,-8.570294930599133e-09,2.6406963399949824e-07
7666.666666666717,-0.018220682771098007,0.3220252993830065,-0.4105278399999999,-0.004939190575517913,0.33950566440004726,-0.3983789298,-0.0034808628687239534,0.3389429372502138,-0.3858195115666668,-0.004401440797776235,0.33869023431679,-0.3897954752333333,-0.025619993155124143,0.3465386958979267,-0.4152962217333333,-0.02473405486157558,0.34518989118844695,-0.4287511285000001,-0.019640643390289775,0.3347430738725153,-0.4077383046666667,0.03679086615691547,0.3301686423520925,-0.280511947,-0.08666133699751519,0.2879195231231574,-0.3040806203666665,0.008239086299210592,0.3148895163731205,-0.3539552537666667,-0.021287568119169313,0.28545505788333275,-0.3888362648,0.11504516784569817,0.20227204865787043,-0.1322274191333333,-0.15752426051566168,0.22635268815748927,-0.1263163657999999,0.16130447693656094,0.028960591614099043,-0.0720321141399999,-0.17915291606589503,-0.029371096494219345,-0.1427380825999999,0.196064574791025,-0.1658869749135125,-0.0368967962766666,-0.220588205415859,-0.22024495886095447,-0.1945566356333333,0.19764550150634616,-0.2066803626889301,-0.023613265734,-0.21360339965946865,-0.2574249446292185,-0.2372581959,0.17107535512194913,-0.21871996776638722,-0.0541530643299999,-0.18619496106843245,-0.24322403417162042,-0.2619630167,0.19162214457437401,-0.1962901274154567,-0.0467277689899999,-0.20865093944235952,-0.2267516276670357,-0.201608554,0.08289244708564328,-0.1757351552674486,0.0423701053433333,-0.08104511834817803,-0.183543960454877,-0.0406458843233333,0.09152813100334521,-0.5224968010479024,0.0815423673833333,-0.026344600157123612,-0.45530546682877665,-0.0132314562893333,0.0885013634901923,-0.7918482772446198,0.2865998527666666,-0.05297545459962388,-0.7883515888848857,0.1901117445333333,0.07132421799105337,-0.8230251066319714,0.3105754651333332,-0.05553086890870981,-0.8174165438204891,0.1704453424,0.09789212264022747,-0.8644899820961547,0.2543565858666666,-0.04765306367365932,-0.8498830233539572,0.0765209282599999,onweer_g_ch1_g19_compr.mp4,ch1g19,5.11660021660014e-06,1.7730540389457792e-05,5.890542731775834e-06,3.5647012644614414e-06,4.9147735434174875e-06,2.0337325214003902e-05,5.844845310146245e-06,5.246810421493175e-06,5.256208291118849e-06,3.3501243249715502e-06,1.4372028524133328e-05,4.574051657637869e-06,6.397285278003472e-06,5.978150517838455e-06,7.028916075570419e-06,1.154714452129872e-05,1.1791535932465176e-05,1.637672384595866e-05,3.3191619674474495e-06,5.939829001339484e-06,2.8351402481858717e-05,7.275875196379951e-06,6.1855682402259245e-06,5.544151252439064e-06,4.013027935905369e-06,8.455269321550557e-07,5.683285863056017e-06,1.1833984355214991e-05,5.36813548743809e-06,2.0798428448801336e-05,7.617523035244404e-07,4.545591023310708e-06,2.2895234701157804e-05,2.2727252463153845e-05,5.2078046603637624e-06,9.55788940766104e-05,8.323060778006491e-05,8.604516102323749e-05,8.44867524619109e-05,9.144757057979968e-05,9.415585429947125e-05,8.93672262074483e-05,4.6812298694201465e-05,7.034109890623152e-05,8.081207604597721e-05,8.521887889993046e-05,-8.801473230925341e-05,1.8407214653379054e-05,-9.179000541754083e-05,5.63538290167044e-05,-5.169013802546217e-05,-5.180073284653955e-05,-4.297032554304042e-05,-6.985962852052964e-05,-7.08372039312187e-05,-0.00011186430180770002,-4.4181981344642466e-05,-7.220177797479771e-05,-6.6890717453400434e-06,2.9204530654830706e-06,-3.975642765032551e-05,-1.3856277553126203e-05,-8.345462908420409e-05,-6.175130698321791e-05,-9.640156255413648e-05,-7.881813417504934e-05,-0.00016965303402397615,-0.0001717469832220582,1.061791103913166e-06,3.73022531607236e-07,8.342502369601288e-07,5.715138032031839e-07,-8.248058132028371e-07,2.518203905348646e-07,8.55453381015056e-07,1.496975599585554e-07,-6.970751959343646e-07,-7.20284850272355e-08,-9.651208019055774e-07,1.2509276053375784e-07,7.97137595868302e-07,8.515331500068553e-07,-3.077893056789326e-08,-9.047712624501817e-08,-1.371532307548963e-06,-1.153498953563454e-06,2.1976297828650684e-07,8.186788139937272e-07,1.258204640607613e-07,9.059810902409026e-07,7.543014763314082e-07,8.33837415132812e-07,-5.631325224161246e-07,-2.028262885348964e-08,8.557981387680765e-07,-8.312769995502313e-07,2.9701904556055256e-07,-1.289142721869716e-06,-1.8679322485366278e-08,5.20809815639734e-07,3.078229058070925e-07,-4.491653473350376e-08,3.8556288305652716e-08,1.657223400578625e-08,8.729398254914778e-08,3.2060039535509965e-08,1.113736368608971e-08,1.810769367846509e-08,-1.0026332079688954e-07,-1.0416477714690282e-07,7.964620421361203e-08,1.4042858619385265e-07,-1.71003250389832e-07,1.0098170668818237e-09,1.6988250660187908e-08,-1.3604381505795245e-08,-3.091800634535968e-07,-2.8937358248610774e-07,1.453082071416417e-07,-6.984605156801159e-08,1.0711920260345252e-08,-9.538629763059566e-08,-7.0800936681054405e-09,-1.0645474058907272e-09,2.5850861469469645e-08,5.194848784838895e-08,-4.066362283409417e-09,-3.234274247596542e-09,1.3723877117179437e-07,-7.028541507922574e-08,1.414713735897583e-07,-2.478454997304591e-09,-8.964451900561236e-08,-2.4991923822246293e-08,1.677092313085326e-07
7683.333333333384,-0.0182972963715869,0.322144318600028,-0.4102004654333333,-0.004986629878142149,0.3396103652445449,-0.3980121575666666,-0.003527039904812972,0.3390501732902841,-0.3854603240333334,-0.004448137113047659,0.33879549229718375,-0.3894262632,-0.025666889859809056,0.34665109431330504,-0.4148622383333334,-0.024783581364314463,0.34530589476558077,-0.4283074553666667,-0.01968268061282359,0.33485445854695883,-0.4073057060666667,0.03688238622544116,0.33023278021034785,-0.2801360631999999,-0.08663221960806236,0.28801788686483537,-0.3034307131666666,0.00820249882760228,0.3149920267768575,-0.3536442456666667,-0.021325075484713272,0.2855648717095297,-0.3884246132666667,0.11509132468671861,0.2021975792173597,-0.1319383468333333,-0.15742169574465387,0.22640003721959093,-0.1257451993333333,0.16125299201725202,0.02886638036567005,-0.0716499842933333,-0.17913296424938668,-0.029280837077503702,-0.1419790397999999,0.1962697976034951,-0.16592664535610072,-0.0364167392266666,-0.22088760797689874,-0.22027753535800557,-0.1936645403666666,0.1979241344550749,-0.20670730224899977,-0.0231496713606666,-0.21398923243200466,-0.2574824602023074,-0.2362966761,0.1714210729951709,-0.21877170228349227,-0.0537152918099999,-0.1866679502642846,-0.2433256942449451,-0.2610779081,0.1918695536448739,-0.19632034393561712,-0.0462587543599999,-0.20899057018215322,-0.22680723364833655,-0.202803299,0.08288194577860153,-0.17574240389273024,0.0423483854133333,-0.08103167103537494,-0.18354044761829447,-0.0406235775333333,0.09160475524003885,-0.5225204389482185,0.0809192738366666,-0.026288646982772886,-0.4553242225939122,-0.0130234698403333,0.08847498278679156,-0.7919314068596972,0.2860567530999999,-0.0529524420887104,-0.7884317624868509,0.190654039,0.07128385386267977,-0.8231218952377631,0.3100718873333332,-0.055512667775488876,-0.8175154808767569,0.1710254093666667,0.09778557279400694,-0.8646502116472529,0.2539053668,-0.047557938031764724,-0.8500560941857194,0.0772678290966666,onweer_g_ch1_g19_compr.mp4,ch1g19,6.415027123009365e-06,1.8015831948896197e-05,7.083631060677022e-06,4.455581531362164e-06,4.214198200754772e-06,2.050567895589212e-05,7.048450035467613e-06,5.371837525719805e-06,4.691353128754919e-06,3.4036127613288863e-06,1.3598088924525442e-05,4.5856825598963285e-06,7.5766110812558695e-06,7.192797654742771e-06,7.10936607473268e-06,1.1454456413147931e-05,1.0214319593675088e-05,1.5424322112938434e-05,3.536594464269763e-06,7.139045148253216e-06,2.8283849566969705e-05,8.51270417199654e-06,7.335432167492302e-06,6.725059304083004e-06,3.5662005695322028e-06,8.410531107605026e-07,6.890009924920896e-06,1.1196092718791101e-05,5.566162638373681e-06,1.966406847481876e-05,7.599055253936649e-07,5.155958849514293e-06,2.311976853804393e-05,2.281047973510885e-05,5.02247816389831e-06,0.00011868344349483481,0.00010506566116368767,0.00010820956107571179,0.00010614999202364604,0.00011177232581069273,0.00011484460528283766,0.00011015058297678637,6.769240274060823e-05,8.679631809503375e-05,0.00010330552084180208,0.00010676678059641082,-7.458306328377544e-05,3.032781582596656e-05,-8.236777221759616e-05,6.99981436160992e-05,-4.1546334655980064e-05,-3.325203271787986e-05,-3.32325195448913e-05,-5.580924491504369e-05,-6.184862105604e-05,-9.672438473045858e-05,-3.487324809260201e-05,-5.573154505729619e-05,-6.847309328324512e-06,2.980984653710966e-06,-3.3378277839834545e-05,-2.296172397546483e-05,-5.908064354906732e-05,-5.517257104714432e-05,-7.057344692370504e-05,-6.89932861660606e-05,-0.0001504588141133152,-0.0001649967871233243,9.036041489978692e-07,3.9183583741642626e-07,7.856058445229158e-07,5.49099233376961e-07,-7.74769063907646e-07,2.641898561583553e-07,8.068407422130622e-07,6.349081388664506e-08,-7.878181457614994e-07,3.6903065436583144e-09,-9.621267478742193e-07,-1.7067765411818402e-07,7.217744377810833e-07,8.011474491723805e-07,-1.6200886314322224e-08,-4.253852584059646e-07,-1.587397852638639e-06,-1.141175495954891e-06,2.199210798096969e-08,7.527143241177838e-07,3.941767020582092e-08,8.256848391326369e-07,6.815779463527983e-07,7.95082531431376e-07,-5.040032477722269e-07,-2.704773527906543e-08,7.674389699867319e-07,-8.336563047488105e-07,1.8226257803096284e-07,-1.2557169910755763e-06,-2.2846548821645607e-08,3.7160961497243745e-07,2.83312482135261e-07,-1.5336950232499296e-07,5.909650484996614e-09,-8.032774829883675e-08,-1.934551263548814e-08,1.6415381827806734e-07,-1.3190408785885912e-08,-7.974216993104996e-08,-1.208155394270733e-07,-4.3779365775889464e-08,7.201402894624655e-08,1.2107951767402127e-07,-2.0077200263305548e-07,-1.0212962269497363e-07,-8.073785850260691e-08,3.6659438305010293e-09,-2.5628420976912814e-07,-1.3614293441846776e-07,1.314141527353432e-07,-1.3078804524369445e-07,-9.632476292311026e-08,-1.1015887181023814e-07,-1.1543314832609773e-07,-1.0070204838473892e-07,-6.088383207013143e-08,1.5184900860352106e-07,2.021067342060034e-09,-1.077702154144976e-07,1.0310785592650149e-07,-8.755783200405904e-08,1.5351499026757583e-07,4.3934388275273094e-09,-1.651429216860435e-07,-4.5400769160022735e-08,1.051372527980127e-07
7700.000000000051,-0.01835931736211975,0.3222775760964648,-0.4097997483666666,-0.005026257034721288,0.3397291305761305,-0.3975762916333332,-0.0035657987277525043,0.33917240577879704,-0.3850302626333334,-0.00448696846970135,0.3389157246017996,-0.3889924655666668,-0.02570452479406622,0.3467768160829657,-0.4144017338333334,-0.024824402212063584,0.3454346952320163,-0.4278391078666667,-0.019715842124003985,0.3349783061893281,-0.4068472259333334,0.036968715228632765,0.33031414814862975,-0.2796861514666666,-0.08660015875398937,0.2881155392585109,-0.3028584231333333,0.008174872707518514,0.3151109659007704,-0.3532501288333334,-0.02135371858690151,0.285685202801363,-0.3879788400666666,0.11511221443869266,0.2021385637164423,-0.1315026195,-0.1573112421740368,0.2264501216528686,-0.1252365754999999,0.16117309399617946,0.0288023553866745,-0.0711137206833333,-0.17910347949496866,-0.029169371023659577,-0.1412507450333333,0.19645421798891874,-0.1659507537534078,-0.0358219827833333,-0.22116732023886457,-0.22029207073083065,-0.1927967578333333,0.19817518061595343,-0.20672031009874758,-0.0225412506213333,-0.21436213622735353,-0.2575236040465268,-0.2353661746,0.17174179209983562,-0.2188160691264282,-0.0531127589466666,-0.18712176710793263,-0.24341988697648761,-0.2602185973666667,0.19209601548044403,-0.1963373860626719,-0.0456688054033333,-0.20931579739689957,-0.2268507892841426,-0.197696865,0.0828678821347492,-0.17574989302715546,0.04233322199,-0.08101444790418307,-0.18353675034374722,-0.04060791803,0.09169487856707198,-0.52254384428696,0.0803731071699999,-0.026233013154681826,-0.45535957807029276,-0.0128488688666666,0.08847178206379225,-0.7919512249304327,0.2855603407666666,-0.05293789372433715,-0.7884849042930421,0.1911567137666666,0.07127004194615141,-0.8231509681215162,0.3096134815333333,-0.05550751774858305,-0.8175840450940979,0.1715619470333333,0.09772874979191713,-0.8647799082589597,0.2535257845666667,-0.047477629626409,-0.8502177788187937,0.0779561378233333,onweer_g_ch1_g19_compr.mp4,ch1g19,7.4239781799024705e-06,1.7968318139754827e-05,8.15004331622459e-06,5.142806511463219e-06,3.500400600147215e-06,2.026469156651404e-05,8.126642925379129e-06,5.317330148869834e-06,3.842982529692808e-06,3.447889259230493e-06,1.330413926113922e-05,4.23938238473513e-06,8.59825831640617e-06,8.277272492886784e-06,6.880631803644228e-06,1.0818471441349741e-05,8.419182200464482e-06,1.5003957719030897e-05,3.5582904645745878e-06,8.19343499872752e-06,2.7659021964295594e-05,9.59631278258733e-06,8.319286528635035e-06,7.80807416654297e-06,3.0433176878812404e-06,8.194930822527045e-07,7.950017533092483e-06,1.1027692076002124e-05,5.648764808854045e-06,1.9039539791336434e-05,7.414738167754966e-07,5.702760581942908e-06,2.2906244955512214e-05,2.276536848210965e-05,4.682223145008497e-06,0.00014078639915800556,0.00012561719282273728,0.00012896459229655077,0.00012636309686681911,0.00012969392217474602,0.00013341645699894238,0.00012887992681881132,8.69913467094104e-05,9.787673726331832e-05,0.00012455026755334313,0.00012647307127622957,-5.8421940097875436e-05,3.91997040664151e-05,-7.0733782379417e-05,7.901814788019895e-05,-2.9146394911221463e-05,-1.3873616324552401e-05,-1.9522167097701514e-05,-3.864811855760814e-05,-4.7610184888072056e-05,-7.567166803291494e-05,-2.3990168935365848e-05,-3.757520480770767e-05,-6.550324301585187e-06,2.621005658399604e-06,-2.3761756686338024e-05,-2.94382347315385e-05,-3.0323794587903976e-05,-4.047969872356711e-05,-4.1188330119474785e-05,-5.025191083142932e-05,-0.00013058447351176647,-0.00015289734212627163,6.584067731866142e-07,4.21223475003733e-07,6.143231717308073e-07,3.6991554723402484e-07,-5.010358314062858e-07,2.6670224545979507e-07,6.360225663780174e-07,-6.118405970155471e-08,-8.031857904180826e-07,6.218693823496932e-08,-9.547431396612103e-07,-4.274926361137587e-07,5.241844823327805e-07,6.268374132784608e-07,2.864353977104286e-08,-6.637936475972133e-07,-1.600691958822462e-06,-1.1137914906919214e-06,-1.7961385344594194e-07,5.603655715563389e-07,-7.071731228082373e-08,6.189635996836888e-07,4.897846963965534e-07,6.349553283816932e-07,-2.54484794502612e-07,-3.424085362356309e-08,5.519166752005142e-07,-8.340481570689353e-07,4.545009763918878e-08,-1.2093381175954276e-06,-2.6541384776544694e-08,1.389527659899163e-07,2.322408324899564e-07,-2.31790852848566e-07,-4.053401283953924e-08,-1.7110794538762214e-07,-1.1030549748689248e-07,2.8128092111568214e-07,-4.786483746512082e-08,-1.712424675356802e-07,-1.2857597306797697e-07,3.696299160232256e-08,5.9369582739981086e-08,1.1041705346802407e-07,-1.6306728740461173e-07,-1.946318268040433e-07,-1.7265582885402782e-07,4.3081109480850955e-08,-1.4894257443478058e-07,2.7692044451116796e-08,1.2133557265650292e-07,-1.414877156206647e-07,-1.930755296126218e-07,-1.284947689336953e-07,-2.139907683192815e-07,-1.8940791791041188e-07,-1.4535307229003188e-07,2.417630158255372e-07,9.747226340728834e-09,-2.032078999397261e-07,7.615536844398323e-08,-8.876775076102503e-08,1.7162635407659472e-07,1.265825817273243e-08,-2.2299218632812098e-07,-6.86481816242416e-08,1.4651256297548916e-07
7716.666666666718,-0.01842220636243246,0.322420744329033,-0.4096428093333333,-0.005070882688733436,0.3398594882561187,-0.3973822214999999,-0.0036093276029703554,0.33930648107103645,-0.3848384866666667,-0.004531502054369751,0.33904671951079257,-0.3887957940666667,-0.025748279616459903,0.34690746340730444,-0.4141796151333334,-0.024871576149811433,0.3455691470361857,-0.4276127473,-0.019755539695917392,0.33510818002347387,-0.406625144,0.03704362272871125,0.33041295400312426,-0.2794249559666666,-0.08658105283161564,0.28819955993086055,-0.3024732142333333,0.008149818325988496,0.3152420459908712,-0.3530867743333333,-0.021383105483090612,0.28581154985180607,-0.3877694867,0.115124839679487,0.20209026397029295,-0.1311818600666666,-0.15721615304568154,0.22648047405404634,-0.1247953550999999,0.1610850119857998,0.028737946635345964,-0.0705916731533333,-0.17908800088715518,-0.029097602052937946,-0.1404809197666666,0.1966349570069382,-0.1659782096053184,-0.0352806478133333,-0.22145723119484093,-0.2203038316463569,-0.1918680285333333,0.19842360951583624,-0.20673964532123146,-0.0220095321283333,-0.21474052359938878,-0.25756232060077133,-0.2343602881333333,0.1720551121105077,-0.218865696631665,-0.0526049561833333,-0.18757981350800637,-0.2435034474221724,-0.2592800715666667,0.1923161457299576,-0.1963603927166696,-0.0451396155466666,-0.20964800105870596,-0.22688948209058027,-0.20681721,0.08285413027661868,-0.17575695948377726,0.0423177432833333,-0.08099769774823785,-0.18353367901256556,-0.04059174344,0.09178596852817222,-0.5225677445622384,0.0799446343899999,-0.02617969424896398,-0.455392452861293,-0.0125321496353333,0.08846131076165277,-0.7919619632667696,0.2854318520333333,-0.05292620745661728,-0.7885118355579581,0.1918746720666667,0.07125066492775625,-0.8231704676206257,0.3095534062666666,-0.05550415773119542,-0.8176217184970582,0.1723370965,0.09768023197641505,-0.8649106527126288,0.2536190996333333,-0.047397732465722826,-0.8503675405836169,0.0789080878366666,onweer_g_ch1_g19_compr.mp4,ch1g19,8.021287247824381e-06,1.8010025850237063e-05,8.884502279592537e-06,5.5853952338486125e-06,3.275032391380714e-06,2.0150218809776936e-05,8.871965324935147e-06,5.111364618898556e-06,3.1121443188289533e-06,3.5619800524141597e-06,1.2554125391116387e-05,3.5284421640894374e-06,9.240102790874243e-06,9.027499737227943e-06,6.672106081250238e-06,9.827496680816277e-06,6.6194567880904e-06,1.4139669873702345e-05,3.266399770882499e-06,8.868538104298174e-06,2.7098472367143543e-05,1.0314512048931832e-05,8.9161761487984e-06,8.591249614168839e-06,3.0371701396966716e-06,8.243009186008164e-07,8.621534098971338e-06,1.041937025423457e-05,5.643903507655998e-06,1.798060599181196e-05,7.553978215589072e-07,5.852900106276143e-06,2.2777262537945077e-05,2.2553003061649918e-05,4.460243258017027e-06,0.00015633440435714106,0.00013986711612082051,0.0001432787449872761,0.00014020080967449078,0.00014025841780045578,0.00014475198820486436,0.00014050165030344742,0.00010152766725515122,9.821007622563009e-05,0.00014015449212659287,0.0001392591801519324,-4.1056085657381905e-05,4.274730820052893e-05,-5.8749443848076303e-05,8.542980135497058e-05,-1.5901657007664066e-05,4.509901138961242e-06,-3.4414611066777756e-06,-2.071921598249728e-05,-3.0642366435999886e-05,-5.340902297105391e-05,-1.2240590381228132e-05,-1.9921664036414273e-05,-6.016064863294781e-06,2.080679187648876e-06,-1.5561873821152073e-05,-3.370271126175943e-05,5.845105399992215e-06,-2.3523691221416037e-05,-3.5475632574539357e-06,-2.969660034905958e-05,-0.00010309128049822959,-0.00013977850227657332,3.633845483306846e-07,3.934940537776528e-07,3.774101055458601e-07,1.8113195326502067e-07,-8.932847529715356e-08,2.268510551372141e-07,3.9862245754370227e-07,-2.0759412211068083e-07,-7.577740130387056e-07,9.76863889289492e-08,-9.006306939765407e-07,-5.279393745842415e-07,2.644872501710153e-07,3.8701376733382487e-07,1.0188636291925065e-07,-7.420572558093867e-07,-1.4782509563307501e-06,-1.0497480718249214e-06,-2.862502419609368e-07,2.9933776347053735e-07,-1.991677956119231e-07,3.401812627561948e-07,2.383281506142287e-07,4.22088614043031e-07,1.0866794452377174e-07,-2.7519226307385738e-08,2.8181815647385765e-07,-8.053105502804624e-07,-6.666174491992147e-08,-1.1118951119180847e-06,-1.6634047898239792e-08,-1.2357386643405103e-07,1.655087063583217e-07,-2.646917275030186e-07,-1.1291649497232722e-07,-2.3047601132867697e-07,-1.6498285439791412e-07,3.5811678088662655e-07,-1.1201221326080331e-07,-2.314833428211074e-07,-1.237892200395091e-07,1.1978863206705523e-07,3.945498651246421e-08,1.3475151847707343e-07,-6.764755244406621e-08,-2.4986573531381177e-07,-2.3335084681462e-07,8.393749554306545e-08,-1.002685121324525e-08,1.8022295602448202e-07,1.4203150630741906e-07,-9.978475149859264e-08,-2.5203570979293774e-07,-1.7697842025497028e-07,-2.7705868391513017e-07,-2.40712819847942e-07,-2.042131572901076e-07,2.957426008373394e-07,1.7924971035107637e-08,-2.616730304612553e-07,8.370264757653803e-08,-7.234967362005722e-08,2.1729058349122382e-07,2.0862785116216458e-08,-2.3892447408105565e-07,-1.1547340146322737e-07,2.3242442524718263e-07
7733.333333333385,-0.018495329872838893,0.3225715913812047,-0.4095690823666666,-0.00512222278758206,0.339995526286869,-0.3972808002333332,-0.0036604761357962633,0.33944565402380955,-0.3847372670666667,-0.004583350550942973,0.33918297561089555,-0.3886893749333334,-0.025800862657451924,0.3470422781172939,-0.4140294024666667,-0.024927968361311847,0.3457081512846306,-0.4274647579333333,-0.019804826236615582,0.33524232005907206,-0.4064786059666667,0.03711591869322236,0.33051563419739144,-0.2792987947666667,-0.08656432772120289,0.28828654341937743,-0.3021392315333333,0.008119867347641124,0.31537729006509524,-0.3530233231999999,-0.021419549279610154,0.28594357722442704,-0.3876416168666666,0.11514556501477269,0.20205012094406247,-0.1310388168666666,-0.1571227118859181,0.22651632189438028,-0.1243696212333333,0.160992758759478,0.0286860417274412,-0.0704080021866666,-0.17908250713447063,-0.029013269612017167,-0.1397240182666666,0.19676809776523937,-0.16598761726125594,-0.0353122834766666,-0.2217479880449518,-0.2202869299709433,-0.1910291820666666,0.19860802435591263,-0.2067369303334944,-0.022152383725,-0.21510856023771166,-0.25756539183133637,-0.2334880983333333,0.17230133579156542,-0.2188903384656548,-0.0527426642699999,-0.18800583998667364,-0.24353362944112567,-0.2584549485666667,0.19248264603979778,-0.19636660593814595,-0.0451821008666666,-0.20997416406509817,-0.22689605645422758,-0.216538325,0.08284181106467516,-0.17576412884432227,0.0422902426933333,-0.08098304810695765,-0.18353052255372876,-0.0405625659733333,0.09186758649301432,-0.5225842786440125,0.0797133077699999,-0.026133345673273627,-0.4554245524470442,-0.0118685230703333,0.08844272278614886,-0.7919538261270719,0.2856333386,-0.0529143700524582,-0.7885043145520785,0.1930224454333333,0.07122816641336722,-0.82317144214395,0.3098346050666666,-0.05549794286040697,-0.8176157553621688,0.1735408734,0.09763998438894564,-0.865026772141786,0.2540754993666667,-0.04733500489504289,-0.8504950087089074,0.0803241767166666,onweer_g_ch1_g19_compr.mp4,ch1g19,8.162253856106684e-06,1.8686383768447207e-05,9.185915433621338e-06,5.584003088971883e-06,3.573391689651527e-06,2.0601488353334823e-05,9.202196377846363e-06,4.75615339570315e-06,2.3269755922297538e-06,3.6120791722793645e-06,1.1349761250042186e-05,2.8133856291227146e-06,9.357341616927184e-06,9.345502626600506e-06,6.798715545476956e-06,8.751093389545036e-06,5.201158879005214e-06,1.2781241041401548e-05,2.8234839987916145e-06,9.020908334478605e-06,2.7108670499590235e-05,1.0564237491018807e-05,8.997404435329387e-06,8.990641482223784e-06,3.5084558880396585e-06,7.962442453425356e-07,8.808850618521193e-06,9.33838528738081e-06,5.492360764232998e-06,1.6571226090059568e-05,7.402728429022762e-07,5.44162648488188e-06,2.315784287551598e-05,2.266693631003571e-05,4.50347916723864e-06,0.0001632943256859894,0.00014640844300403374,0.00014955813835280352,0.00014608691759368433,0.0001416303021446235,0.00014674383772240426,0.00014293333924700333,0.00011087778582515515,8.826285043923482e-05,0.00014846434109200878,0.00014349187352041853,-2.4325489368401784e-05,4.0312646253243624e-05,-4.868953517396541e-05,8.500525783131719e-05,-4.544452592145469e-06,1.9146770877685195e-05,1.1789389196427013e-05,-4.512783504292362e-06,-1.3649000127151867e-05,-3.228131091232146e-05,-2.468018861153076e-06,-4.551804135886316e-06,-5.47621143061186e-06,1.5867621372024711e-06,-9.698047184623158e-06,-3.8593875757296876e-05,4.303270065019766e-05,-6.759901405568577e-06,3.550967186928605e-05,-9.067190866921758e-06,-7.282549515744153e-05,-0.00012555594493161387,6.660202839595909e-08,2.815987446948888e-07,1.3236547539630555e-07,-6.119529692263888e-08,3.590518690894902e-07,1.1904753716302566e-07,1.5286928316132474e-07,-3.4186262868991635e-07,-6.184640663861241e-07,1.2804926843878708e-07,-6.955228718403018e-07,-4.6850848996485695e-07,1.3164163859973924e-10,1.4169653094129807e-07,2.0029954196410263e-07,-6.30339617046814e-07,-1.2697688261617336e-06,-8.158871080587102e-07,-3.0203671300536766e-07,3.0312502993293165e-08,-3.5286658324105224e-07,4.9661764581934884e-08,-1.7693869290118576e-08,2.1171283281062976e-07,4.850147772371089e-07,-8.525752847121967e-09,1.443617787620811e-08,-6.549007097269807e-07,-1.7416424009479926e-07,-8.06414427891172e-07,4.257102289173674e-09,-3.908021446674456e-07,7.005763195018606e-08,-2.523625225766684e-07,-2.2545764461832247e-07,-2.503707327891607e-07,-1.7372204806375565e-07,3.8182423956731094e-07,-2.185422646149753e-07,-2.531432538837304e-07,-1.0674703737924811e-07,1.9675166243773615e-07,1.7524447563049742e-08,1.832760576396262e-07,5.127146028118382e-08,-2.596972434624894e-07,-2.543372247433631e-07,1.0169032521513785e-07,1.253786105697899e-07,2.9091432027602517e-07,1.8642833888606707e-07,-2.411213418576979e-08,-2.6439803169411043e-07,-2.7372057081458983e-07,-2.9667522731342986e-07,-2.478450897322496e-07,-2.2932862910447983e-07,3.0499610542899725e-07,2.6155020829218694e-08,-2.735141458302695e-07,1.1898520912644487e-07,-4.464470245641893e-08,2.746651957888699e-07,2.8768035169213785e-08,-2.057756805791337e-07,-2.0199984707159288e-07,3.248213381745909e-07
7750.000000000052,-0.018567252981347485,0.32272776948442833,-0.4099607833333333,-0.00517391256888423,0.3401351115104867,-0.3976316798666665,-0.0037105144529368346,0.3395878443029419,-0.3850853055333333,-0.0046355768022899625,0.3393222183950264,-0.3890239835,-0.025856432596853784,0.34717773342923125,-0.4143213728333334,-0.024986772558771974,0.3458480244661273,-0.4277640298666667,-0.01985847604235263,0.3353782490122697,-0.4067671997333332,0.03718867531030387,0.3306149614288674,-0.2795207803666667,-0.08655188967875567,0.2883657100834627,-0.3021407017666666,0.008089961576451171,0.3155151800703321,-0.3533921149999999,-0.02145727509753584,0.28607817215000797,-0.3879528882333333,0.11516014104585535,0.20201339310856659,-0.1311243227,-0.15705789549439586,0.22654056035009015,-0.1241138402999999,0.16087699586185,0.028636968462514605,-0.0702805950233333,-0.17911574354499885,-0.028955775994501744,-0.13913179,0.19689482687295956,-0.16599370232804161,-0.0354814575133333,-0.22206742420208023,-0.22026989551018822,-0.1903748377999999,0.1987875588044486,-0.2067210889799328,-0.0224501499016666,-0.21549521252110637,-0.25756017088687067,-0.2328554794666666,0.17254920446845146,-0.21889593700539406,-0.0530745886299999,-0.18844884097345993,-0.2435360238563381,-0.2578881878666667,0.19264320919784503,-0.19637026129101118,-0.0453823342266666,-0.21032030529985898,-0.22689677405360859,-0.213560149,0.08283378786757183,-0.17576871914616923,0.0422659289666666,-0.08097390532996407,-0.18352963357310337,-0.04053450535,0.0919486089618775,-0.5225863725557125,0.0799241301433333,-0.026097702853575735,-0.45545097088167374,-0.01109466299,0.08842298969643125,-0.7918963942515673,0.2863997996999999,-0.052887218374279676,-0.7884792318601214,0.1941672683666666,0.0712029261363608,-0.8231217759842123,0.3106985674666666,-0.055469283573808204,-0.8175839718326285,0.1747276346666666,0.09759727275213748,-0.8650622290637207,0.2551379472,-0.04726221175298843,-0.8505789663529543,0.0816390775199999,onweer_g_ch1_g19_compr.mp4,ch1g19,7.922507532453515e-06,1.9276804615120916e-05,9.059813830423973e-06,5.139262278791625e-06,4.071972969119262e-06,2.105195518440583e-05,9.099663929944131e-06,4.3299740561574185e-06,1.6899999289106583e-06,3.6453094506525138e-06,9.98863466862997e-06,2.3493520784309004e-06,9.053107890152942e-06,9.228978429167688e-06,7.375416539662969e-06,8.23986458022875e-06,4.305560006918366e-06,1.124507738714371e-05,2.292273092392915e-06,8.739526202805457e-06,2.7087770251223968e-05,1.0309888141753735e-05,8.683012848603982e-06,8.973908430842417e-06,4.1174954342769545e-06,7.863856196176615e-07,8.521402459841415e-06,7.947333014787579e-06,5.22401315527962e-06,1.527395182065627e-05,7.459607622914161e-07,4.802214077505602e-06,2.3514526881705737e-05,2.2706036292607838e-05,4.7125666659900046e-06,0.00016038116742371185,0.00014430572913474432,0.00014717854153176545,0.0001434506348342534,0.00013515513656866176,0.00014043676023549928,0.00013688399357108318,0.00011473970934441544,7.248483861415634e-05,0.00014855241346610636,0.00013873507576194573,-1.1144878618920509e-05,3.289505383879253e-05,-4.14737529728579e-05,7.831117317472099e-05,3.45756304105792e-06,2.5338548543428312e-05,2.3928718603505706e-05,4.612943208362668e-06,1.238543015736681e-06,-1.8720355117797626e-05,4.477607843616705e-06,3.285171444260304e-06,-5.031327973604684e-06,1.2047047437444744e-06,-6.953934281420878e-06,-4.158894428115755e-05,6.584949514942645e-05,-5.740404950033601e-07,5.910277046041441e-05,-1.3608699107070183e-06,-5.461695167339398e-05,-0.00012299616629603938,-1.496920400415287e-07,4.2128011152542215e-08,-1.1238999721355766e-07,-2.0822876513748088e-07,8.122857142178221e-07,-1.1016606924034574e-07,-9.370511057394789e-08,-4.462705496138063e-07,-3.873409812493918e-07,1.650139301717686e-07,-3.8624622948130237e-07,-2.6833434314132083e-07,-2.5348106357066675e-07,-1.0377624846813578e-07,3.240039498821316e-07,-3.5041534209264955e-07,-8.879481671332798e-07,-4.971352548450644e-07,-2.0778284037543018e-07,-2.3159840886943554e-07,-6.232403766333993e-07,-2.4078801398322856e-07,-2.6217417993715084e-07,3.205988925118025e-09,8.478637842458205e-07,3.256277058937115e-08,-2.4036789692847397e-07,-4.1582987778152936e-07,-1.6856653218884089e-07,-4.078898225061423e-07,4.6263105256596964e-08,-5.860328076181498e-07,-1.2222192038669105e-07,-2.038094245152488e-07,-3.4632649852308616e-07,-2.2482559401419647e-07,-1.3700329709606515e-07,3.673807543130809e-07,-3.4101198256811664e-07,-2.293362552319046e-07,-7.815089993821144e-08,2.504371474775481e-07,-5.492462454707375e-09,2.2780252097959657e-07,1.6576843963411407e-07,-2.2101372114294217e-07,-2.3001548342889523e-07,8.401921733370258e-08,2.1647722064473418e-07,3.524646539847037e-07,2.28614030911853e-07,6.966204672010439e-08,-2.2627152088292966e-07,-3.905509026223209e-07,-2.6350062865191134e-07,-2.0827143754133375e-07,-2.1536436930521174e-07,2.8633567356845915e-07,3.162485420624918e-08,-2.3626289994085842e-07,1.6114500805437584e-07,-1.2220169024957682e-08,3.0939573135843965e-07,3.3685923990786575e-08,-1.362982884792636e-07,-3.0743042785241214e-07,4.1441391083874914e-07
7766.666666666719,-0.018623148015304552,0.32290333292120954,-0.4099862911333333,-0.005218471709885904,0.3402943631653175,-0.3976024795666665,-0.0037522241835532513,0.3397511253671795,-0.3850550373,-0.004679492416315718,0.3394818840929262,-0.3889896750666667,-0.02590542513410103,0.34732935291397815,-0.4142633228666667,-0.025039717170698864,0.34600391292500027,-0.4277033940666667,-0.019906653650798894,0.3355294828381222,-0.4067067457333332,0.0372468341579696,0.33074465126610364,-0.2793542122,-0.08655023256319913,0.2884502793735977,-0.3018568704333333,0.008069570292028297,0.3156766125330263,-0.3533933388666666,-0.021488595064627736,0.2862276953791453,-0.3879156164333333,0.11516360222867128,0.2019981964845209,-0.1308748802666666,-0.1569931161766644,0.22656961751249793,-0.1236910344999999,0.16074237878346415,0.02860338729717415,-0.0697632731099999,-0.17917331511180312,-0.028875262068285397,-0.1383424392333333,0.19702256674885105,-0.16599285098288782,-0.0350271730766666,-0.22239072446581462,-0.2202450938015495,-0.1894172399999999,0.19896910924397976,-0.2067028893102262,-0.0220383578316666,-0.21587961073516806,-0.2575546907574464,-0.2318739002333333,0.17279985279353893,-0.2189033604789056,-0.0526647641033333,-0.18888151037799095,-0.24354814500791408,-0.2569423118333334,0.192805560444548,-0.19636887416812346,-0.0449408729233333,-0.2106665943438507,-0.22689017147157547,-0.212195024,0.08282353190212936,-0.17577341968609012,0.0422437293433333,-0.08096236283251856,-0.18352868893777197,-0.0405087971233333,0.09200369115368484,-0.5226075621566194,0.0801287767299999,-0.02604068248857432,-0.4554980175222589,-0.0105484343513333,0.08835896195905424,-0.7918454547486063,0.2870850832333332,-0.052841087504921926,-0.7884846255392964,0.1948440405333333,0.07113380458589211,-0.8230782773940226,0.3114549344999999,-0.05542237856253613,-0.8175898242320777,0.1754221221666666,0.09754049491318527,-0.8651165975922002,0.2560904075666666,-0.04717051736618509,-0.8507094347969666,0.0824327660233333,onweer_g_ch1_g19_compr.mp4,ch1g19,7.23434956203956e-06,1.9483144421100868e-05,8.515990690082704e-06,4.455348247529592e-06,4.755909698133686e-06,2.1137603526763445e-05,8.584056144645817e-06,3.994179943340725e-06,1.2335148953254426e-06,3.841625531417538e-06,9.300500509873766e-06,1.8273851500342754e-06,8.351303766627527e-06,8.682166672693922e-06,7.865967425994221e-06,7.911258339218754e-06,3.7039005924921916e-06,1.0418016124640701e-05,1.7766960951645639e-06,8.077720548896158e-06,2.6665093152264148e-05,9.65348067313962e-06,7.98428265584958e-06,8.511414863467668e-06,4.857673652347922e-06,7.618124534548543e-07,7.803573851307879e-06,7.176063969192362e-06,4.885329214512365e-06,1.469413265175179e-05,7.41324404597816e-07,3.815011156819368e-06,2.3539447616221113e-05,2.2645361162431963e-05,5.172392321478352e-06,0.00014927799290894513,0.0001342714065975226,0.00013668398723018125,0.00013277544756944203,0.00012093214777655944,0.00012629732293086994,0.0001232965983151397,0.00010970607892903874,4.946615069914409e-05,0.00014051106239824606,0.0001261641858044117,-1.800189535679909e-06,2.0093177596305655e-05,-3.770381193459833e-05,6.389167135065496e-05,7.963713481384923e-06,2.4203311292325584e-05,3.4008048986283336e-05,7.991606357856299e-06,1.542526642569546e-05,-9.19992530176689e-06,8.139418234589667e-06,4.440814344501302e-06,-4.24892747236107e-06,5.317042582051549e-07,-6.722919358073872e-06,-4.356972781423046e-05,7.731930497198832e-05,-2.2007885535412206e-06,7.044301111168914e-05,-2.455976612840605e-06,-4.348454060597295e-05,-0.0001250835058152367,-3.1560472448936384e-07,-3.49989431440864e-07,-3.5142281092955093e-07,-2.945597653210856e-07,1.1876298870600582e-06,-4.913793713297012e-07,-3.352043525245462e-07,-5.032330389144918e-07,-6.924998073982955e-08,1.3352375886339412e-07,-6.546588231943786e-08,-3.450443178705975e-08,-4.826044465332306e-07,-3.4910760078419704e-07,4.374844061382048e-07,-1.1590646059814605e-07,-4.929933932299534e-07,-1.8121269621363945e-07,-9.275128677927382e-08,-4.6695940046014275e-07,-1.0375555225951182e-06,-5.15638215224731e-07,-4.801250538370538e-07,-2.2280425471519085e-07,1.1368101406571667e-06,7.335398873019373e-08,-4.777638912772221e-07,-1.6809885937853235e-07,-1.1524217011177054e-07,-7.514146445382461e-09,8.874785287239442e-08,-6.995924847023419e-07,-4.523492655592152e-07,-1.253910502889709e-07,-4.4445100742745585e-07,-1.587976087003305e-07,-6.919314195196737e-08,3.172560769688011e-07,-4.462515273669357e-07,-1.651745926787057e-07,-4.6812961935467814e-08,2.745960591228243e-07,-3.1718855484957945e-08,2.2757648377421972e-07,2.6454904207794115e-07,-1.4133151818638463e-07,-1.6534727717526862e-07,5.288627957417753e-08,2.634772726037168e-07,3.727869501174306e-07,2.2692692158374094e-07,1.623202528614699e-07,-1.4584339789318754e-07,-4.932609398871315e-07,-1.8592308838381966e-07,-1.289966960671228e-07,-1.6432752596622166e-07,2.4140174633986865e-07,3.408699719782137e-08,-1.590817599767241e-07,1.6922937313191907e-07,1.8150181039787446e-08,2.86210764214203e-07,3.5490275983071025e-08,-3.6039608308736665e-08,-4.050556548464494e-07,4.834872575304192e-07
7783.333333333386,-0.01868052611523259,0.32309854063639915,-0.4101796396666666,-0.005265586124047453,0.34046993343373794,-0.3977397053666665,-0.003796035356108096,0.3399302342817722,-0.3851873089333334,-0.004726409234889861,0.3396557863551854,-0.3891196251000001,-0.025957241167811205,0.3474883013183487,-0.4143735954333333,-0.02509535829349421,0.34616946678126403,-0.4278150603999999,-0.0199579169220052,0.33569305351812606,-0.4068122161666667,0.0373008261516519,0.33089467540588924,-0.2793221200666666,-0.08655512999096104,0.2885338519590196,-0.3017233113333333,0.008048232492000998,0.31586333043586473,-0.3535526223333332,-0.021520876163315914,0.2863984232159284,-0.3880448561999999,0.11516257145151501,0.2020408235690752,-0.1306616361999999,-0.15692793479267078,0.2266079187974086,-0.1233886253666666,0.16061001491688337,0.028594378280245504,-0.0691771041433333,-0.17922437066687738,-0.02880262673709601,-0.1376574060333333,0.19715175567543897,-0.16595470832921058,-0.0344385613166666,-0.2227136021969536,-0.22020176486468554,-0.1886106768999999,0.199151984335489,-0.20663730480806952,-0.0214731145983333,-0.216265743356637,-0.2575301543422234,-0.2310687175,0.17305243913174853,-0.2188555175493184,-0.0520973717199999,-0.18931255185149926,-0.24354092981650302,-0.2561671961333333,0.19296986631183058,-0.1963338007755554,-0.0443638100566666,-0.21101219293493734,-0.22686650162834401,-0.210182205,0.08281229840629822,-0.17577588660328816,0.0422218818833333,-0.080950088343515,-0.18353001471854258,-0.0404830746133333,0.09205729916922746,-0.5226058115419342,0.0805592412266666,-0.025994888590533515,-0.4555489453056714,-0.009834982725,0.08829588703525251,-0.791724866398394,0.2881191681999999,-0.052769824015472394,-0.7884890604164928,0.1956691118666667,0.07106649732441589,-0.8229645142515277,0.3125751471999999,-0.055344841527378855,-0.817593478787442,0.1762820925333333,0.0974907114150426,-0.8651445272483014,0.2574988718,-0.04707787122056576,-0.8508397976221223,0.08349976392,onweer_g_ch1_g19_compr.mp4,ch1g19,6.682839253655676e-06,1.8961668355524703e-05,7.77293006583401e-06,3.6672894815997708e-06,6.165431844453899e-06,2.046095073092866e-05,7.855321638459475e-06,3.5923385138898074e-06,1.1808647329885713e-06,3.935417264325453e-06,9.376159712805286e-06,2.018592854469131e-06,7.490949501777129e-06,7.923248376095448e-06,8.322479757749521e-06,8.125830365593213e-06,3.3745751245791527e-06,1.0413245044044468e-05,1.8446087415305274e-06,7.22675653821775e-06,2.5467020001172466e-05,8.737355615039224e-06,7.145566221789662e-06,7.847895548701282e-06,6.198857852027929e-06,8.263268122357765e-07,6.8919577697878286e-06,7.125878101906576e-06,4.741735142188244e-06,1.4888636462002303e-05,8.207545528672439e-07,2.942809615029347e-06,2.28695330259795e-05,2.2204406927638066e-05,6.467489472660868e-06,0.00013430334904260263,0.00012130061139791791,0.0001232763196718369,0.00011946578116897903,0.0001058552859888084,0.00011083886739765269,0.00010792505184954535,0.00010371693340644391,2.8924685778163775e-05,0.0001291616763625194,0.00011074055949180308,6.607381243084696e-06,9.356552278722102e-06,-3.321046798298336e-05,4.96941140061227e-05,1.2600705762364869e-05,1.8911348897648263e-05,4.298454116485809e-05,5.949087129990286e-06,2.84744687066406e-05,-8.764335541756573e-06,1.2449238563534078e-05,1.0126196056801777e-06,-3.6005338702667518e-06,-4.7873183617240774e-08,-1.159946500714987e-05,-4.5514504454474915e-05,8.46073920230607e-05,-8.298411783079029e-06,7.804390453252673e-05,-9.339095017022906e-06,-3.9083641690897106e-05,-0.00012863170317690416,-4.2366015868269486e-07,-8.313031238880041e-07,-5.191880023436842e-07,-3.0886618059824534e-07,1.3865391990575e-06,-9.656865780216908e-07,-5.100450232245947e-07,-5.177772231054863e-07,2.141783357692743e-07,8.421656290239045e-08,1.809825385381272e-07,2.2786686017827458e-07,-6.229509518737304e-07,-5.259721763602158e-07,5.081573314862931e-07,1.3035105292110164e-07,-9.473450882228762e-08,4.733756613617242e-08,6.085599392645364e-08,-6.131506069911074e-07,-1.539411887731329e-06,-7.114612397348221e-07,-6.070523545071236e-07,-4.0801257310523185e-07,1.262559600813471e-06,1.0998758216704777e-07,-6.438859431245101e-07,9.498423531652319e-09,-5.278934018732208e-08,3.0279735548160856e-07,1.277040643897144e-07,-7.02920329296041e-07,-8.776178307336512e-07,-4.791598378107697e-08,-4.906617773562593e-07,-7.005373884694752e-08,1.3000433016753918e-08,2.2667061546077985e-07,-5.008086528254901e-07,-7.798262898907e-08,-7.169362805458602e-09,2.5955238162148695e-07,-5.2339544479054284e-08,1.708981364864084e-07,3.135877073581088e-07,-4.1865728984831727e-08,-7.755582380518758e-08,1.4314740444023238e-08,2.5520002071992075e-07,3.589478957270326e-07,1.7137844849541753e-07,2.2456510945255713e-07,-4.355297625520454e-08,-5.432773482123595e-07,-8.083023445845133e-08,-3.143661430881181e-08,-9.325809158888534e-08,1.6686465210461343e-07,2.9601525029342528e-08,-6.118757448319501e-08,1.324990636337475e-07,3.450253889768438e-08,1.965396513389404e-07,3.065273751514588e-08,6.61882524529991e-08,-4.6540501263519477e-07,5.086048610412862e-07
7800.000000000053,-0.01873333080432703,0.3232170316733841,-0.4106424985333333,-0.005312365404002778,0.3405765714624141,-0.3981606005999999,-0.0038403600646949826,0.34003800530493383,-0.3855991353000001,-0.004774090187455573,0.3397591276177339,-0.3895296226,-0.02600801269248436,0.34757611286441914,-0.4147746602,-0.0251494894096495,0.34626332835838736,-0.4282234692333332,-0.020007895722133965,0.33578495067026687,-0.4072084300999999,0.0373361797043116,0.3309901078312593,-0.2795985505333333,-0.08656506713895282,0.28853999911940265,-0.3019607185999999,0.008028458366427718,0.31598307203441456,-0.3539769616999998,-0.02155007421184584,0.2864970212342368,-0.3884575299666666,0.11514793662260056,0.20206961446906072,-0.1306734523333333,-0.15685458431177182,0.22661942767975926,-0.1235403584333333,0.16045874576088026,0.028577478720067516,-0.0686466737166666,-0.17925642383178325,-0.028744943262896765,-0.1377525996,0.19728222709221496,-0.16592424013317794,-0.0337692973299999,-0.22301769009051392,-0.2201795817605029,-0.1885559871333333,0.1993377349468221,-0.20657545440556782,-0.020735971105,-0.21663889677836637,-0.2575252754284895,-0.2310158625666666,0.17331595209084416,-0.218810706026699,-0.0513682077333333,-0.18972315403245532,-0.2435566561126838,-0.2560825614999999,0.19313882555442627,-0.19630720037064056,-0.0436985689566666,-0.21134138392961946,-0.22686533711113166,-0.212777436,0.08279687622953942,-0.17577808062708622,0.04220901436,-0.08093443829014252,-0.18353152098378825,-0.0404662326999999,0.09211195328309207,-0.5226048770365803,0.0811657622066666,-0.02594923456101491,-0.4555883420825129,-0.009226198548,0.08822061300486915,-0.7915736564404022,0.2891289970333333,-0.05274062368020139,-0.7884860703309374,0.1963928841,0.07098563663963044,-0.8228163199334239,0.3136346902999999,-0.05531722664119679,-0.8175921294100753,0.1770336802999999,0.09747318957543001,-0.8651386509809912,0.2587964222,-0.047052297113653004,-0.8509627559222752,0.0844020992666666,onweer_g_ch1_g19_compr.mp4,ch1g19,6.2510099612304065e-06,1.7825332300944153e-05,7.136517313843746e-06,3.398684831565248e-06,7.986541498146364e-06,1.9205663011096078e-05,7.224562840448808e-06,3.0488716144400746e-06,1.6263661158256466e-06,4.0348771267174135e-06,9.996814389160635e-06,2.8701427253297983e-06,6.782482090297011e-06,7.27879804203893e-06,8.859882820884346e-06,8.725397817859584e-06,3.6320851209888387e-06,1.102271125540456e-05,2.398517714272168e-06,6.519142012336835e-06,2.3624808745632454e-05,7.900328414716595e-06,6.461963757075259e-06,7.328505826942987e-06,7.841337393379631e-06,9.821883554893632e-07,6.152571747108973e-06,7.678985182705018e-06,4.690407597653935e-06,1.5521404870449845e-05,9.884639326678094e-07,2.2813998222930567e-06,2.173706974523553e-05,2.1604579775117115e-05,8.199967033012453e-06,0.00012201362986678634,0.00011165833259009467,0.00011337790995453774,0.00010968533529744495,9.621005114748164e-05,0.00010059619354777427,9.767355788471105e-05,0.00010017655016994102,1.7715719739670924e-05,0.00012077564528353436,9.917686285129784e-05,1.603469980799111e-05,5.7026366599700335e-06,-2.3544041514830897e-05,4.5462680731513794e-05,2.206067919293151e-05,1.4156440658004092e-05,5.486279801165282e-05,2.894807364057269e-06,4.301005458543046e-05,-1.4093922569198173e-05,2.200455978204845e-05,-2.939613572426927e-06,-3.156231562531629e-06,-4.4673715891143244e-07,-1.9566001949243608e-05,-4.7798607787066205e-05,8.418296163277306e-05,-1.5257819444444938e-05,7.76698738753333e-05,-1.834599378755136e-05,-4.081702515857819e-05,-0.00012942598214745477,-4.122945614862499e-07,-1.3516390320728241e-06,-5.61919983032089e-07,-2.459412684417413e-07,1.464893840745403e-06,-1.4961673120966075e-06,-5.62978663252601e-07,-4.930970082701587e-07,4.7487462452575214e-07,4.272372312841975e-08,2.9805999129399887e-07,5.995204515130983e-07,-6.292260300604571e-07,-5.783909615696919e-07,4.7299613427102393e-07,4.346132567622673e-07,2.758197820705844e-07,1.461401895405626e-07,3.395599143028344e-07,-6.194048713008487e-07,-2.1041146859955417e-06,-7.571252320579868e-07,-6.002427090353113e-07,-4.925936668308454e-07,1.294180778334978e-06,1.350807694993935e-07,-6.789280085817123e-07,8.514627501528981e-08,1.2412068067163027e-08,4.3675991285543874e-07,1.5404526304094716e-07,-5.485592920022391e-07,-1.3762893133534327e-06,1.177139559165206e-08,-4.745237983450846e-07,1.6720037158469686e-08,6.954634666703076e-08,1.1545612326687641e-07,-4.933919337757307e-07,7.716534000197166e-09,3.816239633316838e-08,2.009154429919795e-07,-6.576834199744606e-08,6.46919744356404e-08,3.079981413552065e-07,5.112811334410236e-08,8.026485816310656e-09,-2.8205886359213946e-08,1.9939870308253413e-07,3.099553060703327e-07,6.954908517359566e-08,2.5008258644822663e-07,5.29535547910433e-08,-5.225890674010233e-07,2.4067023638053237e-08,5.9133827811900045e-08,-2.583994865947184e-08,7.971399102715886e-08,1.7683477724476627e-08,2.9632843977981972e-08,5.40906047961859e-08,3.341629790279468e-08,5.395148492477932e-08,1.8715598659856293e-08,1.4965664080781187e-07,-4.783249848783051e-07,4.834572319069221e-07
7816.66666666672,-0.018774363558661456,0.32331168889350537,-0.411126828,-0.0053489878290211516,0.3406604848008511,-0.3986099222666666,-0.003874431263227699,0.34012202766375504,-0.3860403477333334,-0.004812393060507957,0.3398394818150811,-0.389969637,-0.026047778226344714,0.3476399951507671,-0.4152049580333333,-0.025191912748426026,0.34633286881410835,-0.4286596053666666,-0.020046915223845645,0.3358532695488671,-0.4076331360666667,0.03737657807663385,0.3310581626198412,-0.2799347972333333,-0.08656452575298619,0.2885171415409187,-0.3022543599666666,0.00801944920314761,0.3160772669040601,-0.3544292784999999,-0.02156625839364017,0.2865688771011221,-0.3888976218666666,0.11514417559085169,0.2020789459450753,-0.130760872,-0.15676861367807757,0.22661113464148372,-0.1237297278333333,0.1603418132237397,0.02852891914295532,-0.06822998907,-0.17928004512464185,-0.02871454103934628,-0.1378892273666666,0.19744451102297533,-0.16591701205883896,-0.0331456089166666,-0.2232996087146756,-0.22016947774900966,-0.1886629521333333,0.19955133938020295,-0.20652653965467904,-0.0200337144266666,-0.2169828491159169,-0.25752637200948075,-0.2311518341666666,0.17361421228175966,-0.21876161690608098,-0.0506791558133333,-0.19009522685465552,-0.2435718932206232,-0.2561883397,0.1933437600088378,-0.1962987002822463,-0.0430795147433333,-0.2116442412706,-0.22687181372231185,-0.212769747,0.08278055659835004,-0.17578000561721752,0.0421955820799999,-0.08091816870714154,-0.18353312494261761,-0.0404485728399999,0.09216490108788127,-0.5226148678658205,0.0817755341133333,-0.025906730986208357,-0.45564014560203203,-0.0086305658856666,0.088147084072408,-0.7914910958808593,0.2901045790333333,-0.052710454864319814,-0.7885094696955676,0.1969243802,0.07090763788856812,-0.822741070199665,0.3146564203999999,-0.05528932632684316,-0.8176195530389447,0.1775632829666666,0.09747419797110732,-0.8651704062978629,0.2600671187333333,-0.047060806517658975,-0.8510900417657119,0.0849654500833333,onweer_g_ch1_g19_compr.mp4,ch1g19,6.0521702674029066e-06,1.6108390366870406e-05,6.717541235959943e-06,3.524903061412622e-06,9.799186588752448e-06,1.7359469950083217e-05,6.800974312755362e-06,2.398605312250453e-06,2.146605865278072e-06,4.041369134496992e-06,1.091329762697415e-05,3.763882730538604e-06,6.358397851811015e-06,6.847648581004119e-06,9.135975534341782e-06,9.177216718721499e-06,4.018946661770327e-06,1.1829471291893654e-05,3.008726110798847e-06,6.103889834393014e-06,2.1210828219719947e-05,7.306657542242439e-06,6.0613050687358405e-06,6.9754695116618525e-06,9.421600313910139e-06,1.1368782940671882e-06,5.695832446380453e-06,8.37301825355047e-06,4.841253978918315e-06,1.644722008589549e-05,1.1625158918637094e-06,2.0257575787174935e-06,2.0089070505983796e-05,2.0627134203330822e-05,9.890348087144071e-06,0.00011378924762504496,0.00010568032156892351,0.00010709412023747055,0.00010348753650454016,9.089809554976756e-05,9.483700161137736e-05,9.195173961847289e-05,9.759386347626316e-05,1.201832611320423e-05,0.000115353746602197,9.224787948424369e-05,2.5692518546024358e-05,6.781292281402683e-06,-1.5391945999896144e-05,4.856750874395012e-05,2.942969858286145e-05,1.3744435220608648e-05,6.465606628231507e-05,3.9519855125491285e-06,5.565641369916392e-05,-1.4293654284671864e-05,2.946377837469095e-05,-3.2642961639170216e-06,-2.5862564246481988e-06,-9.486736848078607e-07,-2.5124405945480185e-05,-4.9509928178367766e-05,8.737493412446648e-05,-1.5188357535233671e-05,8.080503988027452e-05,-1.941544722225056e-05,-4.0931635530989934e-05,-0.0001239656702269028,-3.2276312620703325e-07,-1.864402067595961e-06,-4.7512665649753073e-07,-1.0538581604300436e-07,1.5303288328697984e-06,-2.027884131888613e-06,-4.878481586598272e-07,-4.3063996648089086e-07,6.929872987517785e-07,-2.4070941561801976e-08,2.890851237173519e-07,9.354048369074009e-07,-4.98769566899124e-07,-5.006293581644645e-07,4.3792459343775306e-07,6.584705973795094e-07,5.631253191525492e-07,1.4536401902210448e-07,6.260053558735065e-07,-4.85506386273993e-07,-2.664388849122707e-06,-6.571757566182798e-07,-4.6065022151947974e-07,-4.6329364514458514e-07,1.3339453733270547e-06,1.473155044670938e-07,-5.774492820598648e-07,7.915490454889757e-08,4.027191412484197e-08,3.9790020705221454e-07,1.671093435246327e-07,-3.258636941970471e-07,-1.8969250973315281e-06,4.277119015957963e-08,-3.8923176138712924e-07,8.647465878656016e-08,9.56797385874328e-08,1.798946015902858e-08,-4.14124207346394e-07,7.720059815268857e-08,8.573504465491606e-08,1.1774667289550836e-07,-6.679751427635147e-08,-6.56182105430497e-08,2.7461931246811874e-07,1.2135735706214608e-07,7.726782770836944e-08,-5.3470581433917137e-08,1.2383573473372274e-07,2.5443688660069737e-07,-4.8349416265475285e-08,2.546432558435428e-07,1.2591438826380974e-07,-4.26906494965545e-07,1.110141451995754e-07,1.267537338113411e-07,2.868136737214812e-08,9.026129836381388e-09,2.2876853646539493e-09,9.87211103678364e-08,-3.5775824075985445e-08,1.5338655460811495e-08,-1.181393824817386e-07,3.295994871979616e-09,1.9778523055799408e-07,-4.2927328230565414e-07,4.059494908432373e-07
7833.333333333387,-0.01882262236356903,0.3233822537520917,-0.4114728220333333,-0.0053957807659662065,0.3407252291886115,-0.3989305207333332,-0.003920164031246662,0.3401861178148733,-0.3863548198666667,-0.004860796553816414,0.3399013672904752,-0.3902863135,-0.026097797756191764,0.34768527925702875,-0.4155151614666666,-0.025244113672113884,0.34638268829983976,-0.4289749387666666,-0.020096022181044615,0.33590112460961613,-0.4079411887666667,0.037389101634624736,0.33111706312626316,-0.2802038347333333,-0.08658126301171133,0.2884818107613424,-0.3025047163666666,0.00799955208777429,0.31615113884769336,-0.3547594663666666,-0.021591887605297722,0.2866183916499216,-0.3892179163666666,0.11511892253667909,0.20208577203890496,-0.1308333999333333,-0.15668301361078626,0.22659684099434846,-0.1239709199999999,0.16019293399807785,0.028480581036723247,-0.06790836017,-0.17930505667036498,-0.028691192783380715,-0.1381155412333333,0.19754545083572408,-0.16591316439676013,-0.0326566327766666,-0.22358345171726537,-0.22017115839799106,-0.1888844653333333,0.19969841090840368,-0.20648310620516933,-0.019475284377,-0.2173313670750889,-0.2575348956827515,-0.2314172203666666,0.17384743632532865,-0.21872102228277512,-0.0501337459966666,-0.1904713605861219,-0.2435973833098077,-0.2564195948,0.19348747217137208,-0.19629339026349607,-0.0425961115099999,-0.21195072120973715,-0.22688843140162548,-0.20866932,0.08276121046239412,-0.1757828284462378,0.0421852119899999,-0.08089905108808684,-0.1835334557571699,-0.0404347513899999,0.09217187456217776,-0.5226546139137878,0.08239429491,-0.02586853013782736,-0.4556935606166218,-0.0080841737156666,0.08802688544577246,-0.7914511576894669,0.2909883440333333,-0.05274999688638357,-0.7885378968322052,0.1974049387,0.07077890855693282,-0.8227097432465789,0.3155696053,-0.05534497032235708,-0.8176533628784,0.1780362512666666,0.09741398493243546,-0.8652431947263722,0.2611249670666666,-0.047117168009650455,-0.8512196855822827,0.0854304803066666,onweer_g_ch1_g19_compr.mp4,ch1g19,6.050252614877749e-06,1.3896327940828351e-05,6.448378681045467e-06,4.048165161491995e-06,1.1422034939254569e-05,1.500383066811535e-05,6.509866556972189e-06,1.9233821661348802e-06,3.184999919664865e-06,4.1236197432857745e-06,1.1614545695100646e-05,4.991382126689988e-06,6.083493845556252e-06,6.559441468215835e-06,9.483332639045901e-06,1.0026119481261609e-05,4.743228026713811e-06,1.2311215950449102e-05,3.928922054623755e-06,5.828684043697202e-06,1.8256565154634892e-05,6.830322432522954e-06,5.821412495157941e-06,6.742613738362976e-06,1.0772916502374176e-05,1.3427776087075613e-06,5.356098230732884e-06,8.763456662363149e-06,5.1209739838847004e-06,1.7289211296939963e-05,1.3899842874767185e-06,1.8557277463135976e-06,1.7882824497680585e-05,1.93965806788123e-05,1.1467003029494447e-05,0.00010847183530461898,0.00010246613005370742,0.0001036688633374359,0.00010039778853135509,8.921531979545957e-05,9.249051449980608e-05,8.948607718891261e-05,9.631990323884907e-05,9.9113734695496e-06,0.00011244351172975695,8.802022364741419e-05,3.613787035379666e-05,1.0392166338823324e-05,-3.796216793350413e-06,5.7760087995090424e-05,3.9183634631646924e-05,1.4364670012307746e-05,7.579209335254901e-05,5.338037647488479e-06,6.820755358350214e-05,-1.5481916966260687e-05,3.963042448590592e-05,-2.8419029191259546e-06,-2.0319368019688655e-06,-1.3603985683177814e-06,-2.6621709274792268e-05,-5.101991175781744e-05,9.397763388220458e-05,-9.11438186998193e-06,8.776639980237473e-05,-1.3856766008051758e-05,-3.68931664418117e-05,-0.0001102902446891124,-2.0731341810053543e-07,-2.3066235099328735e-06,-2.710858793339876e-07,4.351791439045866e-08,1.5341197537469033e-06,-2.50403390906869e-06,-2.9504485340254304e-07,-3.373913229804836e-07,7.727115899984027e-07,-9.552755555179602e-08,2.2972027905292953e-07,1.1658048880367137e-06,-2.5304466925533617e-07,-3.041023924280529e-07,3.2695963078091905e-07,7.233908462056254e-07,7.221341932551024e-07,1.1202025411664017e-07,8.774802590387865e-07,-2.3377611614260394e-07,-3.1735273008215005e-06,-4.2062808630925037e-07,-2.1020320767077032e-07,-3.224897633251104e-07,1.3353285287803114e-06,1.4604904727339981e-07,-3.5342988125818417e-07,6.886516816932067e-08,2.770837789954812e-08,2.502103648156061e-07,1.6609580271709566e-07,-7.533731227591404e-08,-2.3934973350481032e-06,5.127210994887368e-08,-2.3823044894357177e-07,1.3338924699151956e-07,9.265421589302161e-08,-5.216192051248456e-08,-2.6623270942443667e-07,1.2499148456934478e-07,1.2140533438492866e-07,1.3684724924187345e-08,-5.96987926153302e-08,-1.8361442993353511e-07,2.1213618396612434e-07,1.6505017987890516e-07,1.246474458034462e-07,-6.679177827334354e-08,2.889054050189503e-08,1.9366381428659605e-07,-1.4712449901769513e-07,2.316849783477945e-07,1.7128220827806953e-07,-2.613647653889172e-07,1.737352927157952e-07,1.6727216743415774e-07,6.70963727392897e-08,-3.5284945724720636e-08,-1.6140521831680146e-08,1.4446655891730775e-07,-1.0697474742141869e-07,-9.903508532032595e-09,-2.843269879155576e-07,-1.5213178422211794e-08,2.146901740016953e-07,-3.148428075712851e-07,2.8503208373338997e-07
7850.000000000054,-0.018872361358870524,0.3234750879535861,-0.4111590542333333,-0.005445905169192344,0.3408174176715745,-0.3986057211333332,-0.003969613322742344,0.3402798158042519,-0.3860278625666666,-0.004911712511061403,0.3399924312970634,-0.3899706165,-0.026149324308481586,0.3477663779887091,-0.4152072071333333,-0.025298380340567497,0.3464645264778544,-0.4286618782666666,-0.02014667220544383,0.3359785551798225,-0.4076356871666666,0.03737274005031053,0.33121740063997795,-0.2799335733666667,-0.0866080730793466,0.2884917726347228,-0.3023260941666666,0.007973182380740091,0.31625320396576057,-0.3544615335333332,-0.021622111523065774,0.2866924146899761,-0.3889249088666666,0.11507605734520288,0.20212142479163478,-0.1304754014999999,-0.15659477401535735,0.22660432815645945,-0.1239970337666666,0.16000938337464957,0.02848560454967514,-0.0671911119,-0.17933473862762273,-0.02862520549463835,-0.1383987138,0.19761425015863923,-0.16587474472440192,-0.0315382453699999,-0.22384443459737155,-0.22016519184728217,-0.1890473732666666,0.1998065444086214,-0.20641021616245878,-0.018208586924,-0.2176660748613727,-0.2575341247336997,-0.2315783128333333,0.17405616416887626,-0.21866100836780542,-0.0488706279033333,-0.19082001826517797,-0.24362118306280373,-0.2565048602333333,0.19360583415040364,-0.19625170209484782,-0.0414744392666666,-0.2122385812447472,-0.22689913279280063,-0.20720616,0.08273539857442,-0.1757871100488919,0.0421835192166666,-0.08087415893597734,-0.18353243994644858,-0.0404289942033333,0.09215996255594716,-0.5226927942015074,0.08291353754,-0.02582272855347782,-0.4557472978902078,-0.0076581257,0.08784625228385912,-0.7913724970240291,0.2916631322,-0.052816118798435695,-0.7885570334254944,0.1978385302,0.07057437682622161,-0.8226343878939635,0.3162611205,-0.05543810502164726,-0.817679895449997,0.1784541016666666,0.09728544661228822,-0.8652843131334549,0.2619749541333334,-0.04726139576371129,-0.8513350110263291,0.0858434961633333,onweer_g_ch1_g19_compr.mp4,ch1g19,6.128847941867286e-06,1.1311651177686363e-05,6.408204421351369e-06,4.526564911759162e-06,1.258426265218892e-05,1.220671943094348e-05,6.435169857661656e-06,1.7195277469618568e-06,4.328280189759753e-06,4.0453821024925885e-06,1.1940573851877603e-05,6.228773304249486e-06,6.06197387112755e-06,6.48674702611901e-06,9.930406634641715e-06,1.0860090028297169e-05,5.403008092444277e-06,1.2446102573982735e-05,4.897128220374293e-06,5.819344604600173e-06,1.4716874608399428e-05,6.6120182322691765e-06,5.841805986532065e-06,6.691466428296718e-06,1.1725948604122452e-05,1.5334973781067815e-06,5.2650608332150866e-06,8.87186397821322e-06,5.296882948779258e-06,1.7673595913925622e-05,1.5986476017280636e-06,2.012650012677474e-06,1.527405718020522e-05,1.8048994117215397e-05,1.2707467704987787e-05,0.00010576884142141255,0.00010146174768167993,0.00010247229747841474,9.969070979090857e-05,8.973080076070935e-05,9.245972452621175e-05,8.952783265625623e-05,9.468902791012784e-05,9.447044373519456e-06,0.00011113177160369622,8.613194885473757e-05,4.683215854233617e-05,1.3236305726849263e-05,1.1677134278147356e-05,6.704471284321229e-05,4.593691159231013e-05,1.6733740407824034e-05,8.208846703789277e-05,8.748807842385258e-06,7.343039740420603e-05,-1.5206734891829067e-05,4.5642156164083144e-05,-1.4407116065768218e-06,-1.2544633475166784e-06,-1.9401193498617985e-06,-2.572009739914282e-05,-5.239268242734475e-05,0.00010629653705391421,4.845022755369294e-06,0.00010102035237486496,9.97459092672502e-07,-2.893892528764983e-05,-9.184798637222715e-05,-1.3931036457839705e-07,-2.5700842890029005e-06,-7.360260379678664e-08,1.581312484017496e-07,1.416309270621585e-06,-2.8144093451986153e-06,-1.0576722843132247e-07,-2.2836023226621058e-07,7.18072967001659e-07,-1.6738456996142386e-07,5.0618556624022e-08,1.2902467592694268e-06,-2.4174722521648613e-08,-1.148336798664051e-07,1.742805524348562e-07,6.284808222497717e-07,8.016451517962258e-07,-1.7824734481638465e-08,1.0717367738368698e-06,4.725683381874492e-09,-3.499374597095318e-06,-1.7066510652272795e-07,1.620743027105273e-08,-1.9378301660239825e-07,1.2475556375004654e-06,1.2105014319565712e-07,-1.3840242593619124e-07,-1.0813343070426125e-08,4.917950285350144e-09,-6.38732337283955e-08,1.413694415409686e-07,1.83614002242581e-07,-2.76908666526657e-06,4.323275455941213e-08,-4.260478677545638e-08,1.4914846680486103e-07,7.677772105718696e-08,-8.585908826484256e-08,-6.910611567741009e-08,1.4270676118636217e-07,1.374868516511396e-07,-8.62615964741183e-08,-3.963401871135895e-08,-2.6339319930470823e-07,1.3742629914071536e-07,1.735905866834364e-07,1.4227621613025894e-07,-6.836618021591941e-08,-6.01063706224535e-08,1.419663789416876e-07,-2.0962335294212368e-07,1.905866961042301e-07,1.7914348429036667e-07,-3.996760508670732e-08,1.997456818089965e-07,1.7246099216178128e-07,8.423344126032914e-08,-5.0149452156252307e-08,-3.3125616341091365e-08,1.5865318207413622e-07,-1.4562064221377516e-07,-3.192363504009176e-08,-4.082658851440884e-07,-3.228770581440883e-08,1.9003245272075096e-07,-1.53252687165644e-07,1.8327381794185768e-07
7866.666666666721,-0.018900551157502804,0.3235815025104836,-0.4110861041333333,-0.005476220639500618,0.34092272164404963,-0.3985015885999999,-0.0040011044306850875,0.3403868916866891,-0.3859152604333333,-0.004946609751099552,0.34009670277732634,-0.3898689856,-0.026184168543860926,0.3478641752188521,-0.4151270468333332,-0.02533586593061891,0.34656296774005724,-0.4285872363666666,-0.02018199514435642,0.33607299773211846,-0.4075571242999999,0.03736083655361547,0.3313186224079101,-0.2797958568333333,-0.08663032006936004,0.2885138192204588,-0.3023254097333333,0.007960430268688382,0.3163650077712721,-0.3543773439333332,-0.021639969485042744,0.28677843557480703,-0.3888696503999999,0.11503335614165114,0.2021594457792493,-0.1301686516666666,-0.1565015607293492,0.22661520321133266,-0.1242086814333333,0.15985196151291614,0.02850704374837836,-0.06641886369,-0.17931861258622195,-0.02856712578536681,-0.1389493162,0.1977858221173325,-0.16582475075174566,-0.0302887898966666,-0.22399866871336177,-0.22016033369715787,-0.1895814472999999,0.20003413626591363,-0.2063259883199365,-0.0168006372306666,-0.21788784627642324,-0.25753404614698167,-0.2321430270999999,0.17438162523148915,-0.21858607307238823,-0.0474761795966666,-0.19102483475233056,-0.2436446137157698,-0.2569795844,0.19383463266383072,-0.19620062304350827,-0.0402194478233333,-0.21240604630209312,-0.22691110529190991,-0.206289262,0.08270877314684015,-0.1757890813729724,0.0421969315033333,-0.08084882899870902,-0.18353377023295675,-0.0404363808333333,0.09216056099610538,-0.5227187841294304,0.0838194663066666,-0.025773346655673886,-0.4557968660916714,-0.0071032279706666,0.08767398195441953,-0.7912890760495452,0.2927214593333333,-0.05288891311244493,-0.7885681068837467,0.1983368757,0.07037820627009686,-0.8225575741150132,0.3173383586333334,-0.05553767895533347,-0.8176987560336298,0.1789411625333332,0.09718843927970593,-0.8653338378582525,0.2631624435666667,-0.04743816459606121,-0.851439735710103,0.0862755153466666,onweer_g_ch1_g19_compr.mp4,ch1g19,6.001246652375532e-06,8.649857026799864e-06,6.467135286209351e-06,4.461288298921064e-06,1.369551644066188e-05,9.281687952870882e-06,6.461636051989515e-06,1.6431413836650283e-06,5.147118675484211e-06,3.8416902760756145e-06,1.1767005757590267e-05,7.304669755592719e-06,6.1770953598898635e-06,6.500311156730287e-06,1.0211197090935226e-05,1.1393890787963347e-05,6.34263430717884e-06,1.2222706736698048e-05,5.8001530988865935e-06,5.972422703302871e-06,1.1106232086966795e-05,6.592265148560099e-06,5.99610939776292e-06,6.574939378430913e-06,1.2688750950456845e-05,1.6391814348314659e-06,5.245740772283383e-06,8.674367283538849e-06,5.2587978817832274e-06,1.7431941368282106e-05,1.7273319353479187e-06,2.345029761277962e-06,1.2392638766087607e-05,1.6560081934272613e-05,1.3951565383613525e-05,0.00010227064110087056,9.886566313425077e-05,9.942468063588518e-05,9.721668910151255e-05,8.776321430977607e-05,9.023641815424507e-05,8.770925190067806e-05,8.783491870155283e-05,5.5789571836400576e-06,0.00010681988904974503,8.283918163384655e-05,5.008956362775884e-05,1.04317851112814e-05,2.1144386325782196e-05,6.766352902931227e-05,4.8829831218253234e-05,1.8198249115024325e-05,8.426954447154565e-05,1.1349560509431093e-05,7.472804505410806e-05,-1.135509277446103e-05,4.780107848875821e-05,3.09306430445157e-07,-4.0083421177975873e-07,-2.56192156732521e-06,-1.936905438180946e-05,-5.082027853162991e-05,0.00012159710611814022,2.3707589743112297e-05,0.00011750122789404573,2.2549746705823327e-05,-1.409721698690332e-05,-6.871378499567283e-05,-1.1768910777884393e-07,-2.5113550998583333e-06,9.711284469090782e-08,2.2304853485685173e-07,1.3216373107784347e-06,-2.7826611714798432e-06,6.089765571480204e-08,-8.51651052203825e-08,5.819780251850372e-07,-2.0730211845222305e-07,-3.4881762570607193e-07,1.3470399032799717e-06,1.603028962795095e-07,5.021159309037982e-08,8.0165384959672e-08,4.468573316917005e-07,8.793932263172335e-07,-3.5384509331787346e-07,1.21491702711935e-06,1.9681017234763547e-07,-3.4289282263846267e-06,6.082918620389491e-08,1.933115651920908e-07,-8.513782765304681e-08,1.2086521497325536e-06,7.950691682435439e-08,4.2354725581948586e-08,-2.64964502898259e-07,-5.802000619298474e-08,-6.297403118257418e-07,1.0093067887301919e-07,3.5720344528738356e-07,-2.84319142044757e-06,3.322651841425515e-08,1.6746528170353742e-07,1.4479440247971377e-07,7.162791919046376e-08,-9.347132124542503e-08,1.5069422140277324e-07,1.4101599373420167e-07,1.381942611683605e-07,-1.5511297983397543e-07,-8.241283180444208e-09,-2.824637124460639e-07,6.80654801489537e-08,1.5862960223858692e-07,1.414534436997664e-07,-5.04057350584221e-08,-1.2035951080883546e-07,9.434667455264092e-08,-2.1816127017075244e-07,1.4224697450732586e-07,1.6083491821873744e-07,2.079995520393357e-07,1.9793879551021914e-07,1.5415687616025386e-07,9.546069792690774e-08,-4.7770849355484084e-08,-4.4257068584503085e-08,1.5568923515687915e-07,-1.3893994079424042e-07,-4.0308204958750947e-08,-4.573900497566999e-07,-4.36550104344767e-08,1.369919988440544e-07,4.345033160578865e-08,2.3456390314429805e-07
7883.333333333388,-0.01893412183813507,0.3236856002270036,-0.4110166627333333,-0.005514558186694771,0.34102322103045335,-0.3984028306666666,-0.004041476254514339,0.3404888268892748,-0.3858082869666667,-0.004990472961307682,0.34019692955560105,-0.3897724260666666,-0.02622663593098883,0.3479609416718388,-0.4150484521333332,-0.025380745283697485,0.34666124204157206,-0.428513268,-0.020224939299862927,0.3361678048767061,-0.4074798418999999,0.037295595517120556,0.33140369429516503,-0.2796644320666667,-0.08667371321219862,0.2885316183560198,-0.3023416569666667,0.007935154904783349,0.3164708007347572,-0.3542984691333332,-0.021666719182711836,0.28686351598017273,-0.3888137339999999,0.11493432752998466,0.20220526315354642,-0.1298656509666666,-0.1564176401590933,0.22662443158390577,-0.1245438413333333,0.1596933785583652,0.028543409992930292,-0.0656613033066666,-0.1792845724147648,-0.02849833838208986,-0.1399597311666666,0.19794824659692073,-0.1657722249450262,-0.0290222143566666,-0.2240550604646555,-0.22015021680273672,-0.1906972512,0.20024766406488176,-0.20624154447470391,-0.015369064731,-0.21801170329443137,-0.25753144259785765,-0.2333414271333332,0.17467780980463396,-0.2185136378253323,-0.0460614817333333,-0.1911052187630654,-0.24366777242947843,-0.2580544459,0.19404976495472465,-0.19614909579662076,-0.03894535384,-0.21247486137493796,-0.22692059467597603,-0.199701265,0.08267684097054988,-0.17578858717762536,0.0422206434733333,-0.08081903543704959,-0.1835371949136671,-0.0404536291766666,0.09215619363494133,-0.52274192454921,0.0849504480566666,-0.025726599175141064,-0.4558404949975222,-0.006559617964,0.08749360244069272,-0.7911902310060244,0.2938471983666667,-0.052977310295781614,-0.788565099047363,0.1988423955666667,0.07017071064559159,-0.822465588380237,0.3184676799000001,-0.05565362440064885,-0.8177011583409576,0.1794453293999999,0.0970800103897005,-0.8653694804063997,0.2643879707,-0.04763167952824922,-0.8515296087819021,0.08673306047,onweer_g_ch1_g19_compr.mp4,ch1g19,5.7933909431065146e-06,6.2623113191419545e-06,6.584381350458269e-06,4.61826301223237e-06,1.4875498565258128e-05,6.564100017847748e-06,6.53597884151961e-06,1.6491574924702526e-06,5.542377940478591e-06,3.5152455217583428e-06,1.0854439213725324e-05,8.530067085239968e-06,6.375061361096014e-06,6.5584582006328945e-06,1.0379568357435124e-05,1.1616530112500322e-05,7.4339232883168605e-06,1.1255193032187648e-05,6.962743805154777e-06,6.2067536078712254e-06,7.661347484016262e-06,6.712820913820072e-06,6.238903182677014e-06,6.4206552559904655e-06,1.3800670427943933e-05,1.6833341315531317e-06,5.270409000333522e-06,7.934725072486002e-06,5.2886827341189346e-06,1.606576019628111e-05,1.7967075460982666e-06,2.7940573285919365e-06,9.502992850020505e-06,1.5206584020437118e-05,1.5457629364069623e-05,9.897009495902989e-05,9.542300825065848e-05,9.542945700691511e-05,9.409388001176538e-05,8.494820844263299e-05,8.715985779598828e-05,8.492978423140152e-05,7.817631077829133e-05,7.21844373937619e-07,0.00010092662443759509,7.901533411157943e-05,4.7095710117845035e-05,6.465319946378929e-06,2.8841069068486767e-05,7.102515252014803e-05,4.923336189928355e-05,2.2788905464640162e-05,8.297241843211662e-05,1.665986219134986e-05,7.173422774905464e-05,-2.8985605836539212e-06,4.8008515735049744e-05,5.728497481360167e-06,2.299115835018101e-07,-2.9174277195854426e-06,-9.266483971471925e-06,-4.535561742879788e-05,0.0001459882122919654,4.98745582600791e-05,0.0001441540081127241,5.273162883283673e-05,1.4753209292607051e-05,-3.954676026464707e-05,-1.0868635965822637e-07,-2.100617659220581e-06,2.395654516320373e-07,2.6691519547849394e-07,1.2542582184543619e-06,-2.3957357419622846e-06,2.0313228920182975e-07,6.58411815269994e-08,3.6576650514478736e-07,-2.086686203346148e-07,-7.51299410384969e-07,1.3908788527625542e-06,3.006448923868201e-07,1.911432641583162e-07,9.703554828436743e-08,2.694995850469533e-07,9.747238988594374e-07,-6.903254428631652e-07,1.338434890639401e-06,3.3905333077479127e-07,-2.957168915320867e-06,2.599088556388515e-07,3.270991270375242e-07,1.688831432563869e-08,1.2014263408542748e-06,2.3516769892160878e-08,1.8777390770426994e-07,-5.056222468050883e-07,-1.1132397706724978e-07,-1.2089668912550165e-06,4.5508375143541694e-08,4.5291245227435016e-07,-2.5874096957440927e-06,2.6700655488192026e-08,3.5464518480791047e-07,1.2172788764941905e-07,6.075172211233527e-08,-9.512686439513212e-08,3.543082629772402e-07,1.215115294095123e-07,1.250169760243919e-07,-1.775552866905224e-07,3.1682031719723815e-08,-2.3104973447794221e-07,6.526161644284005e-11,1.2352666432389467e-07,1.2325484188841882e-07,-1.9104227286445314e-08,-1.4871948554774707e-07,4.7583507055382187e-08,-1.6271018288292163e-07,8.077480546785187e-08,1.208939329462176e-07,4.406784020995933e-07,1.6984647461312707e-07,1.1590782589681533e-07,9.874547855432815e-08,-4.8642207025020813e-08,-4.873171224917856e-08,1.3696997693473882e-07,-8.182909327330545e-08,-3.771311182474794e-08,-4.105445761813694e-07,-4.8797919372312943e-08,6.636844162612285e-08,2.4018225029792587e-07,3.694928292310892e-07
7900.000000000055,-0.018961316055415716,0.32381544010304325,-0.4110563664,-0.005549130728355705,0.3411469306679944,-0.3984055049333332,-0.004078306124971826,0.3406127103191431,-0.3858051954666667,-0.005031192490702699,0.34031972089506607,-0.3897744148666666,-0.02626513376415939,0.3480768327698924,-0.4150701223999999,-0.025421171822953847,0.3467798386974138,-0.4285463833333333,-0.020263558473235695,0.33628367042042734,-0.4075043622333332,0.037230770836161664,0.33150145233628164,-0.2796353688333333,-0.08671666827260191,0.28855747282311406,-0.3024391572333333,0.007912608423712032,0.3165989250118355,-0.3543330457999999,-0.02168984659093427,0.28697278459011155,-0.388879288,0.11483659075556074,0.2022730708883317,-0.1296144313,-0.1563313441221338,0.2266522743438432,-0.1249574652999999,0.1595372711726116,0.02860317560211252,-0.0650472360133333,-0.17923860042818185,-0.028395722073653436,-0.1407989307666667,0.19810222599853142,-0.16569244885584997,-0.0281126717533333,-0.22408428836087418,-0.22010072442675105,-0.1915809064333333,0.20044637426714917,-0.20612728838227842,-0.0143600209373333,-0.21810699717187207,-0.2574905273505755,-0.2342908412333333,0.17494965027462792,-0.21841208860178482,-0.0450609363099999,-0.19115748994973347,-0.24364857686113492,-0.2588952235666666,0.1942519073839484,-0.19607188601413056,-0.03803158856,-0.21251543630940264,-0.22688936559255254,-0.199990913,0.0826439105831557,-0.17578753966609734,0.0422569582233333,-0.08078843259198144,-0.18354097722983093,-0.0404828893466666,0.09215081213266284,-0.5227538602232115,0.0860937669733333,-0.025679739950143582,-0.455881998491814,-0.0060335075706666,0.08731285768581143,-0.7909737927858456,0.2950538099666667,-0.05306167768382395,-0.7884404131428577,0.1993800965333333,0.0699635219074652,-0.8222460195256752,0.3197016748666667,-0.055764138675668096,-0.8175631524836975,0.1800053234666666,0.0969730999815696,-0.865309908627114,0.2658536827,-0.047801950608497165,-0.8514955728695005,0.0874333529566667,onweer_g_ch1_g19_compr.mp4,ch1g19,5.433340555814138e-06,4.161720814110806e-06,6.811714392586774e-06,4.424147856155255e-06,1.589203615749479e-05,4.178858192904179e-06,6.724743559306368e-06,1.758412532857872e-06,5.492508459368627e-06,3.116914851128057e-06,9.454965469315478e-06,9.800761503720693e-06,6.674514605677284e-06,6.727702093111676e-06,1.0189718575785682e-05,1.1587673755032083e-05,8.189609991067178e-06,9.976865706788637e-06,8.16701149732915e-06,6.5633526540282715e-06,4.775476677805432e-06,7.018088912514181e-06,6.569509753320189e-06,6.336169195206288e-06,1.4855189702712993e-05,1.6049184628507573e-06,5.430142722514731e-06,6.878689708054874e-06,4.7592216873346006e-06,1.4164677129924846e-05,1.7414010394754087e-06,3.2036941137545967e-06,6.830007327568723e-06,1.371275833452694e-05,1.695218976713913e-05,9.797299245151384e-05,9.305412407714281e-05,9.247522660630979e-05,9.19514464597538e-05,8.215171213941605e-05,8.437368436758314e-05,8.262405237055586e-05,6.684171366759687e-05,-5.660069922081403e-06,9.575717665065995e-05,7.669985511471819e-05,4.117282997046252e-05,-1.163834271027968e-06,3.0287370827700998e-05,6.830720760500237e-05,4.3656911358114324e-05,2.585065075998272e-05,7.602046008278497e-05,1.998238180833438e-05,6.392178387565557e-05,6.321849692464096e-06,4.226974716746313e-05,1.0703537861066892e-05,1.1767006270870334e-06,-3.578776139452699e-06,3.5413925794213696e-06,-4.017006177448999e-05,0.0001739455963119099,7.619190141101006e-05,0.00017430265002487273,8.413260596879301e-05,4.878255580633841e-05,-1.0593023310267123e-05,-1.3375802873122795e-07,-1.5499686041997325e-06,3.0311574278923845e-07,2.5007709982029644e-07,1.1473902728707404e-06,-1.830655668139537e-06,2.6761267412606763e-07,2.1324771190803395e-07,1.3571318836293934e-07,-1.6120954639498877e-07,-1.0502817532250619e-06,1.3666436613052021e-06,3.5900034849636424e-07,2.5689770298632165e-07,1.7016840257961773e-07,1.544288384929838e-07,1.0733021915661132e-06,-9.236672813082566e-07,1.3791853539210253e-06,3.9273365971900835e-07,-2.2800929472263085e-06,3.678882458935436e-07,3.788605529149492e-07,6.214110509967412e-08,1.1471711380646707e-06,-3.307331608122701e-08,2.5557828973768846e-07,-6.546719167160016e-07,-1.694046864163518e-07,-1.6698086754831259e-06,-1.0689503432029951e-08,4.607847323430438e-07,-2.155960112618767e-06,3.388274284139142e-08,4.926789931098047e-07,8.336998350938305e-08,6.899930608921166e-08,-8.670729230286675e-08,5.104162785105217e-07,8.662461695937446e-08,1.0047386908414188e-07,-1.528806129281581e-07,7.12047526570405e-08,-1.2375889822203274e-07,-5.845620999261729e-08,7.473691812157658e-08,8.975318075585055e-08,2.4966364067480687e-08,-1.4735100068804442e-07,2.1634468559483424e-08,-6.70396003712683e-08,1.7743610942478424e-08,6.59303556269311e-08,6.160754436504974e-07,1.1918381465939565e-07,6.526295947560871e-08,9.176854188950626e-08,-4.907466788098533e-08,-4.4631089141499034e-08,1.0433762211821169e-07,9.231193213348732e-09,-6.2306637657951255e-09,-2.904821366880489e-07,-4.537269292968262e-08,-1.1934591679909803e-09,4.045955998495591e-07,4.981987843776577e-07
7916.6666666667215,-0.019008474128896776,0.32394553369301315,-0.4110508360666667,-0.0056001411242941135,0.3412709623072732,-0.3983679798666666,-0.004132257853716064,0.34073697709258044,-0.3857629298,-0.005088424852901393,0.3404429620079304,-0.3897388467666666,-0.026323134160672668,0.3481937751114356,-0.4150516975999999,-0.02548122833133573,0.3468993979855257,-0.4285378648333333,-0.020322265609967888,0.3364005110019894,-0.4074903093999999,0.037157912313319406,0.33159871798486074,-0.2795879374333332,-0.08677686536125427,0.28858726465828394,-0.3025163998666667,0.00787310806378523,0.316726539660065,-0.3543305066333333,-0.021733644592717635,0.2870827193849151,-0.3889036394666666,0.11472923120288425,0.20233931969450847,-0.1293641026999999,-0.15625165993994267,0.2266802730023582,-0.1253545812666666,0.1593623032032251,0.02865984633582616,-0.06447665514,-0.17920621076931612,-0.028288707961811526,-0.1415819788333333,0.19822057434286883,-0.16561645249538992,-0.02723633676,-0.2241136644950877,-0.22004771294479628,-0.1923838609666666,0.2006082974073251,-0.20602373623360284,-0.0133951540086666,-0.2181954382291961,-0.2574474917797333,-0.2350979372666666,0.17518708558069332,-0.21832191843657617,-0.0441057415799999,-0.191205251311264,-0.24362794886098618,-0.2595960420666666,0.19441787739851657,-0.19599784369970658,-0.03715392662,-0.21255471809174856,-0.22685316953299364,-0.202008516,0.08261005015812799,-0.17578630431078943,0.0422958147399999,-0.08075683582059048,-0.18354480178696303,-0.04051589182,0.09213689585498538,-0.5227478996323217,0.0871978717333333,-0.025656211093079043,-0.45591644415964494,-0.0055603216509999,0.08713830480853631,-0.7907525686451201,0.2961515416666666,-0.05318910407037159,-0.7883085271765925,0.199946516,0.06976560202294715,-0.8220233881816161,0.3208074165333334,-0.05591919868824148,-0.8174199399741037,0.1805922583333333,0.09687817464104892,-0.8652451454880764,0.2671707744666667,-0.04800344923147668,-0.8514557509874798,0.08814098774,onweer_g_ch1_g19_compr.mp4,ch1g19,5.304067749172472e-06,2.7299500428769607e-06,7.207515049362357e-06,4.691155120646666e-06,1.7125520376972398e-05,2.46607412177592e-06,7.081497287675392e-06,1.9637578779944295e-06,5.247659792631806e-06,3.0907041764893646e-06,8.132332927597462e-06,1.1354465754743733e-05,7.1239855346658095e-06,7.080105875538865e-06,1.0065154001784037e-05,1.1928501530493232e-05,9.286671398646252e-06,8.863509783410443e-06,9.785475802667067e-06,7.04998044624134e-06,2.6876157277556126e-06,7.5105720620511585e-06,7.0363311001957455e-06,6.474390912585609e-06,1.6122272563248863e-05,1.5310624129814974e-06,5.779697498310446e-06,6.052182805939376e-06,4.410981761662479e-06,1.2090875982847106e-05,1.6864427469096055e-06,3.6858362830248527e-06,4.7138714861462716e-06,1.2938153090712398e-05,1.885956545862788e-05,0.00010082390718312899,9.397093609550967e-05,9.30514387432276e-05,9.320323849289338e-05,8.226855906639906e-05,8.465775666106574e-05,8.305103566844022e-05,6.0997046575734845e-05,-9.559565618707456e-06,9.472189181287388e-05,7.801237898355604e-05,3.925987740590881e-05,-5.345272918690307e-06,3.665957430592724e-05,7.263568841411011e-05,4.3421997968100786e-05,3.203399617348766e-05,7.340911928078629e-05,2.4681810698007413e-05,5.864302259317468e-05,1.4544193757878606e-05,4.16308906181028e-05,1.8031317647907534e-05,1.7317735951749956e-06,-3.916416739721739e-06,1.6795554885726943e-05,-3.09438427860912e-05,0.0002056560441468197,0.00010659297595902372,0.0002083321434685605,0.00011847280009930089,8.085547850056927e-05,1.6249470363815923e-05,-1.8177278577112472e-07,-9.510027467668103e-07,2.9342361174880805e-07,2.2441639996875543e-07,1.0460449602823147e-06,-1.1966154183673488e-06,2.63669674519671e-07,3.358404160448847e-07,-6.591233925167394e-08,-5.589097164132156e-08,-1.1420795333067886e-06,1.2665231624402213e-06,3.3613153768916914e-07,2.5288217331982034e-07,2.088309018003194e-07,2.952592569404546e-08,1.11523545498849e-06,-9.492140950706024e-07,1.3518799525495444e-06,3.601552603150439e-07,-1.5117997835145548e-06,3.934802283153375e-07,3.480607502338624e-07,6.331150577844122e-08,1.0847134946849373e-06,-8.782335474432657e-08,2.6063729652063147e-07,-6.13783302055261e-07,-1.9010826207779656e-07,-1.913436228727902e-06,-6.543254188786833e-08,3.6676906400685693e-07,-1.6302725305939278e-06,4.6308654625711977e-08,5.574422335662279e-07,3.9728464598089335e-08,7.442998902241556e-08,-8.380400697708262e-08,5.935396519438631e-07,4.596532993235862e-08,6.805141902312462e-08,-9.371504478224024e-08,9.229563172079749e-08,4.397345173423344e-09,-1.1258168977021829e-07,2.429558705134645e-08,4.9996405341890754e-08,6.09637514223676e-08,-1.367112264455111e-07,-5.6162424292737275e-09,3.8547343345022123e-08,-5.256466410260324e-08,9.98915413610222e-09,7.099281518675277e-07,5.934045572388611e-08,1.4642417909613209e-08,7.717765093063243e-08,-5.984038860876831e-08,-3.649886341395144e-08,6.688303232340422e-08,1.0163063946991071e-07,2.9133253634851854e-08,-1.269004549184096e-07,-3.7741275231604806e-08,-5.4923151045420514e-08,5.106376252343226e-07,5.747408397667014e-07
7933.3333333333885,-0.019100676926859423,0.32406126634848953,-0.411774055,-0.005685143174474353,0.3413769920913884,-0.3990559307,-0.004217116661859222,0.3408414779615646,-0.3864423184333332,-0.005177683015718152,0.3405468447421984,-0.3904144206999999,-0.02642272284098088,0.3482813396037094,-0.4157105176999999,-0.025580022634928964,0.3469912985391941,-0.4292162441666667,-0.02042172139631428,0.3364936620886383,-0.4081474674999999,0.03709554434126018,0.33165888437401314,-0.2801690360333332,-0.08684046717880053,0.2885778565478566,-0.3029889554333334,0.007813110013368157,0.3168349052930934,-0.3550265170333333,-0.021801729672044506,0.287175214519866,-0.3895871786,0.11465906675267273,0.20239583750240803,-0.1295901279999999,-0.15619733228696106,0.22667855391611663,-0.1257497210666666,0.15919064231888547,0.028703057825664898,-0.06452070918,-0.17925233310912955,-0.028207168375022233,-0.1419978796666666,0.19828365801345543,-0.16557931787722832,-0.0276700873366666,-0.2241783202716287,-0.22000555321010548,-0.1929009715,0.20071010292310357,-0.20596065263161847,-0.0139698569319999,-0.21829298843412662,-0.25741371717895933,-0.2356514239999999,0.17536571619479097,-0.21827989308508727,-0.0447116571899999,-0.19126062120369194,-0.24359216085037594,-0.2601265760666666,0.19452401623160023,-0.19596807643842878,-0.0376173522366666,-0.21261817355786145,-0.2268249450216308,-0.202870309,0.08258777611882526,-0.1757824804991349,0.0423159401266666,-0.08073783022040933,-0.18355039550053498,-0.0405291565866666,0.09212652042446859,-0.5227040577737017,0.0876938434733333,-0.0257014935986219,-0.4559484423855948,-0.0048580606733333,0.08700640051975761,-0.7905328353738696,0.2966654468333333,-0.05331499718554645,-0.7881905813272811,0.2005722793333333,0.06962148158850685,-0.8218025679079616,0.3213471733333334,-0.05605572418931899,-0.8172854506673796,0.1812410534,0.09680151290180043,-0.8651244003817583,0.2677006617333333,-0.04819518545636461,-0.8514305711947765,0.08879030335,onweer_g_ch1_g19_compr.mp4,ch1g19,5.2265690418433305e-06,2.0895211792975143e-06,7.607428460697771e-06,4.977505226655712e-06,1.8523410654785972e-05,1.563218827130423e-06,7.463758341644373e-06,2.3097580468423382e-06,5.1926469448202964e-06,3.0625353205513855e-06,7.050647088726766e-06,1.2733105201397644e-05,7.550503362700661e-06,7.452623276358591e-06,1.0164717569472393e-05,1.1814988451042058e-05,1.0175846539866873e-05,8.078222946313849e-06,1.1297838192520714e-05,7.508349761977406e-06,1.5229775385736619e-06,8.069280771022655e-06,7.4513634668990685e-06,6.704448943731623e-06,1.758865035207835e-05,1.430127036375356e-06,6.21126505853398e-06,5.602332879276952e-06,4.2050738309158e-06,1.0126117533170514e-05,1.6030189374780905e-06,4.021782943982119e-06,3.3182535291734376e-06,1.2800362260400528e-05,2.0904587272463564e-05,0.00010563068966319892,9.619907973164385e-05,9.487352447080989e-05,9.54738837419292e-05,8.285312156678987e-05,8.578684809445554e-05,8.433844371694104e-05,5.736929592860359e-05,-1.3084637071278347e-05,9.594801746984832e-05,8.165819363467738e-05,4.4230723353399804e-05,-6.863094062016095e-06,4.943427997271425e-05,7.787340787490915e-05,5.1136335857294666e-05,4.1822288373571537e-05,7.945234854611237e-05,3.31450657930002e-05,6.155419505300124e-05,2.6338951873516187e-05,4.801081910872726e-05,2.84722735665801e-05,2.2335602690448448e-06,-4.221004163378971e-06,3.2241606320073255e-05,-1.8915006180841684e-05,0.00024242833203180474,0.00013658551249824994,0.000247514091485992,0.0001517165992292667,0.00011495962620726459,4.026102857606655e-05,-1.5053997196270167e-07,-3.8760444747239545e-07,2.633267125079997e-07,2.5169056702403656e-07,1.0305077233564233e-06,-5.835749425017617e-07,2.4032883698034693e-07,3.7308625618171905e-07,-1.5435619281700117e-07,5.292488001154458e-08,-1.0154838676930177e-06,1.1785243251578444e-06,2.908835662122292e-07,2.338167331909832e-07,2.6312669668524836e-07,-5.577532436288995e-08,1.1164126488506465e-06,-7.773968280706888e-07,1.3039125133383048e-06,2.9449477243602263e-07,-7.616960072046261e-07,3.7097976540940416e-07,2.952319979094364e-07,8.231593766508441e-08,1.074690868318246e-06,-1.1567083808766183e-07,2.5896120217255486e-07,-3.941306486207426e-07,-1.3181110255935109e-07,-1.9154995746640756e-06,-9.511796642472379e-08,2.620449857315263e-07,-1.0860561312652762e-06,6.49911158391563e-08,5.444194958108363e-07,2.9678804839457735e-09,7.898175962434775e-08,-8.720462770964517e-08,5.964298224077473e-07,1.0896532203595173e-08,3.2765615706140614e-08,-2.5674470215270535e-08,1.0260703343481891e-07,1.263710436593842e-07,-1.435285555111493e-07,-1.4880636928734148e-08,1.6084552789150555e-08,7.513103276547683e-08,-9.568829147070411e-08,-2.3324275042187418e-08,1.303772091609017e-07,-1.0687571185396816e-07,-3.3218002641788004e-08,7.151802149916022e-07,4.5087744876489e-09,-2.3080659019679372e-08,6.284809187844419e-08,-7.931215426282874e-08,-2.4681379571165436e-08,3.461686348272481e-08,1.7298492507554825e-07,6.02407445779143e-08,4.865880392010361e-08,-2.6410033590737556e-08,-8.313849641184767e-08,5.479877862181119e-07,5.815489335903589e-07
7950.000000000056,-0.01919203040343412,0.32414335366695207,-0.4124224681000001,-0.005770028969878999,0.34144754288651663,-0.3996961173666666,-0.004302143349674421,0.3409090471892483,-0.3870734670333333,-0.005266865295316657,0.34061614840587345,-0.3910447557333332,-0.02652135507751219,0.348331947957968,-0.4163285761333332,-0.025677770248506007,0.3470456551480355,-0.4298541430000001,-0.020520264504251012,0.33654736105931005,-0.4087678862999999,0.03703344130531337,0.3316878272279479,-0.2808011671333332,-0.08689788138922971,0.28852863507351945,-0.3035293420666667,0.007753202662822726,0.3169050710295968,-0.3556714055,-0.021868150609802756,0.2872323959400463,-0.390223336,0.11459329841939526,0.2024334240377888,-0.1299480620666666,-0.15613047569357166,0.22665155281984276,-0.1262331030666666,0.1590161058289692,0.02873036946138663,-0.0647598328333333,-0.17924809589212104,-0.028153643196677677,-0.1424599612,0.19831470255400985,-0.16555882309118516,-0.0282322271866666,-0.22418546156414113,-0.21996573155961735,-0.1934871886333333,0.20076924450921094,-0.2059075979702739,-0.0146532281903333,-0.21832786429513606,-0.25737903958984115,-0.2362973957999999,0.17549799019244458,-0.2182437901987964,-0.0454163214299999,-0.19125803447069065,-0.24355483115318546,-0.2607551413333333,0.1945940848387734,-0.19595291327512288,-0.0382000365633333,-0.2126227460111221,-0.22679662754852342,-0.202778384,0.08256462911894802,-0.1757791828151667,0.0423327060433333,-0.08071824513143716,-0.18355519761349584,-0.04053924616,0.09210857902502394,-0.5226516835121764,0.0883201775266666,-0.025743495042232074,-0.45596768799926846,-0.0040313294433333,0.08686338329785787,-0.7902690770760331,0.2974635291666667,-0.05343488073069459,-0.7880516384206673,0.2014003468,0.06946572729559529,-0.8215299926794528,0.3221825165333334,-0.05618539161363348,-0.8171283205938165,0.1820968350333333,0.09668089939743549,-0.8649782096776633,0.2685800800666666,-0.04837767801323947,-0.8513871492961679,0.0896645465333333,onweer_g_ch1_g19_compr.mp4,ch1g19,5.147664363297743e-06,2.1226985069340816e-06,7.859940785349738e-06,5.527176941289447e-06,1.9694304389361845e-05,1.40277053932107e-06,7.70733228173292e-06,2.7714849443091836e-06,5.121185968783849e-06,3.1428258230627253e-06,6.337188054344952e-06,1.3590353460518155e-05,7.815617144703353e-06,7.683151130637387e-06,1.071680118078042e-05,1.1415316500548827e-05,1.1173695417143551e-05,7.640046896333972e-06,1.2386937902378945e-05,7.766692427634514e-06,1.217914119621081e-06,8.424601087404744e-06,7.702022102624071e-06,6.8265538598642536e-06,1.8812199707213276e-05,1.313502146749184e-06,6.481662631899567e-06,5.5811323563073864e-06,4.260457119846833e-06,8.435903594615228e-06,1.5060175920013277e-06,4.213665244105384e-06,2.593817654557108e-06,1.345564564852463e-05,2.252410016896274e-05,0.00010873674515628678,9.754028670013933e-05,9.578131558903896e-05,9.682009018215117e-05,8.286244706968492e-05,8.618403179176597e-05,8.443107877893752e-05,5.592609401070352e-05,-1.5818473006055886e-05,9.65230357002809e-05,8.4099030633182e-05,5.0208573933202095e-05,-5.145585915107246e-06,6.650952167765711e-05,8.782951256468253e-05,6.144049728527991e-05,5.085927469427779e-05,8.737008873067083e-05,4.0506233831933066e-05,6.551794589171949e-05,3.5630598314724794e-05,5.6661115383009176e-05,3.778325772658864e-05,2.1545673413357873e-06,-3.980319674825026e-06,4.36011779242768e-05,-5.146908381443617e-06,0.0002733543615766939,0.00016318852066441578,0.0002811281233827011,0.00018005154359949208,0.00014848312431443186,6.092722852718401e-05,-3.6331291096118784e-08,1.2998634848938435e-07,2.7481970074339025e-07,4.1247032768930086e-07,1.0138062660302973e-06,1.1651149372441227e-09,2.6041100026054497e-07,3.606708782042965e-07,-1.0993888566475413e-07,1.7418409745154326e-07,-7.136313983027211e-07,1.0716624102268626e-06,2.860767277618499e-07,2.6328973696724393e-07,3.4459379637746334e-07,-1.0496133716447111e-07,1.0998166216766873e-06,-4.6937575896136694e-07,1.2135234557543376e-06,2.6681801272151774e-07,-6.440024211484611e-08,3.737289257321077e-07,2.8159566650405653e-07,1.7804740236257228e-07,1.0456102362573223e-06,-1.2608129720721655e-07,3.139623293029419e-07,-5.073266230939282e-08,-3.447627986062365e-08,-1.7039329092538525e-06,-1.0833377304907364e-07,1.7120913318164655e-07,-5.217792854354038e-07,9.03468141599674e-08,4.5981491770936705e-07,-1.7434336009983038e-08,7.639551671453792e-08,-7.412646936612047e-08,5.215972760190538e-07,-8.88340410287546e-09,8.146516797869239e-10,4.6214753280731135e-08,9.984990278839835e-08,2.214377065812908e-07,-1.3901392048116144e-07,-3.3976436204540265e-08,-2.792070676605361e-09,6.137120136976121e-08,-3.504732940448973e-08,-3.787462789792811e-08,1.9576239097820118e-07,-1.292728582783702e-07,-5.313568511466774e-08,6.332417755130113e-07,-3.021029374533201e-08,-3.994291073779702e-08,5.61863687473372e-08,-8.156976973000332e-08,-1.1150962402270117e-08,1.7770916824469357e-08,2.1188599276443807e-07,8.084552541925324e-08,2.0755433583688875e-07,-1.3413638377323068e-08,-8.21549815566213e-08,5.144502694283716e-07,5.156822004001035e-07
7966.666666666722,-0.01928540352121473,0.3242345230065544,-0.4126096048333334,-0.0058568260058121935,0.3415280960303436,-0.3998843686999999,-0.004389203176470969,0.3409871864777047,-0.3872592855333333,-0.005357454623607623,0.340696638892993,-0.3912317732666665,-0.026621347441951923,0.34839633455649155,-0.4164888937666665,-0.025777056833158105,0.3471129636872283,-0.4300216896666667,-0.020620064396546824,0.33661335260710784,-0.4089348627333332,0.036967261501550684,0.33172631333871183,-0.2810623526999999,-0.08695638468871443,0.28849237867829525,-0.3036716799666668,0.007692109525513875,0.3169837998399209,-0.3558840351333333,-0.0219357382486111,0.2872977383392009,-0.3904033956666666,0.114528616659758,0.20247393505783845,-0.1301583594333333,-0.15606385843622758,0.22663218366497873,-0.1264215945333333,0.1588377827529716,0.028801669049903528,-0.0647427270466666,-0.1792610827810278,-0.028081179113815854,-0.1426171709333333,0.19829328207799984,-0.1654978426136091,-0.0282472220366666,-0.22419127903361932,-0.21992399275966165,-0.1937711719666666,0.20076418349370417,-0.205820278293649,-0.0146969169369999,-0.2183585259208854,-0.25734735741438514,-0.2365957219999999,0.17555459446774374,-0.21817925856371548,-0.0454601971533333,-0.19125300158209996,-0.24352659609994587,-0.261056564,0.19460619507687713,-0.19589533325309313,-0.03821486508,-0.2126259942125845,-0.22676638163802243,-0.204458535,0.08254092690403719,-0.17577747829432283,0.0423440126733333,-0.08069799813380629,-0.18355843388931725,-0.0405458432766666,0.09207242982079111,-0.5225996423144992,0.08891413882,-0.025794598478807478,-0.45597082375023495,-0.0033591803596666,0.0867096841592422,-0.7900071571179892,0.2983351607,-0.05359286034002755,-0.7879045311049675,0.2021755583666666,0.06929961779267561,-0.8212582003167755,0.3230916483333333,-0.05635806121093575,-0.8169652899849029,0.1828979621666666,0.09654508775405872,-0.8648143084492262,0.2695299218,-0.048578706079201,-0.8513269794769038,0.09046592476,onweer_g_ch1_g19_compr.mp4,ch1g19,5.063414597941599e-06,2.889526804166795e-06,8.03139930345572e-06,5.97422718641824e-06,2.0399122639764296e-05,2.0584981861166833e-06,7.872265372453782e-06,3.2150557320580763e-06,4.947949431725653e-06,3.4339247852753127e-06,5.946254818814767e-06,1.4640170398889547e-05,7.973145779757226e-06,7.844266616479167e-06,1.1218340048462089e-05,1.1270777540634731e-05,1.2403404354401282e-05,7.459123188584806e-06,1.3616129253165028e-05,7.892818028088362e-06,1.9014370573922336e-06,8.701166500666973e-06,7.85157513089144e-06,6.935504053588046e-06,1.9562105156036182e-05,1.1885370016333918e-06,6.69104063000171e-06,5.847614155277367e-06,4.391686087345138e-06,7.043931529546901e-06,1.400564274020802e-06,4.39376300331133e-06,2.6877755449165275e-06,1.4285884655101546e-05,2.3834322603646907e-05,0.0001131015085383576,0.00010000374777336582,9.80571362427869e-05,9.948075545777991e-05,8.490055693193539e-05,8.838564259712466e-05,8.597718539934677e-05,5.6460554787907825e-05,-1.5550734307828832e-05,9.835312983161941e-05,8.763921879343256e-05,5.633972517338504e-05,-3.008708585119198e-06,8.359482993711952e-05,9.544985027229519e-05,7.295757572954811e-05,5.901768102679156e-05,9.686496423875046e-05,4.8328838372124316e-05,7.187620313951376e-05,4.477282561302293e-05,6.704766790251118e-05,4.6824112458244164e-05,1.55880966034601e-06,-3.2654849196056196e-06,4.942079285655186e-05,8.558251067737503e-06,0.00029087793811735283,0.00018633389176525285,0.0003003885559190221,0.00020362245544189935,0.00016976587911505617,7.889349654483165e-05,1.2182201638200503e-07,5.159464930846813e-07,2.85843234971453e-07,5.807176510171366e-07,9.575886582534592e-07,4.566772892448112e-07,2.803838313905075e-07,3.1549226530155727e-07,1.90168157829257e-08,2.784266689907175e-07,-3.357936355615805e-07,9.008003952867628e-07,2.8198342654054395e-07,2.9254112793419323e-07,3.851568256063061e-07,-1.4267536240598304e-07,1.0239773557813072e-06,-1.4682181041788547e-07,1.0470395058818614e-06,2.4153965735017973e-07,4.95506288782644e-07,3.6143650598223456e-07,2.702841739811649e-07,2.838317345784903e-07,9.65238299461483e-07,-1.240293799452987e-07,3.7450831139059013e-07,2.6645340765894947e-07,9.619505030444675e-08,-1.3148108029461524e-06,-1.0904382253451099e-07,1.1318406078096634e-07,-4.185320256839397e-08,1.1539640769951559e-07,3.239659226045831e-07,-1.7004076034629403e-08,7.096275818748155e-08,-3.700504182095381e-08,3.879957812617596e-07,-8.662944845464644e-09,-1.9583981157771426e-08,1.0940962098767072e-07,7.686562446478022e-08,2.8158036645009564e-07,-1.2289541890888573e-07,-2.8746359337041434e-08,-2.3888150628723333e-09,4.073677292540212e-08,2.033600202948613e-08,-4.949492378580755e-08,2.3396568282095334e-07,-1.360495891875337e-07,-4.566449134421728e-08,4.842137467930683e-07,-3.9572648473732934e-08,-3.23519463047863e-08,5.9866010912909e-08,-5.674793070804403e-08,2.4617656070228847e-09,1.923617515866392e-08,2.2031113131205556e-07,8.99478902933509e-08,3.3426408690257605e-07,-1.4974859836321646e-10,-5.7942215586338986e-08,4.2323411080180736e-07,4.002325715218431e-07
7983.333333333389,-0.019385081647402942,0.32431512594416984,-0.4129989205000001,-0.005945145186979108,0.3415956141207783,-0.4002661881333332,-0.0044779087371416715,0.34105170084789,-0.3876373011666666,-0.005449560599806734,0.3407630972504117,-0.3916089057666665,-0.026724062620500214,0.34844632749153903,-0.4168189564999999,-0.025879122720142,0.34716626736610856,-0.4303643955000001,-0.02072291763137507,0.3366649627254945,-0.4092712385666666,0.036927543460445585,0.3317472627174613,-0.2814841111999999,-0.08701089653869543,0.2884416885730406,-0.3038825205,0.007629779726596272,0.31704458810832825,-0.3562958804,-0.02200761748599079,0.2873510028290547,-0.3907553541333333,0.11450056857904993,0.20248726352870408,-0.1305589150666666,-0.15599922692772702,0.22659115469805932,-0.1266234911333333,0.15868758865115032,0.028857787335540327,-0.06514783759,-0.17927507063370324,-0.028031049117220933,-0.1425557950333333,0.19822090486271735,-0.16545242077121136,-0.0289103831933333,-0.22419649849170334,-0.21988744415036157,-0.1937329177333333,0.2006888626137116,-0.20575103955627175,-0.0154765214036666,-0.21837674673151392,-0.25731820936259203,-0.2365562175333332,0.17552608638046963,-0.2181337296560972,-0.0462196999999999,-0.1912403631353755,-0.24349851970938236,-0.2610460070333333,0.194553400826756,-0.19585447269322556,-0.0388826882533333,-0.21262599123982096,-0.2267385525070623,-0.204858378,0.08252298076817997,-0.17577729522068503,0.0423404170233333,-0.08068363462672895,-0.18356028034704078,-0.0405375237099999,0.09204948131576227,-0.5225522413147891,0.0895298505833333,-0.02583781406191284,-0.4559480471223877,-0.0025157913096666,0.08657099786500315,-0.789711099030214,0.2994438806,-0.053704687038676376,-0.7877247151014278,0.2033257606333333,0.06915170098490195,-0.8209515516733102,0.3242830567666667,-0.05647332491582985,-0.8167681024949809,0.1841100807333333,0.09642274410134181,-0.8646395031814724,0.2708446820333333,-0.04872184577038134,-0.851266926481528,0.0917853667166666,onweer_g_ch1_g19_compr.mp4,ch1g19,5.112650066950051e-06,3.984069170180557e-06,8.199665635799533e-06,6.482247336287262e-06,2.1324985269962616e-05,3.199738773743615e-06,8.033932135009825e-06,3.5779447784653066e-06,5.013177360656309e-06,3.852472628560974e-06,5.476314509007646e-06,1.5753224349802455e-05,8.12648380380238e-06,8.022170704119175e-06,1.1877266514405444e-05,1.1451092990026206e-05,1.3872838926707839e-05,7.169079838600205e-06,1.4783547938964564e-05,7.982488143326768e-06,3.3013833781799105e-06,8.908021780143095e-06,7.998940896466886e-06,7.115652730734669e-06,2.0468385868513558e-05,1.0536365771179379e-06,6.924642906434612e-06,5.965360298771867e-06,4.501235477374488e-06,5.67680728448382e-06,1.2844594894911163e-06,4.4311173792460235e-06,3.3609737936414345e-06,1.5314937839572412e-05,2.524892294190049e-05,0.00011852292262199679,0.00010425120360664228,0.00010240144390917996,0.00010407686058575309,8.982177333796961e-05,9.315843676616733e-05,8.974895745971249e-05,6.215151062934861e-05,-9.478481791046059e-06,0.00010258426774817716,9.312556097785141e-05,6.57511693454512e-05,2.933641423647421e-06,0.00010376884449360403,0.00010446153351933781,8.660443888764282e-05,6.610774387115151e-05,0.00010759502272256026,5.5485418405428605e-05,7.869702555787317e-05,5.256036623982892e-05,7.929365092683366e-05,5.487074949030679e-05,6.551028139088183e-07,-2.267756966086854e-06,5.0904497537607656e-05,2.3034670662758547e-05,0.00030378122730923007,0.0002083496832534885,0.0003146208852386722,0.00022552637123999608,0.00018622547805485085,9.624067477542797e-05,2.9471492742708243e-07,7.528439463222791e-07,2.8475860240506897e-07,7.479094306142347e-07,9.039832237930341e-07,7.557759872889226e-07,2.878540113599433e-07,2.8814108524360133e-07,2.585157263237266e-07,3.740470587701015e-07,3.093976478212664e-08,7.86256144602015e-07,2.6490794489571004e-07,3.076601463293923e-07,4.4604385439206825e-07,-5.8304198206614974e-08,9.603610578304476e-07,1.3421507798946244e-07,9.107987863383369e-07,2.0599107483869252e-07,8.684390388364143e-07,3.229377716784422e-07,2.4948276045115885e-07,3.7881638108177897e-07,8.789838956208328e-07,-1.0284481323938141e-07,4.143548070685063e-07,5.155189924922711e-07,2.1351967593656582e-07,-8.316239123401864e-07,-9.051423042106189e-08,4.785162249830248e-08,3.1936471198735635e-07,1.2702013666780654e-07,1.7344911946671265e-07,-5.410093555003944e-09,5.373177274353662e-08,8.073623209149864e-09,2.302799037628148e-07,2.04236973940401e-09,-2.342140208384955e-08,1.4254506115494834e-07,4.5807668855073344e-08,3.083722433630108e-07,-8.865367089923052e-08,-1.1162170265396786e-08,7.283479496153677e-09,9.35162611815841e-09,6.804467961296921e-08,-5.300690466525828e-08,2.4887749293445675e-07,-1.165987938951181e-07,-2.281742394383322e-08,3.041046715327153e-07,-3.062417421468552e-08,-1.2343117309249538e-08,6.410712467226682e-08,-1.8121958619407952e-08,1.4507348313445558e-08,2.788512885896943e-08,2.061698609456252e-07,8.889313884065784e-08,4.215926381730286e-07,1.189927113971916e-08,-1.7759345495598896e-08,3.0201510628412697e-07,2.748911874166454e-07
8000.000000000056,-0.019467170212139354,0.3244241219459797,-0.4131637720333334,-0.0060237485458263336,0.3416901810146242,-0.4004254159999998,-0.004559645886932304,0.34114465375983427,-0.3877929666666667,-0.005532978357417385,0.3408579077965268,-0.3917695382999998,-0.026815506394766042,0.34852951501833596,-0.4169418294999999,-0.025971168933504513,0.3472516220660748,-0.4304972979666668,-0.020814868644845264,0.3367453527103407,-0.4094042562666665,0.03688477239695177,0.3318033384125442,-0.2817035675666667,-0.08706203558840576,0.28842588113185025,-0.3039720755,0.0075797535154633906,0.31713613087275994,-0.3564884196,-0.022065544515272758,0.2874340847369949,-0.3909037915333332,0.11447459994640387,0.20252802331760617,-0.1307437575333333,-0.15592856028057536,0.22658970990641827,-0.1268031335666666,0.15854317837512794,0.028940605153462307,-0.0652613504133333,-0.17930910654610496,-0.02792535879982903,-0.1425283744,0.19815674230765756,-0.1653661321318594,-0.0290060942233333,-0.2241876773019756,-0.21982741447688703,-0.1937079771666666,0.2006193502849067,-0.20564480867899854,-0.0155842612069999,-0.218371702780813,-0.2572752715156327,-0.2365424428999999,0.17551151286480218,-0.21805076467209028,-0.0462980289466666,-0.19118461029955822,-0.24345450618224593,-0.2609993614333333,0.19451183899198082,-0.1957687573141534,-0.0389607181833333,-0.2126073512981245,-0.22668658106070694,-0.209494218,0.08250141378638148,-0.1757779813282102,0.04233889872,-0.08066604246410913,-0.18356146188103728,-0.0405315523166666,0.09202484096529587,-0.5225040574492474,0.0902938122566666,-0.02590029927519068,-0.4559133509992324,-0.0015281457596666,0.08640821322654274,-0.7893979165098532,0.3006175874666666,-0.05382170209858807,-0.7875083637774126,0.2048411282333333,0.06897454987231758,-0.820625940257467,0.3255211018666667,-0.056592895074537526,-0.8165359079708606,0.1856995076333333,0.09626026379668542,-0.8644404023752327,0.2722082763666666,-0.04886771945497596,-0.8511616531513843,0.0935352537833333,onweer_g_ch1_g19_compr.mp4,ch1g19,5.597703203812826e-06,4.9963883644469605e-06,8.475348393677439e-06,7.273472723244714e-06,2.2506056488839293e-05,4.3067438121553474e-06,8.307519971727e-06,3.938703597319572e-06,5.396806809570203e-06,4.339395545189583e-06,5.729163344142798e-06,1.667205730184658e-05,8.385754179448695e-06,8.334548658986365e-06,1.2531214811902853e-05,1.1740047104141052e-05,1.5057034123353569e-05,7.486178864085381e-06,1.574288752276072e-05,8.158368939864247e-06,4.625661507080949e-06,9.167758427862932e-06,8.2603498626954e-06,7.541256248242442e-06,2.1549531645193655e-05,9.77686499032329e-07,7.330147367741145e-06,6.645716709283635e-06,4.766308089139634e-06,5.124977604650209e-06,1.2203852236674332e-06,4.351563742069576e-06,4.105765929035857e-06,1.6705214676449716e-05,2.6687465628671034e-05,0.00012793135640629493,0.00011334939335703342,0.00011203235101997299,0.00011366477593351861,0.0001012415164088839,0.0001040214423061404,9.937672406648195e-05,7.539345725083046e-05,6.2821845150568296e-06,0.00011230426667503678,0.00010357517025666651,8.00658273158392e-05,1.4685074255131582e-05,0.00012991048624002498,0.00011857855443095068,0.00010550187572130188,7.270124262666962e-05,0.00012234888814739516,6.091137613476459e-05,8.868762844893365e-05,5.428253299976654e-05,9.677890071012296e-05,6.117161640089556e-05,-4.024806248958549e-07,-1.1811476818033301e-06,5.194352773708085e-05,3.69990094640127e-05,0.00031732149548078376,0.00022682135709272704,0.00032951015225784363,0.00024262566151451892,0.00019937303988038006,0.00011053155758855201,4.4916637851635725e-07,8.354851598960145e-07,3.0083373721287344e-07,7.953242363917874e-07,8.43958755172523e-07,8.846792742958738e-07,3.1136041658834096e-07,2.739658126829604e-07,4.846981041362692e-07,4.0235896738809956e-07,3.386657347411353e-07,6.87208179367475e-07,2.761808190440941e-07,3.35003117472905e-07,4.837968974184441e-07,3.7560066452307654e-08,8.662820345325978e-07,3.6308702985710647e-07,7.761081287341851e-07,2.085699329435422e-07,1.039272798313898e-06,3.093565481805492e-07,2.6046648193570903e-07,4.669389660649077e-07,7.960094069804639e-07,-8.12469752883296e-08,4.668164998032574e-07,6.889366775334188e-07,3.113897323594288e-07,-3.56015800729416e-07,-7.151358433964531e-08,7.615133301805827e-08,5.559062983388486e-07,1.1302034992621355e-07,4.599980968933075e-08,3.971590516569767e-10,2.0379481266244866e-08,5.6245884106281375e-08,8.997363727891505e-08,6.495732143393569e-09,-1.1079734545616877e-08,1.4228799091250581e-07,1.3629242686762841e-08,2.7840781598653803e-07,-3.76634545179238e-08,7.869909469898687e-11,9.146791742728498e-09,-1.7477425608571098e-08,1.1076594446775533e-07,-3.264484525329603e-08,2.206070219551467e-07,-7.491482356883996e-08,-4.205195332899327e-09,1.4388405510737308e-07,-2.092914493529456e-08,9.907593165120216e-10,5.234755996544718e-08,3.1050671080140284e-08,2.153715769151186e-08,2.5706586746009313e-08,1.5260431663073765e-07,7.569612370089226e-08,4.419946503397298e-07,1.9548142684537498e-08,2.478580993791966e-08,1.8744668765568326e-07,1.61631814963433e-07
8016.666666666723,-0.019519583659832626,0.3245800036017978,-0.4131067045666667,-0.006080816743735605,0.3418313882237375,-0.4003430006666665,-0.004621957447945889,0.3412860160099973,-0.3877054779666667,-0.005595320406407285,0.3410005734319752,-0.3916926632333332,-0.02688279034005792,0.34866306275939285,-0.4168645252666666,-0.026040319554170042,0.34738731934381,-0.4304318530666667,-0.020883568408767747,0.3368739964206705,-0.4093399562666665,0.03683906704152816,0.3319141369952318,-0.2816501508666666,-0.08711765167710243,0.28846781904979124,-0.3039548607,0.0075397336699757666,0.3172787334799055,-0.3564406514333333,-0.02211207661623224,0.2875664960248702,-0.3908623414666666,0.1144439080785028,0.20263994980678032,-0.1306091881333333,-0.15586450377313632,0.22663520527897763,-0.1269846885666666,0.15840645800940364,0.02910256496724941,-0.0650533465933333,-0.17933688542021162,-0.027763373831889336,-0.1425974318666666,0.19810722904515,-0.16524479730644226,-0.0288497454033333,-0.22417434968863792,-0.21973833196866233,-0.1937427386,0.20056827640731906,-0.20551257131493808,-0.0154366836436666,-0.2183732182613397,-0.25720137689610256,-0.2365942378666666,0.17550331183927356,-0.21795721468345727,-0.0461224730266666,-0.19113692860237236,-0.24339837299277362,-0.2609933195,0.19448037403406643,-0.19565688935126052,-0.0387956015233333,-0.21258846433121548,-0.22661257261006093,-0.200426906,0.08247883051393184,-0.17577871854840196,0.0423540342033333,-0.08064759591211146,-0.18356250597674575,-0.0405416399066666,0.091975826069437,-0.5224645422477989,0.0913807498966666,-0.025962671454853647,-0.45586792720167096,-0.0006300342096666,0.08620624201420402,-0.7890822908066668,0.3019833265666666,-0.05395472840835331,-0.7872541192374447,0.2062765444333333,0.06875646988061533,-0.8202987477602103,0.3269365641666666,-0.05673332686116153,-0.8162677335471052,0.1872154762666666,0.09607949859547987,-0.8642598554434696,0.2737785123,-0.04903866506669376,-0.8510378327498187,0.09525530772,onweer_g_ch1_g19_compr.mp4,ch1g19,6.10685444207161e-06,5.502724156253963e-06,8.729706109315812e-06,8.073978638986196e-06,2.3165640254881325e-05,4.865815351263063e-06,8.566544206688227e-06,4.048988973985897e-06,5.920362174152432e-06,4.750705454060486e-06,6.6882243735287925e-06,1.7122702422569464e-05,8.637668148491783e-06,8.629511757499196e-06,1.2858835287694063e-05,1.1884071111590158e-05,1.5738263646331757e-05,8.425122866205064e-06,1.626282528587894e-05,8.33301425431814e-06,5.2637718668335614e-06,9.397875935521084e-06,8.50798929286634e-06,8.005052690670836e-06,2.2116569979005278e-05,9.169477012844597e-07,7.775783623474718e-06,7.852882741425887e-06,5.233252724837391e-06,5.427910778573599e-06,1.1662415293591508e-06,4.383329725589539e-06,4.423038177820229e-06,1.7957909580718376e-05,2.7452179401921098e-05,0.00013899484016773853,0.00012431682299205487,0.0001235527367192062,0.00012500589436750543,0.0001151408816648599,0.00011750144356263416,0.00011177154553691384,8.989073076944796e-05,2.5968705921100047e-05,0.00012374265298477238,0.00011618986444043406,9.504608162058647e-05,2.9944219869167747e-05,0.00015391700900150922,0.00013220712205539085,0.00012117550020487342,7.791894378515007e-05,0.00013339328951174787,6.465407235359478e-05,9.573157465649478e-05,5.3338924852865505e-05,0.00011080347753572264,6.563469790914866e-05,-1.2824762399668895e-06,-2.8104286301779017e-07,4.958032752405498e-05,4.8495488042300945e-05,0.0003219376550273513,0.00023945144876245632,0.00033479592668435694,0.0002533760041669746,0.00020430236752993098,0.00012136659094740229,5.163103587565826e-07,7.845663107447523e-07,2.728589731742078e-07,7.164225127230129e-07,8.471775030568347e-07,8.700024835123223e-07,2.8885650942814106e-07,2.627236641579913e-07,5.876499246551164e-07,3.7716203691775003e-07,5.376222181399485e-07,6.247056561951857e-07,2.542796616993414e-07,3.1145944303469124e-07,4.4220171381395287e-07,1.3191643118803123e-07,8.379432434321621e-07,4.925819904143667e-07,6.718506892094632e-07,1.87445338382411e-07,1.06554502956069e-06,2.5952184771366026e-07,2.433264258677126e-07,4.6587873151667955e-07,7.799078281393737e-07,-6.147425751510203e-08,4.518713975303254e-07,7.479459884255281e-07,3.603902462516854e-07,4.0947899121614127e-08,-5.3594399628430414e-08,1.2355954215894685e-07,6.427467953586957e-07,7.845905428542874e-08,-2.931544673687132e-08,-2.084513913287651e-09,-2.2857967002302743e-08,1.1943907328564615e-07,7.578770973231347e-10,2.212358752126385e-09,1.9120218547938555e-08,1.1209426187086956e-07,-9.00569370305233e-09,2.037018125334987e-07,2.872668031515795e-08,1.307925805459461e-09,1.6867263150259772e-09,-2.4365743842717604e-08,1.5684398048227653e-07,1.4437916346258792e-08,1.594511586488095e-07,-1.3933706909844948e-08,4.661502211006147e-09,4.201654192530898e-08,-1.611591238274588e-08,4.510464109465377e-09,2.6918424887384756e-08,9.991704815062968e-08,2.4553492168358528e-08,1.0626717781272743e-08,7.304142453086852e-08,4.7932902395164936e-08,4.017328194865935e-07,2.3723255769939518e-08,4.9320472328759215e-08,1.1102480955073975e-07,8.550217098628661e-08
8033.33333333339,-0.019569379040453926,0.3247564155052975,-0.4132440485666667,-0.006135082115607069,0.3419916740858364,-0.4004590737666666,-0.0046815428953692565,0.3414464104637163,-0.3878130206333334,-0.005655292526323178,0.34116106201367674,-0.3918078650999999,-0.026947933515465358,0.34881572602713634,-0.4169913063333333,-0.026107303053117828,0.34754341566745334,-0.4305742619333333,-0.020950344688949612,0.33702371728141145,-0.4094761091666665,0.03679620195009681,0.33203853494185825,-0.2817344089999999,-0.08717561724940646,0.2885364087928804,-0.3040961356333332,0.007500237928980212,0.31743965994395246,-0.3565653255,-0.022158798633902414,0.2877223418931894,-0.3910081503333333,0.11441464353725726,0.20278176268787065,-0.1305355813666666,-0.15581300607666126,0.22669780633284517,-0.1272343349333333,0.1582823164636284,0.02930167046130841,-0.0648576801933333,-0.17932910907109822,-0.027603510931149846,-0.1427419319,0.19806494314237483,-0.1650787988648232,-0.0287677977066666,-0.2241475675192446,-0.21964373332055714,-0.1939250826333333,0.20052854313651794,-0.20533151769850527,-0.0153930784369999,-0.21836397199501703,-0.2571177246606281,-0.2368190750333332,0.175506260620567,-0.21781765947903398,-0.0460732996933333,-0.19108754188240298,-0.2433254075590659,-0.2611547199333333,0.194456104478677,-0.19550687774853323,-0.0387197463333333,-0.21255939999415738,-0.22653242148390285,-0.205448985,0.08245854609664051,-0.17577905321639892,0.0423701219933333,-0.08063201635039316,-0.18356388304997778,-0.0405523994133333,0.09192675577727383,-0.5224125547313702,0.0924722107766666,-0.02604281454311651,-0.4558176988180383,0.0003898089303333,0.08600370240376896,-0.7887601039571969,0.3033604253333333,-0.054076130209560196,-0.7869955789398947,0.2077402015666666,0.0685381126015401,-0.8199676161512378,0.3283647729,-0.05685807622273369,-0.8159950697073771,0.1887493869,0.09589962573783836,-0.8640800513881522,0.2753459331666667,-0.04920244745319306,-0.8509044185258606,0.09696549016,onweer_g_ch1_g19_compr.mp4,ch1g19,6.5395987373686525e-06,5.648177538299553e-06,8.893115616016995e-06,8.658675915236957e-06,2.380015273043056e-05,5.152459255162954e-06,8.754247075365643e-06,4.183120061161598e-06,6.644102016763873e-06,5.065716945504643e-06,7.287941220901223e-06,1.7354018182912963e-05,8.781330683792142e-06,8.835247258997876e-06,1.2896640846770398e-05,1.1816968910011481e-05,1.6296286382233806e-05,8.951011281177728e-06,1.6530971769293384e-05,8.417220411241878e-06,5.66923092135602e-06,9.547064685645661e-06,8.627373210766455e-06,8.391030278610221e-06,2.266159208656809e-05,8.682197680397841e-07,8.176486323891083e-06,8.581342451141874e-06,5.513097103118293e-06,5.600476950793597e-06,1.125817662750349e-06,4.3740459466019935e-06,4.5618798960212404e-06,1.8623570052586923e-05,2.8050325907824674e-05,0.00014923620988338326,0.00013441422897815872,0.00013398489047545696,0.0001351840966096389,0.0001275921412688588,0.00012980724651153857,0.0001234245003679241,0.00010186674952803833,4.481708808691362e-05,0.00013405300723838323,0.00012834365414079063,0.00010932961774063592,4.456723000236205e-05,0.00017235481264114215,0.0001420475539664071,0.00013329490175539873,8.056361671690433e-05,0.00014219108874176034,6.578169337052723e-05,0.00010206559267069062,5.216736814408823e-05,0.00012143056503313082,6.785052041511723e-05,-1.7367073236401829e-06,2.0596400886860199e-07,4.786517542616995e-05,5.687453016798572e-05,0.00032558091871303025,0.0002500522589061397,0.00033900822849017976,0.0002632081448793689,0.00021047598405633575,0.00013361888997482946,5.441762811563341e-07,6.931102526253247e-07,2.5045470002584866e-07,6.423796098965497e-07,9.952766858212084e-07,7.952930343406337e-07,2.6740425875798e-07,2.8712936011879956e-07,6.059932688759598e-07,3.1201366328974514e-07,6.178625968905374e-07,6.681810002158907e-07,2.4325926738375845e-07,2.87438119517053e-07,3.7046812245626025e-07,2.815868626411086e-07,9.047471748024791e-07,5.213033454023584e-07,6.686329615743967e-07,1.8407729785052302e-07,1.0169200409401304e-06,2.2680319190917176e-07,2.4052168721166413e-07,4.4302005060379926e-07,9.114267511951593e-07,-4.215466321209067e-08,4.2618853310350124e-07,6.947926888112228e-07,3.858306662509716e-07,3.198110980118141e-07,-3.3420305414922456e-08,1.9525110623218821e-07,6.697148188317422e-07,2.6512686947265122e-08,-5.4563676782202787e-08,-1.7806551560651115e-08,-6.400997600977826e-08,1.6964744990467423e-07,-4.1221517406814895e-08,-1.5673354238340448e-08,5.354319352975999e-08,5.28311414327368e-08,-2.2767352845357193e-08,1.258025771355564e-07,9.040838474748354e-08,-1.1614485998530452e-08,-1.9436666433430515e-08,-1.6164996885313726e-08,2.024507139917092e-07,6.961683705646368e-08,1.027016553834632e-07,4.761487215769642e-08,-1.4831304674981315e-09,-1.103284026792837e-08,-2.3607999219149187e-08,-5.7250569486361015e-09,-1.2685031912894046e-08,1.5804777675570066e-07,2.37331452732692e-08,-2.0118095947306242e-08,6.659181758942689e-09,1.8372006458952735e-08,3.359594171426177e-07,2.4257947696802093e-08,5.3075032018748996e-08,6.833936371065344e-08,8.590764621828444e-08
8050.000000000057,-0.019585666925959335,0.32493646321288383,-0.4126197693666667,-0.006166518310605463,0.34215798442465584,-0.3998272366999999,-0.004720357826647158,0.34161343806748085,-0.3871800024333333,-0.005690663942718902,0.34132896366707605,-0.3911900819666665,-0.026980705028659995,0.3489790684046209,-0.4163905620333333,-0.02614355166484679,0.3477086543536184,-0.4299751041333334,-0.020983917284727562,0.3371807847268515,-0.4088883646333332,0.03674552535662392,0.3321828600081885,-0.2812146068333332,-0.08721305854814011,0.28862130831702126,-0.3037217469666666,0.007481208397481272,0.31760910005962706,-0.3559763382333333,-0.022176119111664925,0.28788348305364575,-0.3904409734,0.11437897243342975,0.2029337589418058,-0.1300266905666666,-0.15570386183685658,0.22678225039531816,-0.1272822272666666,0.15814059345146506,0.02954992502576311,-0.0642333240233333,-0.1792704875470962,-0.027405264136975877,-0.142842099,0.1980150627149918,-0.16488079922163237,-0.0278235490866666,-0.22405818855503914,-0.2195325126254628,-0.1939977849,0.2004803707332662,-0.2051298127085709,-0.0143205896579999,-0.21830406798082697,-0.25702119650893634,-0.2368938306999999,0.1755041211455498,-0.21766985213755907,-0.0449702959333333,-0.19098324396169558,-0.24325442508151912,-0.2611450153,0.19442612224372238,-0.19532559178204936,-0.03774825358,-0.21247580228316718,-0.22643963680178802,-0.218939424,0.08243428058020764,-0.1757824554553176,0.0423992977966666,-0.08061223533058114,-0.18356195845916862,-0.0405790728666666,0.09186985462580535,-0.5223613415626623,0.09358370256,-0.026107857564978586,-0.4557397621062632,0.0010830196703333,0.08579071941230383,-0.7883945888797528,0.3046756475333333,-0.05421711337235122,-0.7867119480325462,0.2088370859666666,0.06830542887488615,-0.819584963006514,0.3297216408333333,-0.05700865493440695,-0.8157027189986867,0.1898810714666666,0.09573085795264527,-0.8638295613055522,0.2768422024666667,-0.04934601744903027,-0.8507406059086436,0.0982217551499999,onweer_g_ch1_g19_compr.mp4,ch1g19,7.282852472667763e-06,6.190071114256817e-06,9.343459581084435e-06,9.588346466955537e-06,2.49577827397497e-05,5.736203190496113e-06,9.23488291968282e-06,4.3665052790301245e-06,7.477783675173668e-06,5.334798766473027e-06,8.007298364410753e-06,1.799838497752255e-05,9.205609366906509e-06,9.329820084549827e-06,1.313171800974734e-05,1.1876456638877042e-05,1.686842983907679e-05,9.531118274014747e-06,1.719244452756605e-05,8.789182528839423e-06,6.420000455678439e-06,9.975720803736504e-06,9.041683744365209e-06,9.089052120896143e-06,2.3751811987645823e-05,8.437732932792943e-07,8.838033618381932e-06,9.303801976844079e-06,5.997832511915127e-06,6.091140935174504e-06,1.104891278405259e-06,4.69404328829114e-06,5.085231522779647e-06,1.972957469084891e-05,2.932113097289925e-05,0.00016336409074047567,0.0001489611059586584,0.00014900184773946283,0.0001497916832677917,0.00014430190858626165,0.00014631097076667394,0.0001393621609590301,0.00011951441665189047,6.868488893595768e-05,0.00014926759008497694,0.00014449582190425594,0.00012557229735211644,6.360387055151935e-05,0.00019109880671799346,0.0001578403481397456,0.00014704052589099503,8.554350588980717e-05,0.00015330857687375057,6.954996319625296e-05,0.00011134673595085324,5.4223073770344846e-05,0.00013394030389354638,7.22975269457506e-05,-2.0450509029322043e-06,5.537284972310827e-07,4.998687823286857e-05,6.345381506960722e-05,0.00034204507355501773,0.0002699437261724554,0.00035652783171487913,0.000283587439180157,0.0002258471954815158,0.00015540473283720278,4.98123259183889e-07,5.585209628206252e-07,2.2066134039033121e-07,4.6849427998547174e-07,1.172187808687187e-06,6.748376224460647e-07,2.392202791805034e-07,3.4963985441361535e-07,5.534581901077227e-07,2.4702777971688734e-07,5.95657700026836e-07,7.639226665053988e-07,2.2564189634882365e-07,2.528552815811562e-07,2.473667991966303e-07,4.668131174558568e-07,9.52046693914127e-07,5.031394591256914e-07,7.171130536782155e-07,1.8509498280147705e-07,9.391777628973697e-07,2.04860314703834e-07,2.29342439336391e-07,3.9312327046730185e-07,1.0902492413230918e-06,-3.056579610399969e-08,3.8803439589829186e-07,5.719916610257487e-07,3.118367642769459e-07,5.14066869952049e-07,-2.1480563281611527e-08,2.5013725833062506e-07,6.531948585178822e-07,-4.9111108783627724e-08,-5.773187233444402e-08,-5.795327650933553e-08,-1.1012193691460351e-07,1.8016845789210875e-07,-5.6394981110610916e-08,-5.77130735786507e-08,8.268997120701368e-08,-2.3620198337008267e-08,-2.6502434713463446e-08,5.434043895880448e-08,1.1310684686247976e-07,-4.9644778666163806e-08,-6.482231958381575e-08,-1.4725996594698185e-08,2.299134592102354e-07,1.1567872496751901e-07,5.7083705772722296e-08,7.65349107603269e-08,-3.4172975089714374e-08,-3.635687992277935e-08,-5.585425434389903e-08,-4.192959462188554e-08,-7.493680684885995e-08,1.7674408058108777e-07,2.001796113909922e-08,-7.330160023802415e-08,-4.068660571326476e-08,-1.7132285869973504e-08,2.559109961145498e-07,2.2026611774314468e-08,2.405172343596959e-08,4.116604016474506e-08,1.316513005375875e-07
8066.666666666724,-0.019603684879780717,0.3251088389325061,-0.4124539601666667,-0.006196095911573341,0.3423151336782603,-0.3996577866666666,-0.0047563300162487025,0.34177044079814634,-0.3870097248666666,-0.005724006759314428,0.3414865474300828,-0.3910243095333332,-0.02701213201237918,0.3491306242322111,-0.4162168065333332,-0.026178556801050065,0.3478623995071828,-0.4298061517666666,-0.021016364232175917,0.33732835885217205,-0.4087201662666665,0.03672993205730817,0.33230569731115045,-0.2810804516666665,-0.08723015445362987,0.28869710878380095,-0.3035936843999999,0.007462561909416487,0.31776713185239297,-0.3558301061666666,-0.022194575513800115,0.288037185588072,-0.3902859377333333,0.11438422084737349,0.20306864777079262,-0.1298707727666666,-0.15563200851397085,0.2268468090711131,-0.1273310278,0.15801776423784986,0.029749559928981952,-0.0640881772766666,-0.17928425558677885,-0.027256260969943897,-0.1425782903333333,0.19796487051903763,-0.16473457754362833,-0.0279616206366666,-0.2239963124266995,-0.21944148355456247,-0.1936925659,0.20043068073425216,-0.20497917367266616,-0.0145645456943333,-0.21825205745406545,-0.25694286083800877,-0.2365844617333332,0.17549879947013652,-0.21755992512625072,-0.04518843515,-0.19088639741560018,-0.24318670316527058,-0.2608087656333334,0.19439452654138295,-0.19519570338993786,-0.0378915199866666,-0.21240808441730896,-0.22635929826004245,-0.223359793,0.08241919233911693,-0.17578425616449767,0.0424109040633333,-0.08060136260532548,-0.18356142922351523,-0.0405867288333333,0.091816118609927,-0.5223114709682662,0.0944133152833333,-0.02616883937172295,-0.4556901138116909,0.0018262655303333,0.08560634500466945,-0.788050036815752,0.3058315475,-0.05429395825669816,-0.7864577001196347,0.2098655442333332,0.06811150898085,-0.8192249067803676,0.3309458993666666,-0.05708284217390961,-0.8154340215114781,0.1909399152,0.09558112408606399,-0.863584305802112,0.2782008675,-0.049462570575796554,-0.850591551204183,0.0993712905633333,onweer_g_ch1_g19_compr.mp4,ch1g19,8.040679550798658e-06,6.8764896252682055e-06,9.763715919344955e-06,1.0291187741230638e-05,2.6263312857922653e-05,6.492810526660293e-06,9.67206629274552e-06,4.733944043892074e-06,8.264015042228264e-06,5.4970728837311015e-06,8.653440230649896e-06,1.8847894157520962e-05,9.633843584961743e-06,9.789128869032098e-06,1.3602478165015156e-05,1.2463917849557525e-05,1.7797519108060434e-05,9.979326541962704e-06,1.8021383891612935e-05,9.185818008085247e-06,7.36159478190061e-06,1.0372007524747134e-05,9.47035697078803e-06,9.708697500476492e-06,2.4989931797151534e-05,8.485304605011879e-07,9.427127722008632e-06,9.827262573390772e-06,6.301515101938708e-06,6.758496065413304e-06,1.1146451317022517e-06,5.174433928981582e-06,5.83469347817889e-06,2.0851790249466787e-05,3.081017638046188e-05,0.00017451564618068,0.00016093374254625776,0.00016155670752364583,0.00016182951552591978,0.00015817495045008557,0.00015995460358163462,0.00015276378464994063,0.0001344882073610059,8.903153218072387e-05,0.00016208985363276105,0.0001576851846873695,0.00013850563316091362,7.85016711975953e-05,0.0002062617178816359,0.00017029751524295583,0.00015753772817489982,8.909123403414389e-05,0.00016101962027100707,7.207799617666535e-05,0.00011770178453252075,5.5748304604549567e-05,0.00014339642547682807,7.531154123192252e-05,-1.9866822191043582e-06,5.462774892359176e-07,5.703012767455204e-05,7.003891945914612e-05,0.0003602790003031349,0.00028691076069744755,0.00037542880803129305,0.00030060649602410864,0.00024575389011886553,0.0001751345557867234,4.3256277428387675e-07,4.89559679040612e-07,1.7681944895617073e-07,3.6007843401121383e-07,1.4317606642455098e-06,5.970493628729514e-07,1.9534932467882297e-07,4.529050061940596e-07,4.797084379092057e-07,2.3524068828527722e-07,6.007979309162438e-07,9.405899910037084e-07,1.9247664669503643e-07,2.0138028417891156e-07,2.029768562331807e-07,7.239749183841007e-07,1.0848163914171633e-06,5.38371388208271e-07,8.673812868069185e-07,1.7213026725793218e-07,8.828719984363716e-07,1.754272634398338e-07,2.019486660132487e-07,3.2051110933213957e-07,1.3516007494700668e-06,-1.0061034287928483e-08,3.2515257462103264e-07,5.078804467918918e-07,2.839805399422314e-07,6.969544263795457e-07,3.894293990546368e-10,2.859346214653294e-07,6.634660328338056e-07,-1.2583539592088278e-07,-4.028698646915081e-08,-1.050485933909342e-07,-1.3364030898421732e-07,1.5294785349492122e-07,-4.949519352317522e-08,-1.0567030847010972e-07,9.521918128477611e-08,-9.850878924180271e-08,-2.2977822767056383e-08,1.6988519939273069e-09,9.016689521754726e-08,-9.638560684696407e-08,-1.1606219403677583e-07,-2.4776573333389124e-08,2.1885851208038247e-07,1.3291267737418997e-07,2.7371407120316763e-08,6.688592330709306e-08,-7.799401374603517e-08,-4.008613705069656e-08,-9.711634851250296e-08,-8.778418442357355e-08,-1.3742247376065575e-07,1.5686540730230618e-07,1.4120438000501793e-08,-1.2871323970397794e-07,-6.010108305017009e-08,-3.892850768956944e-08,1.695568464780141e-07,1.725491215114211e-08,-2.3046612200334998e-08,2.6954883562054325e-08,1.53976596384356e-07
8083.333333333391,-0.019613434723663507,0.3252624154103266,-0.4122665165,-0.006217642927549029,0.34245579907264295,-0.3994670329333333,-0.004784217183555723,0.3419113379251601,-0.3868164935666666,-0.00574834475200707,0.34162837480339514,-0.3908368032666666,-0.027033250321272448,0.3492697017421256,-0.4160308728333332,-0.026203678027453867,0.34800239022717433,-0.4296253698999999,-0.02103864444853815,0.3374615754445266,-0.4085408953666666,0.036716216615530366,0.3324194093449809,-0.2809170862666666,-0.08724081272544236,0.288769295199119,-0.3034703614,0.007449791733824829,0.31790865426018916,-0.3556551208333333,-0.02220620539905858,0.28817495462470216,-0.3901136823,0.11439048726130735,0.20318533794195584,-0.1296713567333333,-0.15556267678054808,0.2269101589469535,-0.1273615039333333,0.15791929999389856,0.02992761465590586,-0.0638672680566666,-0.17929407219492788,-0.02711056949002539,-0.1423691008666666,0.1979118854403678,-0.1646053080665836,-0.02787066457,-0.2239143865235777,-0.21936749916900866,-0.1933942421666667,0.20037619549622132,-0.20484590766669386,-0.0145177247869999,-0.2181677616295873,-0.2568831359213853,-0.2362842430666666,0.1754823215850261,-0.2174644215717973,-0.0451103557866666,-0.1907549518756798,-0.24313937839121827,-0.2604662932333333,0.1943584985344309,-0.19507751433713025,-0.03779524619,-0.21231731219889108,-0.22629504551019494,-0.223095596,0.08240387685884168,-0.1757869127577268,0.04242311482,-0.08059033845778792,-0.1835601506353651,-0.04059534245,0.09175480367644913,-0.5222519656188109,0.0952735727299999,-0.026222756934839397,-0.45561432909484095,0.00255474167,0.08542262739768572,-0.7876839322450242,0.3069335758,-0.054363913898858585,-0.786150525039773,0.2109295651333333,0.067918470779881,-0.8188434173010449,0.3320911271333333,-0.05714906244155685,-0.8151090081070289,0.1920388286666667,0.09543142534954364,-0.8633230469123494,0.2794350015666667,-0.049564046432112735,-0.8503851361706315,0.1005420953966666,onweer_g_ch1_g19_compr.mp4,ch1g19,8.361045568281141e-06,7.520246021466157e-06,9.90219954218457e-06,1.0521545126276233e-05,2.752756308167315e-05,7.2293252891423745e-06,9.834503451551892e-06,5.411893040846171e-06,8.661030491039966e-06,5.724174505172602e-06,9.015242808053532e-06,1.9846066224317235e-05,9.784762896938634e-06,9.94092184056423e-06,1.386350318581437e-05,1.3369189323209462e-05,1.8958557983301006e-05,1.0238483838434027e-05,1.894252413737335e-05,9.342155318189069e-06,8.399398310171853e-06,1.0536096541823471e-05,9.632393367073856e-06,9.951495605095539e-06,2.6244496976422185e-05,8.06514177560022e-07,9.691162029233654e-06,9.996655261309251e-06,6.434417791835219e-06,7.446682421530408e-06,1.086253522035337e-06,5.505957838419547e-06,6.654918119786348e-06,2.1433311668153192e-05,3.2366538928968064e-05,0.00017858915410504637,0.00016549365182853015,0.00016625318995430543,0.00016621570648018785,0.000163091821394919,0.00016481620038623723,0.00015789905585476588,0.00013987412535681546,9.86389652460439e-05,0.0001671324155708497,0.000163296872663887,0.000145271927671655,8.612748561710768e-05,0.00021377288214746547,0.00017442347527292607,0.00016175191590607295,9.089146451777388e-05,0.00016530933268250469,7.565241432428076e-05,0.00012237349413720007,6.305867172787609e-05,0.0001471184672774627,7.790070561531983e-05,-1.5806447182225367e-06,2.6342679847720476e-07,6.933089711483445e-05,7.51146611268269e-05,0.00038025347506601354,0.000304673721828103,0.00039578651700082444,0.00032040346229563106,0.00026945881379906626,0.000196529737537948,3.312249092381179e-07,4.994926045185195e-07,1.162711307208759e-07,2.661511811505607e-07,1.6681989343921262e-06,5.841117485102159e-07,1.3490267021504877e-07,5.735856288517847e-07,4.0672033000953226e-07,2.1843623937191367e-07,6.189040016569252e-07,1.0705871369042408e-06,1.379084358105722e-07,1.3016540528591217e-07,2.3530804120967014e-07,9.276202217910669e-07,1.224455364902394e-06,6.109972233981855e-07,9.839414814129714e-07,1.3850174373298377e-07,8.65989457486227e-07,1.3574912613584062e-07,1.5266890582518535e-07,2.2645609327717522e-07,1.5968940833099405e-06,5.412461247490143e-09,2.4106980454494564e-07,4.960580120077658e-07,2.7277606986526164e-07,8.505604135306183e-07,1.8963010211035333e-08,2.85594446999002e-07,7.128562302544968e-07,-1.7719739930585871e-07,-1.4264374899866612e-08,-1.404656922422598e-07,-1.232229320756115e-07,9.059868451417636e-08,-3.096093232856316e-08,-1.4141040178236414e-07,8.407044181687512e-08,-1.5000027743276514e-07,-1.7695885179510417e-08,-3.0846444146243083e-08,2.5813751765113134e-08,-1.3215147335350335e-07,-1.5310354333276357e-07,-3.518997172419312e-08,1.7463451364507166e-07,1.2050007135820094e-07,4.737422077767731e-09,1.83827975086597e-08,-1.1405738706100002e-07,-3.6882873949869586e-08,-1.3176079750670807e-07,-1.23769928186196e-07,-1.7865381081853794e-07,9.901492670572018e-08,9.03840914251576e-09,-1.6693582030778246e-07,-5.779649242909609e-08,-4.442951939273311e-08,8.150333728177273e-08,1.2458128000733791e-08,-6.578831822965158e-08,1.6335465434588756e-08,1.413015641373116e-07
8100.000000000058,-0.019612896762091804,0.325402428283123,-0.4122123249666667,-0.006229845513121466,0.342582474956463,-0.3994075901999999,-0.004803146939107491,0.3420382523160818,-0.3867527950666667,-0.005763684895357385,0.34175578201561824,-0.3907793155666665,-0.027045328504982244,0.3493948885286949,-0.4159881054999998,-0.026219440051106664,0.3481289758133033,-0.4295916803666666,-0.021051835291887883,0.3375822830768741,-0.4085042355333332,0.03670299324042944,0.3325175064240568,-0.2808718274666665,-0.08725032542569294,0.2888315640180821,-0.3035057645666666,0.0074430703938920826,0.318035727093688,-0.3556036849999999,-0.0222114377886637,0.28830048728087,-0.3900803652999999,0.11439224287823876,0.2032997868209522,-0.129545054,-0.1554943067932833,0.22696765728087268,-0.1275229654666667,0.15784256756576437,0.03009815326485905,-0.0637453098733333,-0.17928970674890957,-0.026980542758649775,-0.1423879215333333,0.1978851279677788,-0.16447555719336776,-0.02789955041,-0.22382734849628452,-0.2192942707171926,-0.1932725294666667,0.20035053866073066,-0.2047102798830222,-0.0146004856796666,-0.21807940320937153,-0.25682242665988453,-0.2361732785999999,0.1754752314011782,-0.21736621756470537,-0.0451663374633333,-0.19062109465279298,-0.24308866484972527,-0.2603101668333334,0.19434273156855883,-0.1949590284567465,-0.0378258967633333,-0.21222216601634414,-0.22623128077663412,-0.234834909,0.08238727909132655,-0.17578797251989883,0.0424379120466666,-0.08057831442125012,-0.1835602531999932,-0.0406066513133333,0.0917019106105262,-0.522179124137907,0.0961900184966666,-0.026273351054134447,-0.4555337516829735,0.0032922387933333,0.08520020603649099,-0.7873107491814129,0.3080675899333333,-0.05443361909141183,-0.7858397822721265,0.2119921326666666,0.06767812846270765,-0.8184562185436847,0.3332664751,-0.057215491205686614,-0.8147801748729993,0.1931382770666666,0.09527329196830224,-0.8630668618152593,0.2807355292,-0.04966225810550447,-0.8501803789100747,0.1017347761366666,onweer_g_ch1_g19_compr.mp4,ch1g19,8.333626187965495e-06,7.953571032366098e-06,9.67600535744172e-06,1.02811944848297e-05,2.9177257966665457e-05,7.741256143254611e-06,9.625289016726677e-06,6.052964398966503e-06,8.741369834505922e-06,5.903671732074484e-06,9.316391655046272e-06,2.0994003347431767e-05,9.59943207342259e-06,9.702701527748129e-06,1.3984493452656193e-05,1.4422365873935766e-05,2.034902656912434e-05,1.0564455248979858e-05,1.996187275808611e-05,9.170885068812148e-06,9.318312776913405e-06,1.032634835942648e-05,9.477284577802594e-06,9.740895167795751e-06,2.7822562198703673e-05,8.085149801105003e-07,9.544708966071922e-06,1.0121827391623864e-05,6.651009297858303e-06,8.186751998889641e-06,1.107255021887938e-06,5.734031158234773e-06,7.318816831881571e-06,2.160971307248194e-05,3.424282890344714e-05,0.00017442322313386752,0.00016195313884456453,0.0001625852913350517,0.00016261478124734944,0.00016032197767914153,0.00016182446722866255,0.00015509910643083746,0.0001371021701578451,0.00010020702155487437,0.00016345045211388972,0.00016065592621576844,0.00014426834673330913,8.863278833175128e-05,0.00021450350936060044,0.00017034028765861538,0.0001644164295230331,9.132093628513559e-05,0.00017082295613772607,8.02648037726505e-05,0.00013070786732830578,7.203372602210671e-05,0.0001507354552095894,8.022618083903292e-05,-1.3940779850309364e-06,1.9764488220496386e-07,8.043830111949935e-05,8.147859445043042e-05,0.0004049446879014234,0.00032402129586104055,0.00042154962872449896,0.0003419181925471933,0.00029265709530614675,0.00021989238907431876,1.711996016513307e-07,5.734483476833825e-07,-5.688344526404956e-09,2.09131514961778e-07,1.7518172749547955e-06,6.343144956666577e-07,1.1844079840165615e-08,6.892642403517194e-07,2.75471233633137e-07,2.2441382214609225e-07,6.418664622476712e-07,1.1057865301233635e-06,2.042048203901201e-08,-4.872510592226677e-09,3.017583751559865e-07,1.1109746713410262e-06,1.3868795783249414e-06,6.842021464302711e-07,1.0250629565240633e-06,3.674231104090127e-08,9.041107793996067e-07,2.3002277354489703e-08,4.262667692786946e-08,6.664049398590165e-08,1.6945540109995875e-06,1.4267595896759595e-08,8.740759759603362e-08,5.164506941349912e-07,2.655175853544196e-07,9.574999601642994e-07,3.203514991569239e-08,2.293358367284229e-07,7.968077633197304e-07,-1.9959461704578522e-07,1.3106893871705752e-08,-1.548254868308476e-07,-7.985596905487356e-08,-1.9000674183294477e-08,-7.246905302882555e-09,-1.5525829167058762e-07,6.007923763844924e-08,-1.7083315739223877e-07,-8.973512106638212e-09,-5.0046859129506225e-08,-7.09254119984716e-08,-1.4755113172193356e-07,-1.6641682923765753e-07,-4.677472676699496e-08,1.0386572094930193e-07,7.350423387486878e-08,-2.12622876744086e-08,-6.067142803221463e-08,-1.317202431638434e-07,-3.3254300105524547e-08,-1.482520798530769e-07,-1.4081241351726978e-07,-1.902209465955081e-07,-5.571299144981248e-09,2.724715022309205e-09,-1.7839339610184206e-07,-4.697722366770815e-08,-4.056950466573551e-08,-5.115524025226004e-09,5.612577840791892e-09,-9.66115316466189e-08,6.911436656795597e-09,1.0461118997655076e-07
8116.666666666725,-0.019627401892765208,0.3255787209044876,-0.4120076038666666,-0.006250709509530026,0.342748550161124,-0.3991870825666666,-0.004829954524485323,0.34220460544554493,-0.3865314373333334,-0.00578779893748503,0.34192181951763456,-0.3905621976999999,-0.02707189403709457,0.34955752556087266,-0.4157677560666665,-0.026250215616592187,0.3482933915870824,-0.4293773708666665,-0.021079148559771076,0.337740998062142,-0.4082905220999999,0.0366927949894751,0.33266385045414576,-0.2806608259999999,-0.087267858127326,0.28894465414407317,-0.3032924445,0.007430934254728841,0.31820289270228064,-0.3554100335999999,-0.022229009730774844,0.28846545164385023,-0.3898809132333333,0.11439862045637668,0.20344549196414913,-0.1292869482666667,-0.15542763885603844,0.22707061943032328,-0.1275297542,0.15776901773820595,0.030305711954826602,-0.0635656951266666,-0.17929327312181834,-0.026800479301133707,-0.1423113981,0.19786209105162042,-0.16432133808983326,-0.02789583648,-0.22375251617853806,-0.21920830978785605,-0.1931500111333333,0.2003292195731063,-0.2045536754683634,-0.0146589105869999,-0.21800444480643497,-0.256756282243441,-0.2360750064333333,0.17547152019180207,-0.21724960853283484,-0.0451997320833333,-0.1904999202108246,-0.24303504044396546,-0.2601574110666667,0.1943301386851516,-0.1948189179629705,-0.0378289688866666,-0.21213768150713713,-0.2261591938231223,-0.246006832,0.08237039615575673,-0.17578886073532352,0.04245579108,-0.08056590661237925,-0.1835604425364433,-0.0406207110533333,0.09164185347043197,-0.5220937694093564,0.09697090715,-0.02632367970850807,-0.45545645574465216,0.0040019753893333,0.08496930826610664,-0.7869115035286787,0.3091104477,-0.054496588916590434,-0.7855404001488359,0.2129792605666666,0.06743052985280945,-0.8180392262360986,0.3343544466,-0.05727320164342247,-0.8144636154934025,0.1941540842333333,0.09510411931558908,-0.862768588847178,0.2819612629666666,-0.04973742681430735,-0.8499773952459514,0.10288222613,onweer_g_ch1_g19_compr.mp4,ch1g19,8.321673716491688e-06,8.562516781015582e-06,9.557602660672812e-06,1.028291607039428e-05,3.106939901189059e-05,8.428888515700381e-06,9.518125403769108e-06,6.8236984597247765e-06,8.686386576890898e-06,6.093063122158762e-06,9.823512895343727e-06,2.233168404128833e-05,9.538074469935558e-06,9.575154980241735e-06,1.4275926716484063e-05,1.5703200191207055e-05,2.1977523238715383e-05,1.123828296265827e-05,2.117911841942897e-05,9.132053801280171e-06,1.0309228490517448e-05,1.0252053170513022e-05,9.450321915991398e-06,9.61566487327648e-06,2.9648483423849096e-05,8.137152620246489e-07,9.467181152069854e-06,1.0659355813759525e-05,6.888516239610663e-06,8.938631001652833e-06,1.1334989388240178e-06,5.9463836563723425e-06,8.181859321868781e-06,2.2281808869898757e-05,3.643607589132576e-05,0.00017136723602920653,0.0001594615374969558,0.00016014941063583445,0.00016013655342406532,0.00015877575540292576,0.00015999740208026995,0.00015353082662473253,0.0001350940481410471,0.0001015257506029242,0.0001608349060117016,0.00015853696264137132,0.00014162764546091363,9.1574641024342e-05,0.00021869648230875624,0.00016955928089698637,0.00017223196430025871,9.449997029607683e-05,0.0001808748241340533,8.701046092408045e-05,0.00014312306238583374,8.25214183815723e-05,0.00015953867362312473,8.533199078582895e-05,-1.4580398677462737e-06,3.26871097371109e-07,9.093296076465937e-05,8.82409655831072e-05,0.00043101793843807157,0.00034443854749503496,0.000448493659801798,0.0003641150170607929,0.00031677504420275353,0.00024338910264007146,-6.204439290521359e-08,6.757035448268867e-07,-2.0063686185885064e-07,1.2367688068738922e-07,1.6705198715199096e-06,7.194505383929892e-07,-1.8531147766936182e-07,7.572391718840622e-07,8.290731065568273e-08,2.7517105982407796e-07,6.216814017465195e-07,1.075299393223266e-06,-1.7314286064333005e-07,-2.1294353369548454e-07,2.9396274322326403e-07,1.2477187758358298e-06,1.495715566790234e-06,6.959443345728331e-07,1.0079256324633913e-06,-1.4486806361909176e-07,9.743718679821098e-07,-1.6895241365146292e-07,-1.430225601561141e-07,-1.6132172813770576e-07,1.6272262107202716e-06,1.4150072096402093e-08,-1.3594854488147813e-07,5.073327729337659e-07,2.2153668210463466e-07,9.696124484256049e-07,3.596371998550758e-08,8.89390006369649e-08,8.871486895680075e-07,-1.9405625109253976e-07,2.3085889486654707e-08,-1.494571160379567e-07,-3.279256361525688e-08,-1.6128950929082178e-07,1.6133503686203624e-09,-1.488152433808766e-07,2.467992028179378e-08,-1.6338487542091976e-07,-1.1457490803732106e-09,-6.602774542460782e-08,-1.8459833341874232e-07,-1.4320971054398518e-07,-1.5828493472859544e-07,-6.580485504058702e-08,1.2992726508027053e-08,-9.842175325120479e-09,-5.849707187896532e-08,-1.5835025231925323e-07,-1.309750770099708e-07,-4.225213542013854e-08,-1.4751947627618914e-07,-1.390676603142358e-07,-1.7787606849836293e-07,-1.4343501160556294e-07,-3.898463688635668e-09,-1.664139707832966e-07,-4.5518782368184446e-08,-2.7134082084922772e-08,-8.286199403080203e-08,-2.354269254847913e-09,-1.0520874774211982e-07,-1.6372931797986753e-08,8.950167047069855e-08
8133.333333333392,-0.01960307062109067,0.32575524694495467,-0.4117963401666666,-0.006240182034451859,0.34291450099565085,-0.3989599471333333,-0.0048287909662750915,0.3423710060820554,-0.3863016117666667,-0.005781999968028593,0.34208796629729343,-0.3903379431666666,-0.02706231105385483,0.3497220196841203,-0.4155489668666665,-0.02624630672416071,0.3484592197379467,-0.4291657614666665,-0.02107125016442429,0.33790046441338223,-0.4080791117999999,0.03668280523786168,0.3328065399288706,-0.2804462224666666,-0.08727696596005644,0.2890570184870085,-0.3031213304666666,0.00743922560453187,0.3183689542722476,-0.3552086394333333,-0.02222271834848614,0.28862990149007234,-0.3896874852333333,0.11438894865611084,0.2035899269369758,-0.1290239894666666,-0.15534804665801,0.2271721623710495,-0.1276130981333333,0.15768972072987536,0.030529240330269002,-0.0632265795933333,-0.17925377609996185,-0.02661772643593885,-0.1424812206666666,0.19783934635239633,-0.16414605040545005,-0.027311944474,-0.2236351325817062,-0.21911776192161217,-0.1932576402333333,0.20030771989009977,-0.20437224345629776,-0.0139951403783333,-0.21789560213061906,-0.25667793741411504,-0.2362248157666666,0.17547104612177805,-0.21710883684786517,-0.0445272701233333,-0.19034849558500777,-0.2429687931270289,-0.2602456259333334,0.19431982499664577,-0.19465575273360572,-0.03723724185,-0.21201874621351574,-0.2260811219163522,-0.243820518,0.08234904198380619,-0.17579064155843088,0.0424766416533333,-0.08054976183113481,-0.18355982104507687,-0.0406378719733333,0.09156886715306077,-0.5220044065952603,0.0978853059733333,-0.02636955708975136,-0.45537238310611,0.0048100907226666,0.08471017460210545,-0.7864897594301575,0.3103077957333334,-0.054563365248223986,-0.7852189220461999,0.2142067262333333,0.06715055755693244,-0.8175985772769191,0.3355971011333334,-0.057337231787594554,-0.8141269688364685,0.1954181522333333,0.09489862835413511,-0.8624616812302777,0.2833939142333333,-0.049820843827012136,-0.849755847474185,0.1043107348633333,onweer_g_ch1_g19_compr.mp4,ch1g19,8.123810297742371e-06,9.179463665551757e-06,9.344649970779854e-06,1.0174887192161978e-05,3.282086782326644e-05,9.124930963980072e-06,9.310756708247858e-06,7.564341022980946e-06,8.414379818585784e-06,6.255140438444616e-06,1.038765836444479e-05,2.3262794258345913e-05,9.380607149529422e-06,9.346072157242426e-06,1.436776200566043e-05,1.6782697917840212e-05,2.3580384628119893e-05,1.194373948428312e-05,2.204459472844935e-05,9.011154676533191e-06,1.1313346290671356e-05,1.0088301013704965e-05,9.33211010858702e-06,9.375481980327012e-06,3.1349322485657286e-05,8.112766904850821e-07,9.289113097991766e-06,1.118027654197873e-05,7.169993976889777e-06,9.697313640848423e-06,1.1511136067772227e-06,6.16370075211668e-06,9.033160606620898e-06,2.278644446083737e-05,3.8324198322356524e-05,0.00016585257554300672,0.0001544107537788984,0.00015504038944995458,0.0001550524290706806,0.0001542694646616821,0.00015520096445796142,0.00014910190124957438,0.0001310381787032136,0.00010025780682195903,0.0001557794046093517,0.00015402028450770848,0.00013679559541487148,9.281421810350147e-05,0.00021877870723325485,0.00016659263133308165,0.000177030214173474,9.917615814015185e-05,0.0001882617528823942,9.572658406226552e-05,0.0001534311930079982,9.457948958409058e-05,0.00016554241972004235,9.234737536257878e-05,-1.6741108713692449e-06,6.001814443659534e-07,9.936514222029512e-05,9.464862060891247e-05,0.0004538538942701649,0.00036250635289224187,0.00047188802835564894,0.00038370279400724676,0.0003371325575892995,0.0002651558101611679,-2.804323649695289e-07,7.342310431681151e-07,-3.8925598594964355e-07,8.215426776610347e-08,1.4437182904746441e-06,7.684550581637447e-07,-3.750319195838167e-07,7.639503141130042e-07,-9.056147473766707e-08,2.947564789886309e-07,5.343075509200334e-07,8.558440365633793e-07,-3.568951126307177e-07,-4.104666037306589e-07,2.444033852783672e-07,1.264613121146889e-06,1.4909281341764105e-06,6.131391616427705e-07,8.101676804985192e-07,-3.2163485381983983e-07,9.918924235235273e-07,-3.665176318797954e-07,-3.2143504933342423e-07,-3.748048530424945e-07,1.4150874235694186e-06,4.5374138323658146e-09,-3.4357028670732993e-07,4.4936587398718187e-07,1.7603758426214577e-07,8.519284504137218e-07,2.83131399557459e-08,-7.162522215799003e-08,9.118646763065927e-07,-1.5611996716133927e-07,1.500645084357358e-08,-1.1460058316086981e-07,1.7942584110227038e-08,-3.0713151592299006e-07,-5.251328062636697e-09,-1.1285891153587685e-07,-1.203459874299878e-08,-1.2902523541176501e-07,4.964897018418817e-09,-7.797475500629518e-08,-2.773182936675521e-07,-1.0830287460526807e-07,-1.1921324463825135e-07,-7.842920317113989e-08,-7.694676651143208e-08,-1.1125216804681462e-07,-9.605117038626788e-08,-2.409936033717528e-07,-1.0067160703038386e-07,-6.558573193000941e-08,-1.1778710531259537e-07,-1.0730169619141368e-07,-1.3429229040574261e-07,-2.8489900531566843e-07,-9.897849340666361e-09,-1.2341666571775044e-07,-4.555430346071428e-08,-7.91730494576639e-09,-1.4767300866351098e-07,-1.0426391613074434e-08,-8.387044347750352e-08,-4.941114453605137e-08,9.366677300582073e-08
8150.000000000059,-0.019579807231805867,0.32593298095643275,-0.4119094750333333,-0.006230696591869875,0.3430796050785152,-0.3990479971333333,-0.004828343278097835,0.342536651951066,-0.3863830317333334,-0.0057774602466089744,0.34225324262893464,-0.3904213608666665,-0.027054346800363095,0.3498855920791801,-0.4156366462999998,-0.026244070491408682,0.3486242079402034,-0.4292673039333332,-0.02106539749914145,0.338059242426953,-0.4081721814666665,0.03667338943540881,0.332944187996894,-0.280484889,-0.08728731520738714,0.2891633850509261,-0.3031647563999999,0.0074473497203813,0.31853420147652345,-0.3553109706666666,-0.02221671149396458,0.2887944007299033,-0.3898027815,0.11438816107387545,0.20373028739442658,-0.1288763883333333,-0.15528655856105877,0.2272707424956085,-0.1277544319333333,0.1575993492914278,0.030751234073727592,-0.0628903235899999,-0.17923068127208389,-0.026444572538304262,-0.1425729199333333,0.1977884189977477,-0.163966417346919,-0.0268025139446666,-0.22352050650885522,-0.21901516584511804,-0.1932195439333333,0.20025392170344647,-0.2041762824085384,-0.0134497915769999,-0.21778308191769033,-0.25657357433271866,-0.2361910442999999,0.1754318648702897,-0.21694398897433742,-0.04397784972,-0.19019523473463398,-0.24284734499358793,-0.2601522344,0.19427658200694778,-0.19448735498314818,-0.0367237225633333,-0.2119011057870688,-0.22598201449215213,-0.22411871,0.0823310007080836,-0.1757915732196506,0.0424971388199999,-0.08053814030677367,-0.18355999836870407,-0.04065458477,0.09149329710403592,-0.5218982626741776,0.0990153586333333,-0.0264234371674635,-0.45527722923439584,0.0059001003259999,0.08444399441672008,-0.7860302158434862,0.3120146025333333,-0.054633221868776005,-0.784849094803806,0.2158333777,0.0668668493520165,-0.8171217507865008,0.3373903158,-0.057400624033889874,-0.8137340914719862,0.1971261337666666,0.09468973840922454,-0.86210093497999,0.2854660761666666,-0.049923455130343845,-0.8494749084899307,0.1062542608,onweer_g_ch1_g19_compr.mp4,ch1g19,7.814128079515992e-06,9.93551932053521e-06,8.939536589247092e-06,1.0512602369814909e-05,3.452757372826369e-05,9.920897821472886e-06,8.917472731519226e-06,8.372846454190997e-06,8.29968180869351e-06,6.635333988808798e-06,1.102241126637066e-05,2.4125310484343537e-05,8.996931311417887e-06,8.925152139999827e-06,1.456971223931785e-05,1.816464660086771e-05,2.5277523425230475e-05,1.2668021502086459e-05,2.2878319509648767e-05,8.66043890231557e-06,1.2324644577411892e-05,9.701847767903191e-06,8.981178906656702e-06,8.997975530658661e-06,3.2991725263398806e-05,8.428795305274314e-07,8.913238880248043e-06,1.172935890532635e-05,7.3028687256033136e-06,1.0587291874761778e-05,1.2071706584161292e-06,5.8752112728386155e-06,9.920347435192204e-06,2.3644951423529153e-05,4.014811875345048e-05,0.00015848946786871308,0.00014747233311548892,0.0001479285885626988,0.00014806155851366864,0.0001480370330685226,0.00014862198790723116,0.0001428267789121291,0.00012553327898030204,9.583244436554893e-05,0.00014948462774378016,0.00014782645954334605,0.0001350918099023028,9.662555777102879e-05,0.00022248687049806172,0.00017023100320834019,0.00018607968349093867,0.00010624948007211033,0.000199211017998341,0.0001057197813274511,0.00016631282081883494,0.00010581755792383813,0.00017560064851127237,0.00010101213843562546,-1.9212365776202136e-06,9.105231465645938e-07,0.00010702821985551015,0.0001018805016678429,0.0004737888554713592,0.0003768687625070644,0.0004923281078939003,0.00039847312101262586,0.00035677648831291886,0.0002869036666754507,-4.3836688677591506e-07,7.251767166934338e-07,-5.256840223817726e-07,1.101044419477649e-07,1.0425824304130499e-06,7.419431839435496e-07,-5.104205611475197e-07,7.147539025525125e-07,-2.3009903904248697e-07,2.8710802573776783e-07,4.902184368273376e-07,4.773717968998204e-07,-4.84299964452032e-07,-5.498336663230032e-07,1.3355844322341423e-07,1.1365135032244775e-06,1.3047801999277165e-06,5.347857589490426e-07,4.7170192529093005e-07,-4.4493413752661047e-07,8.884089968053217e-07,-5.153696316232914e-07,-4.4660226510307904e-07,-5.230749361205798e-07,1.029822205531829e-06,-4.023082569105877e-09,-4.85031837948197e-07,4.373431977455487e-07,1.70780764414975e-07,7.081244770446816e-07,1.819457555551879e-08,-1.9562647555119135e-07,8.313062481660471e-07,-8.602446036781903e-08,-1.2718712539566011e-08,-4.2416635821912645e-08,5.0477057350520065e-08,-4.3456361384362456e-07,-2.9318722949051958e-08,-4.043276090004645e-08,-4.9036422226941705e-08,-8.623177180234565e-08,-1.0200294703868541e-10,-8.59646197424212e-08,-3.411828185551703e-07,-3.344687741667143e-08,-4.2161841695322547e-08,-9.058808053931067e-08,-1.7046988945480774e-07,-2.211550210926199e-07,-1.2699650924084638e-07,-3.0089719518333625e-07,-3.0310566809914455e-08,-9.947929796723048e-08,-4.805827339694908e-08,-3.559379575578576e-08,-5.6733843064319146e-08,-4.0763559157708933e-07,-1.6185872060833148e-08,-4.339645507333567e-08,-4.793058121114782e-08,1.7945388419949185e-08,-1.9751203863756253e-07,-1.938209136068148e-08,-1.3713206548646442e-08,-8.912870470662175e-08,1.1494885783889668e-07
8166.666666666726,-0.019554383801125712,0.3261010972776573,-0.4115169645666666,-0.006222418978521031,0.3432365720216817,-0.3986481333,-0.004829333359265325,0.34269488037498624,-0.3859801242333334,-0.005774367598426413,0.34241121307986927,-0.3900314590666666,-0.027046396656064123,0.350044034456319,-0.4152794843666665,-0.02624186162523139,0.3487830609588838,-0.4289152808666664,-0.021059577205537888,0.33821193465055627,-0.4078233154999999,0.036616656845347165,0.33308062980896247,-0.2801605582666667,-0.08731013699837215,0.2892671113435153,-0.3030013274333333,0.007453889956417894,0.3186950325548803,-0.3549423546666667,-0.022211668698067937,0.2889516607189479,-0.3894847897333333,0.11433103244883132,0.20387531014548088,-0.1284680356666666,-0.15522773471763376,0.22737010720105513,-0.1279013107,0.15748562236519575,0.03099737168756535,-0.0621917826099999,-0.17920245685504907,-0.02626227247644076,-0.1428767600666666,0.19772168971867163,-0.16374431425721567,-0.025626650554,-0.22338143068541227,-0.21889885933480924,-0.1934057130666666,0.2001798513850187,-0.20393591573757175,-0.0121235910836666,-0.21764283136673596,-0.2564550193984691,-0.2363830045333332,0.17536854014860193,-0.21673440741885894,-0.0426221266133333,-0.19000325812751678,-0.2427244940416398,-0.2602271544666666,0.19421645949464109,-0.194276217205991,-0.0355224583133333,-0.2117592890471028,-0.22587090912027225,-0.224089295,0.08230911597788586,-0.17579235562899162,0.0425400744699999,-0.08052262463660313,-0.18356030208966145,-0.04069434827,0.09140442113712999,-0.5217641575685503,0.10027649631,-0.026465142798238882,-0.45516193271762473,0.0064827787699999,0.08416248468474286,-0.7855005678621431,0.3136539080666667,-0.054722519284933685,-0.7844279333955136,0.2167634614999999,0.06656766849624775,-0.8165747142825538,0.3390702866333334,-0.057492254729235526,-0.8132886941805677,0.1980889315666666,0.09447278567228763,-0.8617054934640754,0.2873820753999999,-0.050033057578764306,-0.8491513398771228,0.10734877517,onweer_g_ch1_g19_compr.mp4,ch1g19,7.6209373671406954e-06,1.0795028322675876e-05,8.709787335703828e-06,1.0945164547882198e-05,3.5625467834980105e-05,1.075444974594541e-05,8.708810303297358e-06,9.155942386804863e-06,8.53624722298416e-06,7.078262862737431e-06,1.1714310945841715e-05,2.4657390384041084e-05,8.785890760788569e-06,8.684175647862232e-06,1.4939484365658963e-05,1.9460527307584702e-05,2.6411152213537393e-05,1.3468809060530077e-05,2.3428948595676557e-05,8.492219054767682e-06,1.3202659607242752e-05,9.523381182065455e-06,8.787256742650744e-06,8.848076932248087e-06,3.410235269492982e-05,8.464977792992475e-07,8.781578321621313e-06,1.2399531487686189e-05,7.571766600527842e-06,1.1483467242872384e-05,1.2340424820012169e-06,5.7461439197666365e-06,1.0918868082197267e-05,2.47642047660223e-05,4.137494521601499e-05,0.00015497312596519073,0.00014384310116618158,0.00014410380386193866,0.00014430433523906748,0.0001448804776840737,0.00014541440229907555,0.00014015075256854756,0.00012208897309154293,9.444759348022427e-05,0.00014664735925940374,0.00014552470470512264,0.00013926522871320928,0.0001032195923264467,0.00023076218935832763,0.00017524391090588742,0.00019738083790147486,0.00011496147668822436,0.00021224549276686487,0.00011796378877596804,0.00018002087342578352,0.00011710410971342309,0.00018659935032211932,0.00011029110338530905,-2.085808187913963e-06,1.152663638255335e-06,0.00011391937061474853,0.00010814170492684372,0.00048601674627352575,0.0003841915056160699,0.0005040452209444844,0.0004053232764326034,0.0003699427707922056,0.0003017603706380513,-5.338695482393083e-07,6.280586000413576e-07,-5.704510501903888e-07,1.6792906109109247e-07,4.6116749171844636e-07,6.271408307501316e-07,-5.515011864043905e-07,6.013182725886798e-07,-3.244244430875264e-07,2.451477193337982e-07,4.0269845455509317e-07,-3.3154055698293414e-08,-5.165436998130701e-07,-5.923785178935958e-07,-4.980726169976561e-08,8.469625720047348e-07,9.725841851124668e-07,3.834303533630478e-07,1.36934737609526e-08,-4.750687921527164e-07,6.735045429807025e-07,-5.68165106894149e-07,-4.830943235853064e-07,-5.77599024786587e-07,4.7460604096547353e-07,-2.323415766579155e-08,-5.200365911914399e-07,3.844947592192175e-07,2.0283390521004702e-07,4.786697738605242e-07,-5.650824720135135e-09,-2.1366136012641652e-07,6.441412003393171e-07,4.80958277280777e-09,-5.634626676011493e-08,5.305082594417353e-08,6.893955280748288e-08,-5.054325732054596e-07,-6.659004410347932e-08,5.406961011388533e-08,-7.663174957112479e-08,-4.338752296086232e-08,-8.317802536344998e-09,-8.942185640094903e-08,-3.518980735567554e-07,6.551871623160673e-08,5.824965453190128e-08,-9.947996099499249e-08,-2.4419794038358794e-07,-3.047529498739762e-07,-1.478009266679004e-07,-3.145457961316234e-07,6.438254214790092e-08,-1.3662132380730736e-07,4.659519062751496e-08,6.067736325234656e-08,3.992855511735024e-08,-4.7664523109226723e-07,-2.0528817758628045e-08,5.588669406259781e-08,-5.4220569451030993e-08,4.178673081125399e-08,-2.2414931841093498e-07,-2.652559032331914e-08,8.145391936922491e-08,-1.3375691488177747e-07,1.4409613634742971e-07
8183.333333333393,-0.019514836668195493,0.326263316893823,-0.4108436218333333,-0.006204976335614537,0.34338945164372187,-0.3979770790666667,-0.004821495487668136,0.34284958644576496,-0.3853063752,-0.005761375947952891,0.34256624455391316,-0.3893743536333333,-0.027024173728284504,0.35020445455012317,-0.4146587844666665,-0.02622626460138603,0.34894264656367485,-0.4282955574666665,-0.021039669363061876,0.3383644428772499,-0.4072118592666666,0.03655754229995384,0.333222160706285,-0.2796110567000001,-0.08732791100836476,0.2893793138137617,-0.3026611557666666,0.007467069113091096,0.31885406556867313,-0.3543039054666667,-0.02219631573524678,0.2891064161833353,-0.3888980922999999,0.11427238794308084,0.20402619978820635,-0.1278692638,-0.15514596131156227,0.22748917069510205,-0.1279473262333333,0.15735786459555476,0.031263490130939736,-0.0612828860333333,-0.17913196014134894,-0.026050350512858898,-0.1431233375333333,0.19762406113568817,-0.1635141374448633,-0.0241438833566666,-0.22321390983158243,-0.21875786807695455,-0.1934857427333333,0.20006243028563214,-0.20369542439633623,-0.0104700242503333,-0.217481772014444,-0.25630794019825187,-0.2364502847666666,0.1752630819640207,-0.21653080465958813,-0.04091954747,-0.18979215736126515,-0.24259105233676984,-0.2601742568333333,0.1941242318226516,-0.1940567696859144,-0.034002929621,-0.2115946484009162,-0.22573731098801575,-0.2181447,0.08228441898484118,-0.17579574290690633,0.0425862064766666,-0.08050442129381853,-0.1835578384202075,-0.04073830173,0.09130044118777911,-0.5216468139896887,0.1016279809633333,-0.02649683375763929,-0.455039454890371,0.0069665480573333,0.08386222445285169,-0.7849711055641807,0.3153330037,-0.054828003755604426,-0.7839966329485704,0.2175657911999999,0.06624535388940833,-0.8160262381035487,0.3407796276666667,-0.05760852058986199,-0.8128365566624496,0.1989137684333332,0.09421799531579196,-0.8613126961641171,0.2893283627666667,-0.05018135048971286,-0.8488135602542877,0.1082907915566666,onweer_g_ch1_g19_compr.mp4,ch1g19,7.173493842921999e-06,1.1367961231412352e-05,8.164233644064621e-06,1.1186730312199207e-05,3.5558384930433916e-05,1.131032736150179e-05,8.191037828541264e-06,9.710212510480491e-06,8.457168498764955e-06,7.500133503924039e-06,1.2356954766278928e-05,2.4522433499215914e-05,8.275941346006513e-06,8.12189569048691e-06,1.5077816725394434e-05,2.0238457224869018e-05,2.6921234419307725e-05,1.4074034116183422e-05,2.3378291095886764e-05,8.022784234856692e-06,1.3714127179160516e-05,8.972154533907616e-06,8.302366816154984e-06,8.335468067673578e-06,3.410574606176714e-05,8.305450084017402e-07,8.31201046210943e-06,1.3035985421584643e-05,7.807846537634848e-06,1.2196295473814408e-05,1.2244894289162475e-06,5.51200934813394e-06,1.1486165146063125e-05,2.5527454842837786e-05,4.13490799050446e-05,0.0001447038229801561,0.00013428201184259366,0.00013412841806065525,0.0001344765062682449,0.00013605064438765993,0.00013641659779425815,0.00013163779316867116,0.00011419967555512774,9.018510249477609e-05,0.00013737849468615324,0.00013730389065456103,0.00013731675988299137,0.00010715261225174684,0.00023463797734037798,0.000176840960693683,0.00020815466207825068,0.00011899058512447045,0.00022244151091575622,0.00012215735284894252,0.00019159328707793038,0.00011909403420806427,0.00019715453904961333,0.0001142798122465559,-2.5026497241813014e-06,1.6535432808982295e-06,0.00011787201742709644,0.00011249884473705561,0.00048124370523106735,0.0003795594619988832,0.0004978495627401022,0.00039904193459079824,0.000372916030407206,0.0003076446431686397,-4.95628841607969e-07,4.945374676241628e-07,-4.7284345262163766e-07,2.5009885707928925e-07,-1.2051781585599713e-07,4.896834270887868e-07,-4.4956758261924184e-07,4.919447742234368e-07,-3.24134522759358e-07,2.1725066353392345e-07,2.7199791399752815e-07,-4.985362865084503e-07,-4.079447896595453e-07,-4.858876383942394e-07,-2.1695673274494632e-07,4.857457909416759e-07,5.864499337612022e-07,1.7239673294086078e-07,-4.0596063301838097e-07,-3.681039231730395e-07,4.5339332254990416e-07,-4.752351046295647e-07,-3.8381144457984095e-07,-4.859362893192762e-07,-7.675170045529946e-08,-4.687699903283318e-08,-4.0567144797167137e-07,2.8494624932024565e-07,2.500016345439934e-07,1.9493223466221088e-07,-3.696048025827226e-08,-9.739576851605281e-08,4.299044498934291e-07,1.1925439122948442e-07,-9.782284220744068e-08,1.774761435584595e-07,8.322217940257306e-08,-4.992095532152247e-07,-1.01873161333391e-07,1.7640761821875358e-07,-8.246782166195312e-08,1.5578559309950818e-08,-1.3065051148885887e-08,-8.024120144760455e-08,-2.9801364049462296e-07,1.9250562039115925e-07,1.8748243166192746e-07,-8.623248995455961e-08,-2.780801221589143e-07,-3.5197274135242567e-07,-1.418993458628283e-07,-2.699983478272391e-07,1.880468753466035e-07,-1.6436088876310883e-07,1.7450729493997623e-07,1.8497908592093228e-07,1.6516851467812486e-07,-4.7039062264794256e-07,-2.168920144778965e-08,1.8193395735717648e-07,-5.3295190610902346e-08,6.6823816697859e-08,-2.1533222717467396e-07,-2.989089045307926e-08,1.9669645236007831e-07,-1.6098158178337407e-07,1.6362047325463745e-07
8200.00000000006,-0.019487676471906232,0.3263869123658123,-0.4111889373666666,-0.006192743308658021,0.34350055862203743,-0.3983491193333334,-0.004817632813419597,0.3429591958373032,-0.3856696774333333,-0.005753486604385036,0.3426767943677482,-0.3897409619333332,-0.02700961567384556,0.350316633181093,-0.4150283878999998,-0.02621710729215242,0.34905565493866997,-0.4286815074999998,-0.021027126427798255,0.3384737681126164,-0.4075827700333332,0.03651679662310299,0.33330289821861697,-0.2800095614333334,-0.08734020595798474,0.28944217555611995,-0.3030405403333333,0.007477040338956918,0.31896582338210344,-0.3546482802333333,-0.022185102419906223,0.2892227996739264,-0.3892568854333333,0.11426139955159949,0.20414557848093617,-0.1280530760666667,-0.15506908236048905,0.22757686636056482,-0.1282543368666666,0.15726745868448438,0.0314790508999562,-0.0612717497766666,-0.1790720514393395,-0.02591056680010971,-0.1434293730999999,0.19753861313668303,-0.16331386584430688,-0.0241894694866666,-0.22306612189596453,-0.21863684983369866,-0.1936989341666667,0.19995559548288036,-0.20347687949300824,-0.0105908748836666,-0.21732881658693481,-0.2561766452230855,-0.2366845359666666,0.17516059682877338,-0.21633786996224041,-0.0410189445,-0.1895949306823168,-0.24245607533390282,-0.2603268283333333,0.19403898274154202,-0.19386615481028271,-0.0340457010443333,-0.21144275993824188,-0.22561581928929744,-0.21542266,0.08226533863395033,-0.17579880664410644,0.0426209305299999,-0.08049249445521321,-0.18355561991170033,-0.0407699065933333,0.09118110934465852,-0.5215336531462277,0.10291424253,-0.026547956042678594,-0.4549249506150704,0.0075798283203333,0.08355398623558795,-0.7845040603517609,0.3170855918666667,-0.054894175893067415,-0.7836148998455628,0.2184233947333333,0.06591846550585688,-0.8155425552485651,0.3425842824666666,-0.05767073149710553,-0.8124313594514531,0.1997982407666666,0.09394504251773549,-0.8609466802046088,0.2913344842333333,-0.050306927663013916,-0.8484939034552231,0.1092685354633333,onweer_g_ch1_g19_compr.mp4,ch1g19,6.83799617881157e-06,1.20278473417188e-05,7.709909843814786e-06,1.1785450275613883e-05,3.523727951422007e-05,1.1893809396895152e-05,7.74670115794862e-06,1.0136751838317678e-05,8.19762411839365e-06,7.751454136354508e-06,1.2966018558112442e-05,2.393827514969825e-05,7.876900720989943e-06,7.648042946908823e-06,1.5138586233853113e-05,2.0724489762648656e-05,2.75871691168473e-05,1.4458123986786102e-05,2.2914426376111184e-05,7.64073661163561e-06,1.412121204280645e-05,8.454231728703907e-06,7.939648350991567e-06,7.883255212882959e-06,3.38013522842368e-05,7.941336699191003e-07,7.89321757776329e-06,1.358581224564155e-05,8.27564913547751e-06,1.2676369997174351e-05,1.2054951459333583e-06,5.465696432143727e-06,1.1963539550553416e-05,2.640676120633294e-05,4.083628720132745e-05,0.00013562957760785018,0.00012625125081665184,0.0001258686595554443,0.00012650309257996765,0.00012988453688538327,0.00012980851094143684,0.00012520818988315117,0.00010872973344096352,8.993197651197732e-05,0.00012938773251573198,0.0001303585447797652,0.00013247412804753597,0.00011232814259113866,0.00023711544103790792,0.00018400165089043415,0.00021711385015194725,0.00012462037519151356,0.00022809424038023671,0.00012612070340676856,0.00019753409921664333,0.00011815400017465586,0.0002064126524520853,0.00011899302745318387,-3.280368502117233e-06,2.521738004242515e-06,0.0001191933333341557,0.000116821553224988,0.0004737052976794859,0.00036873066829770076,0.0004898709858329756,0.00038553656705231,0.00037981157002679435,0.0003105237932135819,-2.600155741872043e-07,3.8588854604787254e-07,-1.8329213547114758e-07,4.180545575802484e-07,-6.061288460944318e-07,3.6689316911365205e-07,-1.598715780750413e-07,3.9871019971339135e-07,-2.2411583717607386e-07,2.0010011716229723e-07,1.741751709699843e-07,-7.760176651824753e-07,-1.0446095300748232e-07,-1.8113924635848495e-07,-2.7662398097137917e-07,1.638625145703884e-07,1.7313142709512146e-07,-1.8193901988483885e-08,-6.50845604356306e-07,-7.093955160672051e-08,2.5463832348449667e-07,-1.8899663337495155e-07,-8.951823573515971e-08,-1.975609874555836e-07,-5.260769819331974e-07,-6.746092596786796e-08,-1.0722222775954938e-07,2.125307176428749e-07,3.611077592719817e-07,-7.070488298035263e-08,-6.836625985406358e-08,2.0851267053614632e-07,2.3697825159021833e-07,2.299380190319392e-07,-1.3746754271723727e-07,3.005232055817126e-07,7.249003933208678e-08,-4.416254421102897e-07,-1.345548182368243e-07,2.9725995883053074e-07,-7.011060030888974e-08,7.995886027838884e-08,-8.635469588888774e-09,-5.6735723420924374e-08,-1.9573817758426764e-07,3.1615698559376344e-07,3.1441468601846386e-07,-5.304184241225365e-08,-2.715966357885442e-07,-3.749247437363905e-07,-1.0549253794547692e-07,-1.8085305265345716e-07,3.100504309833793e-07,-1.8219750914940364e-07,3.047624299021912e-07,3.0622875881252393e-07,2.8864462866655185e-07,-4.12599075439866e-07,-1.90987824418423e-08,3.044250082447827e-07,-3.954606780381451e-08,8.12774224210106e-08,-1.6915393312549717e-07,-2.9294739618544607e-08,3.023056942145712e-07,-1.7276285403138577e-07,1.6890665951439922e-07
8216.666666666726,-0.019443404614480735,0.3265116953710635,-0.4112524719333332,-0.0061561981383308735,0.34361435583697547,-0.39843079,-0.004788711480577454,0.34307150395499053,-0.3857464939333333,-0.005722017032970444,0.3427902665510165,-0.3898233504666666,-0.026975453364685407,0.3504340696016453,-0.4151113933333332,-0.026188702982908412,0.3491731305482486,-0.4287742314666665,-0.020995166436160322,0.33858736255078326,-0.4076687805333332,0.03651262508701706,0.33339409851497753,-0.2801650093333334,-0.08733613507281045,0.2895270321752801,-0.3031864753333333,0.007505717621065195,0.3190809495080748,-0.3547184826,-0.02216137177794444,0.2893426861089437,-0.3893336015666666,0.11428216407591149,0.20426630232056148,-0.1280738562333333,-0.1549782292200189,0.22769146687908356,-0.1284603509,0.15719723246367776,0.031692438092928,-0.0611252241733333,-0.17899917885875608,-0.025747425455756198,-0.143700005,0.19750124552818282,-0.1631133333037182,-0.0240072334366666,-0.22291259058128157,-0.2185203373794822,-0.1938706596333333,0.19990830761968859,-0.20325942445908624,-0.0104167285129999,-0.21717422210912407,-0.25605181323012194,-0.2368714819333333,0.1751266759394513,-0.21614611351970237,-0.0408347647833333,-0.18939211740899342,-0.24233246088767874,-0.2604361879666667,0.19400609005679245,-0.1936748279006265,-0.0338562962943333,-0.2112857171896063,-0.2255004506944454,-0.215413839,0.08224989878068241,-0.1758031277393519,0.0426568014766666,-0.08048404990890298,-0.18355192553216734,-0.04080250847,0.09104916332285384,-0.5214220486873756,0.1040710703433333,-0.026616488094146983,-0.45481586345804154,0.0079870210356666,0.08324966558893844,-0.7840609443704791,0.3184471686,-0.05497135194612562,-0.7832666915111421,0.2189566347999999,0.06559831313282592,-0.8150851055450095,0.3439622680666667,-0.05774440867327848,-0.8120656263332404,0.2003362670666666,0.09368042935030546,-0.8606032117414854,0.2928483865666667,-0.0504727896948068,-0.8481982679000433,0.1098948786966666,onweer_g_ch1_g19_compr.mp4,ch1g19,6.356925979653212e-06,1.2257632770370806e-05,7.347619067824391e-06,1.1921762941676512e-05,3.393252189185132e-05,1.2140162883009237e-05,7.407498745909704e-06,1.039001444534506e-05,7.706674899550914e-06,7.791533697566943e-06,1.2803113627585328e-05,2.2604667022902524e-05,7.602795008106562e-06,7.280848127239277e-06,1.4519561263760272e-05,2.054320932594163e-05,2.747047025563749e-05,1.4039049832014046e-05,2.172882621823907e-05,7.400028789916804e-06,1.4259130854308173e-05,8.061635331928224e-06,7.686300315018881e-06,7.4840703084433315e-06,3.2611546739648e-05,6.794517590986946e-07,7.608830834073654e-06,1.3450171790379241e-05,8.425215595041002e-06,1.227307324854453e-05,1.089453442756929e-06,5.582567095918138e-06,1.203446567484611e-05,2.615535840422763e-05,3.918743254634934e-05,0.00012855876455766793,0.00011958767776697123,0.00011893994906355743,0.000119608750681817,0.0001250630987161988,0.00012476895581469503,0.00012061229875396653,0.00010127586946280027,9.230724866375117e-05,0.00012205663956514523,0.00012540311993122102,0.00012378513379476743,0.00011579605001177172,0.0002292642053417168,0.00018558460004676993,0.00021609791100798606,0.00012345310423478322,0.0002231221625685288,0.00012066223958265689,0.00019412868202394961,0.00010874116052257006,0.00020533371214400843,0.00011644679126766873,-3.684504636585098e-06,2.9648293773171445e-06,0.00012007957222668803,0.00011638576071818871,0.00045493368430171775,0.00034908922393984824,0.00046964086541130166,0.00036361364817607704,0.00037598106008704494,0.0003045009931870271,4.227003339760125e-08,2.4788958828972727e-07,1.8120661135674906e-07,4.949509096142396e-07,-1.0198306753609207e-06,2.3189128631954252e-07,2.0050788771621704e-07,3.4663460880021295e-07,-8.975597441446239e-08,2.030024569366474e-07,1.1365567835746685e-07,-8.75099673451515e-07,2.7606378868787136e-07,2.0080500308630587e-07,-2.74740713311746e-07,-6.767114347841388e-08,-2.036821109996111e-07,-1.4217949932103489e-07,-7.416208410420429e-07,3.0319192421471967e-07,7.264587906400676e-08,1.8172890195980653e-07,2.7897834283642613e-07,1.5610632803442446e-07,-9.059605779489723e-07,-8.471521656985709e-08,2.589637697358867e-07,1.6105064341937682e-07,4.2877959467174786e-07,-2.3797978334407733e-07,-9.682342737393693e-08,5.75758790134887e-07,6.332800884366018e-08,3.2971933720474776e-07,-1.5352209384686157e-07,4.0574098495895967e-07,6.046480360667236e-08,-3.243131445378009e-07,-1.4741516970484463e-07,3.995585067763982e-07,-4.0966342954721666e-08,1.4456037043196958e-07,8.171997228829229e-09,-2.718701895524759e-09,-5.28788088783781e-08,4.189691003065599e-07,4.214538982654892e-07,1.5235548763856327e-08,-2.1927945610933965e-07,-3.4488993874695574e-07,-3.084472127091119e-08,-5.1561409249010616e-08,4.1162267605090493e-07,-1.813916445144024e-07,4.1745079872358235e-07,4.0817026867643077e-07,3.944539405260666e-07,-2.989422699375046e-07,-1.0884542659596333e-08,4.040656954959011e-07,1.216752052139839e-09,1.0006338954586538e-07,-7.802543638136077e-08,-2.1562223179230123e-08,3.809081949909271e-07,-1.566786159709612e-07,1.6570645191425185e-07
8233.333333333392,-0.019392139479580423,0.3266515975084199,-0.4109333605666666,-0.006117723824864581,0.34374561140587506,-0.3980895722666666,-0.004757019096823242,0.3432031956911797,-0.3854026441666667,-0.005688003722432366,0.34292197703848304,-0.3894888005333332,-0.02693817339553957,0.35057193745407716,-0.4147956864333332,-0.02615752070050098,0.3493104958035607,-0.4284589178999999,-0.020960114181655765,0.33872131858947185,-0.4073568426,0.03650413357390219,0.3335083011977052,-0.2798129286666667,-0.08734435779379561,0.28963394109702917,-0.3029614568666667,0.007537137896343381,0.31921587666856016,-0.3543957989333333,-0.022136324504749335,0.2894794686740272,-0.3890339610666666,0.11428763015902814,0.2043982606907684,-0.1276522527,-0.15489737668460724,0.22782009952730314,-0.1284861845333333,0.15712834495830705,0.03193135906613249,-0.0603120772433333,-0.17892289194496583,-0.0255517636795276,-0.1438525402333333,0.1974981928430885,-0.16289460428628513,-0.02266587942,-0.22274815096822612,-0.21839554627630878,-0.1938584968333333,0.199908640283357,-0.20304130197973352,-0.0089226419496666,-0.21701312611180534,-0.2559393732846659,-0.2368348876333333,0.17513852088699786,-0.21596394793822726,-0.0393302734533333,-0.18917757761273066,-0.24224436802671243,-0.2603076451,0.19401100111924854,-0.19346984483581509,-0.032487339904,-0.2111177350429186,-0.22538641997465203,-0.215915725,0.08223285420395615,-0.1758073651776026,0.0427091599266666,-0.08047330560417176,-0.1835484367077961,-0.0408523455266666,0.09091629151389578,-0.5213089151133027,0.1051050644,-0.026673281431487287,-0.45469821834377533,0.0080948897346666,0.08293945228762022,-0.7836075325944409,0.3195353725666667,-0.05504812642171261,-0.7829414498041737,0.2191448821666666,0.0652685247527449,-0.8146147533332955,0.3450470348666666,-0.057819536549459816,-0.8117331027849317,0.2005279943333332,0.09341214630634545,-0.8602199213963407,0.2940582823666666,-0.05060527932071695,-0.8479085563193106,0.1101463186633333,onweer_g_ch1_g19_compr.mp4,ch1g19,6.048133534189063e-06,1.2277287836125184e-05,7.234535917549891e-06,1.2062707255531371e-05,3.233264806569825e-05,1.2183176854697577e-05,7.316570492601193e-06,1.0625728606250204e-05,7.221956450024015e-06,7.884796925423522e-06,1.2479200962990749e-05,2.1273681108922315e-05,7.615427035010066e-06,7.184481243486206e-06,1.3738063634602558e-05,2.0077357033648236e-05,2.6893929734924e-05,1.336798072465184e-05,2.055875918508276e-05,7.445185191209937e-06,1.4212808975992296e-05,7.93518359447509e-06,7.699984562989671e-06,7.297063217445581e-06,3.1150414551314295e-05,5.629453912435208e-07,7.57066450747732e-06,1.3151182172320379e-05,8.653633740538524e-06,1.1582962748840124e-05,9.544829480096377e-07,5.999712786899989e-06,1.1862528517789366e-05,2.5650120621581164e-05,3.7323061315344405e-05,0.00012637536465329809,0.00011732475787975742,0.00011668596504862327,0.00011710098967392463,0.00012503010485538573,0.00012476117731245436,0.00012110727512220077,9.640590963432957e-05,9.95297379249568e-05,0.00011843611034855534,0.00012471971717860394,0.00011511146319375057,0.0001206496651224231,0.00021981530254859988,0.00018775408173890483,0.0002129835178098072,0.00011943281409890155,0.00021488823647030755,0.00011065284089889786,0.00018656323594500314,9.441119017029679e-05,0.00020216151226738982,0.00011012230413993806,-3.894872405280511e-06,3.1465096994460907e-06,0.00012347150997527487,0.00011776897775377028,0.00043248791816369824,0.00032708358460748117,0.0004451587516742417,0.0003388864080517822,0.00036660372776717054,0.00029568097232414924,3.7475334103637285e-07,1.076358608616424e-07,5.981094071460328e-07,5.045876276392267e-07,-1.3236805171779363e-06,1.0075828064707755e-07,6.102849976961382e-07,3.319229034940618e-07,4.815871267509475e-08,2.1681644429321707e-07,1.0516884617194335e-07,-8.00920704080975e-07,7.073438049764366e-07,6.313291911854644e-07,-2.3107422032813397e-07,-2.3064840071462932e-07,-5.444624842713334e-07,-1.5983075078905213e-07,-6.855441863503236e-07,7.281202833606491e-07,-6.384358421541146e-08,6.172646145898381e-07,6.996021850769641e-07,5.516613887513616e-07,-1.1791975256949258e-06,-9.935161363685733e-08,6.698504674221046e-07,1.473258612742001e-07,5.108272418633064e-07,-2.780740130828919e-07,-1.2151191983495278e-07,9.794941476229662e-07,-5.830215555193234e-08,3.7772431009977353e-07,-1.5391766955111384e-07,4.503647047704234e-07,2.7651475102022617e-08,-1.9705506335289794e-07,-1.4717739846268577e-07,4.4144393681032736e-07,-1.209249973546002e-08,1.825195230417675e-07,1.8009476976841897e-08,5.4003449649596355e-08,7.436789355147663e-08,4.584312870872885e-07,4.6496561508253345e-07,8.547145301469524e-08,-1.4857116408838032e-07,-2.8478480005988537e-07,5.128245058976907e-08,6.330587647667326e-08,4.5055557603654923e-07,-1.70944656034734e-07,4.672791109708173e-07,4.4881660017199197e-07,4.4031843101007534e-07,-1.762298752300764e-07,-1.7037464826898134e-09,4.411131843405226e-07,4.434759664031157e-08,9.807892311873026e-08,2.7143056658436037e-08,-1.1235074764340679e-08,3.9849562056959723e-07,-1.2574775045307685e-07,1.836500250029351e-07
8250.000000000058,-0.019361843097843875,0.3267960384267735,-0.4107779582333333,-0.0060920515658766505,0.3438806612500229,-0.3978983138666666,-0.004737599352098951,0.34333818759502366,-0.3852093334,-0.005667207969239832,0.3430564884980121,-0.3892991643999999,-0.026919005991271644,0.35071194352381874,-0.4146070764666666,-0.026144568115569845,0.34945049504166303,-0.4282702751666666,-0.020942857229562323,0.3388584180682941,-0.4071705085666666,0.03650740776417767,0.33362615503426957,-0.2795552120666666,-0.08735492405286119,0.2897468097521402,-0.3027251830666667,0.00756384572006603,0.3193543851229402,-0.3542211523666667,-0.022121970156070286,0.2896210848096261,-0.3888616837666666,0.1143143233170223,0.20453279258804646,-0.1272910938333333,-0.15482182410056794,0.2279542029464587,-0.1284431216666666,0.15711905310008278,0.03216794118907595,-0.0596583988166666,-0.1788694238779814,-0.025337585902972665,-0.1439024094333333,0.19752948826773103,-0.16267648995344777,-0.0216978353496666,-0.22259508649174847,-0.21826824863042932,-0.1938776686666666,0.199942207671082,-0.20282906682694263,-0.0078722557926666,-0.2168611486091476,-0.2558303044301415,-0.2368471880666666,0.17516891119091013,-0.21578715919407873,-0.0382802474833333,-0.18897110380993173,-0.24216082333953257,-0.2602400782666666,0.19404435806961942,-0.19326579763696874,-0.0315048075639999,-0.21095677322013656,-0.2252723605048056,-0.21233584,0.082218070722575,-0.17581092253789277,0.04275375786,-0.08046439496570566,-0.18354566026589167,-0.0408945245033333,0.09077735712539287,-0.521177646767237,0.1055491448466666,-0.026739699813812218,-0.4545873081395355,0.0082454324176666,0.0826433171080842,-0.7831898536642411,0.3201270122333333,-0.05516411997434495,-0.7826327924587004,0.2194326131666666,0.0649576565630633,-0.8141864344537967,0.3456572235,-0.05793592238967748,-0.8114145449079097,0.2008498728333332,0.09315710420823373,-0.8598537112067561,0.2947121929999999,-0.050776260499834816,-0.8476175430397646,0.11060939783,onweer_g_ch1_g19_compr.mp4,ch1g19,6.467646244371623e-06,1.217488645460062e-05,8.00450982198844e-06,1.2439464403718339e-05,3.0855180506076105e-05,1.2080487033808493e-05,8.10185486599216e-06,1.0832239464477636e-05,7.187056272908654e-06,7.942300572333973e-06,1.22060902006153e-05,2.01481901870839e-05,8.518473479709196e-06,7.997174193201521e-06,1.3217745778126058e-05,1.9438288165906934e-05,2.6046158738965438e-05,1.27877511707248e-05,1.9549595102034635e-05,8.378180303466817e-06,1.3910774602341439e-05,8.752959738434518e-06,8.586866345933229e-06,7.982706881638978e-06,2.981151855726076e-05,4.5380960512577005e-07,8.411934773327364e-06,1.2957118063625867e-05,9.190359842130724e-06,1.0805035286357385e-05,8.137755948348645e-07,7.1732891511302005e-06,1.1533115053203584e-05,2.540794849655718e-05,3.564987107050177e-05,0.00013992828213921585,0.00012969897825167132,0.00012953616109604143,0.0001292559268727922,0.0001394170745426458,0.00013940917988300688,0.00013623812143732098,0.0001037486576342766,0.00011920157251233288,0.00012938440037227244,0.00013855477910197105,0.00011414531212388022,0.0001315503018193309,0.00021503798756650525,0.00019475543953701043,0.00021329820006700192,0.0001172298497409988,0.00021066519934355947,0.00010202805633304937,0.00018054816859212555,8.190683920939571e-05,0.00020174087059266974,0.0001053288445410113,-3.89042290918431e-06,3.0877295941937877e-06,0.00012843415070872238,0.00011609427576753996,0.0004141427229930057,0.00030909822642918725,0.0004248414649891865,0.00031942748933268375,0.0003537600504047278,0.0002866501394632078,7.523080768136778e-07,-3.8230220412958006e-08,1.0570899827116378e-06,4.6652448352104653e-07,-1.4359991862117603e-06,-3.239658882486546e-08,1.0570976360581212e-06,3.239313540948779e-07,1.9241157614265026e-07,2.3056842696681922e-07,1.79247162690915e-07,-6.279074067303092e-07,1.1786898154305084e-06,1.1018087969548e-06,-1.298127262867947e-07,-3.413704138622765e-07,-7.819550991656315e-07,-5.27195958724852e-08,-5.401674965385434e-07,1.1910676745034495e-06,-1.8340814839661418e-07,1.0971607557974558e-06,1.1638154653320353e-06,9.863401802157353e-07,-1.2789195342261877e-06,-9.833260764815476e-08,1.110327684507739e-06,2.056639102598291e-07,6.11255029891018e-07,-1.810084989807579e-07,-1.2921421330345396e-07,1.404103437945552e-06,-1.4473865520880826e-07,3.609411763807455e-07,-1.34104771250948e-07,4.2091214690311206e-07,-1.9604765665667917e-08,-8.828727931958707e-08,-1.284154189503393e-07,4.098270375689687e-07,1.0912513586554656e-08,1.820966046755832e-07,2.547464091321855e-08,1.0306345393704939e-07,1.6704464953716325e-07,4.229500976774721e-07,4.315285442559432e-07,1.4112718591143323e-07,-6.447972823670385e-08,-2.0106438962309667e-07,1.2212246453179823e-07,1.4772281243658644e-07,4.15083122566679e-07,-1.425881464566629e-07,4.390951086332058e-07,4.166755123787646e-07,4.1237284033073615e-07,-7.347017067839168e-08,8.894876760406032e-09,4.028255981730029e-07,7.947655632201607e-08,7.477027729741714e-08,1.2825152651328638e-07,1.9941242123576257e-09,3.457845756243174e-07,-7.93823303323772e-08,2.111914821131801e-07
8266.666666666724,-0.019324334560345137,0.326919311897025,-0.4108656923,-0.006052795495362295,0.3439947821817546,-0.3979535118,-0.004704314596432807,0.34345065755681564,-0.3852630917999999,-0.005632887889518418,0.34316937418934473,-0.3893507681333332,-0.026888279942307292,0.3508345031306528,-0.4146655198333333,-0.026118905360278066,0.34957324204693396,-0.4283346193666666,-0.020913565584717304,0.3389791478248622,-0.4072295291,0.036531736743394244,0.3337120753882429,-0.2795267717,-0.0873523841694691,0.2898529059660857,-0.302723383,0.007595713311926063,0.3194671805165817,-0.3542780261333333,-0.022103020995518988,0.28974553517979323,-0.3889321672666666,0.11434993773825373,0.20463953709310714,-0.1271403829666667,-0.15474717918125838,0.2280785689072933,-0.1285542890666666,0.15713685094935187,0.03236330225884368,-0.0593488312066666,-0.1787928574386703,-0.02515728305224282,-0.1441655579666667,0.19755732633984907,-0.16247774332053538,-0.021371413183,-0.22243289754649842,-0.21816606820629827,-0.1942402973666666,0.19996636263215573,-0.20263119949173605,-0.0075309252634599,-0.21670461100163144,-0.255740548067894,-0.2372476523,0.17518379438849738,-0.2156167896639076,-0.0379512911266666,-0.18876415422205298,-0.2420907655772293,-0.2605929218666666,0.19407030369193265,-0.19307614040279478,-0.0311775566439999,-0.2107895441258928,-0.22518175066501808,-0.212324306,0.08220559412567208,-0.17581430177619722,0.0428004779666666,-0.08045782739939639,-0.1835428665405118,-0.0409389149366666,0.090664054646902,-0.5210443798951615,0.1060067731633333,-0.026817013457226896,-0.4544690692443462,0.0084064311443333,0.08240385137311151,-0.7828102287364814,0.3207355150666666,-0.055280184658919006,-0.7823548333554191,0.2196369781333333,0.06470501441121916,-0.8137991607484953,0.3462844998,-0.05805165122057929,-0.811127428149525,0.2010630284666666,0.09294052180902568,-0.8595105971027575,0.2953493298999999,-0.05093073101340797,-0.8473425450661789,0.11085274843,onweer_g_ch1_g19_compr.mp4,ch1g19,7.698965193017522e-06,1.2078057138692363e-05,9.647846281540936e-06,1.3178811391229036e-05,2.941368091332996e-05,1.197023141096595e-05,9.751527064480487e-06,1.1175891325777306e-05,7.657074874213905e-06,7.943449935062335e-06,1.2348740579595476e-05,1.942519044428449e-05,1.0306919879987726e-05,9.707795376052915e-06,1.3235694027245104e-05,1.89694530564012e-05,2.5201838353426913e-05,1.2690244920019272e-05,1.8900809727693027e-05,1.0180497126275625e-05,1.3582487718674373e-05,1.047611712846255e-05,1.0349308535328246e-05,9.544465497070496e-06,2.8551871069846128e-05,3.6546196711589934e-07,1.0118193391652912e-05,1.3200908549184651e-05,1.0054574554402599e-05,1.0418207514274284e-05,6.843921635889235e-07,9.150908951286123e-06,1.1275469597589389e-05,2.586519121982078e-05,3.424105649584387e-05,0.00016909026058959273,0.00015689487402855624,0.00015765100018096662,0.0001563465666444204,0.00016869432091515499,0.0001690179709131961,0.0001661776909227735,0.0001245415842498521,0.00015226432581192168,0.00015531789526914116,0.00016706082658956428,0.00012188558390723488,0.00014961124456624002,0.00021848594997241644,0.00020756296958238725,0.00022049830708396559,0.0001185831432880351,0.00021414071611961774,9.87042759091982e-05,0.0001810011297211491,7.662304080754112e-05,0.00020808378717294412,0.000104466761391466,-3.9149834050178254e-06,2.990499020270978e-06,0.00013624479597895448,0.00011329506526188153,0.0004008458543417227,0.0002968446801365733,0.0004096040027592895,0.00030663795752346266,0.0003429095139802866,0.00028244693678446066,1.1379099960669355e-06,-1.5180198202340226e-07,1.5080375209869803e-06,4.3348675044722886e-07,-1.3993489603555751e-06,-1.3353526119033381e-07,1.4925284434362392e-06,3.548496899019878e-07,3.509678695042305e-07,2.4344118457488795e-07,3.239030350495348e-07,-3.672752687317622e-07,1.6345293218637124e-06,1.562026123319723e-06,4.219158946364879e-08,-3.575766646610913e-07,-8.977547388760805e-07,1.460745285719638e-07,-3.096268579392036e-07,1.6375682086095297e-06,-2.828959768224922e-07,1.5705744077999996e-06,1.6161496874388349e-06,1.4226142865745464e-06,-1.2363671844760318e-06,-8.44025266844334e-08,1.5341665982086511e-06,3.323708136713544e-07,6.917407311897249e-07,8.686111680758909e-09,-1.2143266326690714e-07,1.7712360135125798e-06,-1.7526402833248068e-07,2.7836608067290303e-07,-1.0285296735762192e-07,3.1881418271836733e-07,-7.918079404702337e-08,-7.860506919818867e-09,-1.0017515234495441e-07,3.068852436198962e-07,1.592354501180112e-08,1.4337108623399025e-07,2.4548458322155905e-08,1.219913530008455e-07,2.0291541118963807e-07,3.143282557281209e-07,3.233600660099321e-07,1.5973571755979508e-07,5.8892712614460136e-09,-1.1650004676608986e-07,1.546024390368201e-07,1.7984998322855247e-07,3.0763992585684584e-07,-1.0892354047940836e-07,3.3535986057109516e-07,3.1278500687193257e-07,3.128228241434103e-07,-1.2981392221292957e-09,1.898571722510076e-08,2.932457194786684e-07,8.693897530333511e-08,3.033557922747951e-08,1.9191840677066544e-07,1.5734401537644888e-08,2.2355323146815795e-07,-3.3566035477373044e-08,2.2343279958708327e-07
8283.33333333339,-0.019285732586124253,0.3270820630947546,-0.4106500287999999,-0.006011089744533002,0.34414526801457784,-0.3976943567666666,-0.004669008561682489,0.34360177210053294,-0.3850043927333332,-0.0055962433822983135,0.34331906949575336,-0.3890916776666666,-0.026855971637116286,0.35099878770265847,-0.4144098348,-0.026092247503850294,0.3497379150790921,-0.4280819890333333,-0.02088290699461682,0.3391402088922099,-0.4069797399333333,0.03656628047811942,0.3338274553710659,-0.2791861937333333,-0.08735028216842247,0.28999925851428543,-0.3024192383666667,0.007629707853750419,0.319613730353374,-0.3540471008666666,-0.022084118578815162,0.2899062660703036,-0.3887110558666666,0.11439179261890688,0.20474916777992244,-0.1267855346666667,-0.15467735888558953,0.22822610044206004,-0.1284887460333333,0.15716072524153413,0.03257600200025819,-0.05867548896,-0.1787172758987713,-0.024943779549899365,-0.1442885337666667,0.19760049183760645,-0.16225043148041346,-0.0203192508976666,-0.22226841877300083,-0.2180532370365915,-0.1944047564999999,0.20000739968842193,-0.2024135400603151,-0.0064036099801266,-0.21654528862933065,-0.25565105621299494,-0.2374125465666666,0.17520686323327905,-0.21543098933310503,-0.036822421374,-0.18855434532162804,-0.24202220392389676,-0.2606939875,0.19410906752740884,-0.1928608411783678,-0.0301068413743333,-0.2106186724245073,-0.22508519078193448,-0.214993343,0.08219590295385026,-0.17581830678493257,0.0428519851966666,-0.08045400034085538,-0.18353987109312012,-0.0409868422866666,0.09055106119289293,-0.520901032782267,0.1064528376833333,-0.026894642973913047,-0.45434908402211144,0.0085831329789999,0.08216482732790831,-0.7824177739045945,0.3213840254999999,-0.0554176552643957,-0.7820622696939595,0.2201492278999999,0.06445348843202106,-0.8134001140994095,0.3469616105333333,-0.0581911674532165,-0.8108268193325301,0.2016176124333332,0.09272047971338333,-0.8591698018400343,0.2960623156666666,-0.051085849795228816,-0.847071750265743,0.1115015896866667,onweer_g_ch1_g19_compr.mp4,ch1g19,9.19430149511014e-06,1.1918234863175408e-05,1.1550504494245844e-05,1.3760514191323944e-05,2.8275288596057675e-05,1.1827270376126235e-05,1.1634899208135003e-05,1.1616286888167485e-05,8.272962822474235e-06,8.398700736841035e-06,1.2911300712011148e-05,1.953470357234299e-05,1.2326436591032656e-05,1.1678476275944757e-05,1.3500078255788757e-05,1.874701707309265e-05,2.432879230558697e-05,1.3100136617009103e-05,1.905883320768083e-05,1.2196893001363095e-05,1.3284846453175882e-05,1.2470289196560904e-05,1.2343770017608077e-05,1.137649993334685e-05,2.7569330449149702e-05,3.018322370343352e-07,1.2049672193087455e-05,1.3766288442927006e-05,1.0902751762940271e-05,1.0629221238583939e-05,5.799619931386747e-07,1.123556038476528e-05,1.1121657460618478e-05,2.6517143199630753e-05,3.351577396767991e-05,0.00020396126313427778,0.0001892882500531824,0.00019133170339730925,0.00018895906657987837,0.0002032020026612859,0.00020379614885257638,0.0002010424115915445,0.00014970410158685618,0.00018741595793382178,0.00018651108830808962,0.0002000197058161942,0.000132169294641325,0.0001673030037104411,0.00022500055849783372,0.0002199576288520111,0.00023013453176939116,0.0001229450066754328,0.0002210553704922038,0.00010149280668328458,0.00018345031051386493,8.011382025040622e-05,0.00021727446515875024,0.00010814325953091458,-4.233554311615593e-06,3.13679518297792e-06,0.0001459046930760414,0.00011253586731017888,0.00038859354364524065,0.0002954579823501788,0.000394989579764773,0.0003055424573385373,0.0003277189525900183,0.00028235422647727315,1.4251583307563815e-06,-2.556407647821133e-07,1.83749540265378e-06,3.2727482037056294e-07,-1.2845563953359897e-06,-2.3124081472407345e-07,1.807824565517527e-06,3.8594625657927266e-07,4.998363201927526e-07,2.5566421051577723e-07,4.7354138173592586e-07,-1.388270755930064e-07,1.9552945120839623e-06,1.8954446130416796e-06,2.1222709499250126e-07,-3.1956243179643804e-07,-9.273906769141e-07,3.493407077739588e-07,-1.0767776673076549e-07,1.9528132311639877e-06,-3.794912867146793e-07,1.918414063443983e-06,1.936700588841786e-06,1.7470505653428015e-06,-1.1275193175291704e-06,-5.7327574694080924e-08,1.8318140376793661e-06,4.3761032743301397e-07,7.24396392535258e-07,2.5138370406500677e-07,-9.68366336937536e-08,1.9866797283509043e-06,-1.9004642401176048e-07,1.5009215592060975e-07,-6.76573342207656e-08,1.6577212411428998e-07,-1.2897012576978412e-07,3.0548550064086877e-08,-7.071372451798749e-08,1.5518189450799602e-07,-8.842257787631045e-10,7.82684343784792e-08,-4.49011279262769e-09,1.0356344727185952e-07,1.5591916118572135e-07,1.561572423984355e-07,1.6364826565631535e-07,1.41727137491743e-07,4.3307551263867974e-08,-4.594213526235651e-08,1.3852087442007235e-07,1.3469739731952583e-07,1.5173020739050657e-07,-8.109264541011324e-08,1.778139090810294e-07,1.59794726381032e-07,1.632744869740982e-07,2.875273624353096e-08,2.6973338698233572e-08,1.362004752280808e-07,6.396605093792558e-08,-2.2292106587633107e-08,2.0036019789475457e-07,2.7648879443162896e-08,5.8660625087207986e-08,-9.960240123759335e-10,2.1304704970764328e-07
8300.000000000056,-0.019248038605352215,0.3273037539879325,-0.4098891417333333,-0.005968116852693922,0.3443541262023708,-0.3968762701,-0.004631813435206718,0.34381405145317184,-0.3841945265666665,-0.005557507449351821,0.3435288920308723,-0.3882804892333332,-0.026822953984821457,0.3512267075072155,-0.4135830826,-0.026065149229652956,0.34996575481912473,-0.4272457003,-0.020851482300497125,0.33936367849840493,-0.4061610432999999,0.03661712340056812,0.33400212432046317,-0.2783017621333333,-0.08734360877173296,0.2902272652150061,-0.3015144925,0.007664062555590299,0.31981841095093383,-0.3532860300333333,-0.022066055741982,0.29012603510046875,-0.3879267073999999,0.11444788617915505,0.20487495174894227,-0.1259929183,-0.15461252803042957,0.22840488055186015,-0.1279204957333333,0.15720468040817812,0.0327962025384778,-0.0578232411366666,-0.1786603453340947,-0.02471891328796457,-0.1438355071666666,0.19764059824739433,-0.16201551966752292,-0.019274278922,-0.22211397764976826,-0.2179280624840873,-0.1940053571999999,0.2000427483331634,-0.20219260968579103,-0.00533866366346,-0.21639130665513617,-0.25555307305364616,-0.2369945073999999,0.17521729831915556,-0.2152419382368317,-0.0357439690183333,-0.18834956016282922,-0.24194437396291543,-0.2602308037666667,0.194141774071429,-0.19263617958176665,-0.0290466507476666,-0.21045600260617833,-0.2249754825946034,-0.213465169,0.08218878998834375,-0.17582327283093613,0.0429012978566666,-0.08045178614085427,-0.18353616890665286,-0.0410328485033333,0.09042984518940425,-0.5207605402940991,0.1065596894166666,-0.026974389778510428,-0.45424762712002087,0.0087122839196666,0.08192966826398958,-0.7820723052289894,0.3215947219666666,-0.05553840175990901,-0.7817790749539008,0.2206159998333333,0.06420615991769502,-0.8130512787977346,0.3471877425999999,-0.05831153347787928,-0.8105343851292037,0.2021197219333332,0.09246875376153033,-0.8588701352175606,0.2962997299333333,-0.051214645788226994,-0.8467999076519293,0.1121196943133333,onweer_g_ch1_g19_compr.mp4,ch1g19,1.0970235717284018e-05,1.1633884983990347e-05,1.3699260317116056e-05,1.4137657703009444e-05,2.7295212909413565e-05,1.158613665051179e-05,1.3743199184553381e-05,1.209628777569925e-05,9.068641469751942e-06,8.886242236904954e-06,1.3593914448954412e-05,1.995303342576447e-05,1.4568945508941817e-05,1.3892441722282607e-05,1.4021913937293487e-05,1.867498044112414e-05,2.3496349775405966e-05,1.3719654838029915e-05,1.9472519150227293e-05,1.4422865721356514e-05,1.2955538917452868e-05,1.4710276516870895e-05,1.4561753892017481e-05,1.3457571428679692e-05,2.6759300059946575e-05,2.3797179256121663e-07,1.4186613057396819e-05,1.4412011718624049e-05,1.1655078112517459e-05,1.1168552320596352e-05,4.770937984001998e-07,1.3435428609458485e-05,1.1005398439572779e-05,2.719449939584843e-05,3.309439743754561e-05,0.0002430965276157609,0.00022571397804390923,0.00022922218372313383,0.00022581485501207442,0.0002414442975881475,0.00024224153511967129,0.00023936549097598874,0.00017903746074980956,0.00022431009633109943,0.00022207320830649042,0.00023642947836107384,0.00014532391863690146,0.00018462913777373996,0.0002342658925794705,0.00022994894336570633,0.00023866953255563701,0.0001296010738854833,0.00022767309140613357,0.00010918572488487753,0.00018552381173633458,9.123322355356528e-05,0.00022521912359239925,0.00011562939219628008,-4.661601839097355e-06,3.388960187819008e-06,0.00015673565675869959,0.00011156549793983702,0.00037694208420806935,0.00029831137814381086,0.0003807654915553113,0.00030954366912641396,0.00031194542471077127,0.00028581009343465834,1.5527727398110015e-06,-3.1429580640649416e-07,1.967137162324705e-06,2.209815872529361e-07,-1.1437271425874357e-06,-2.9696858658676063e-07,1.9288749497240602e-06,4.167727346674184e-07,6.173772394135399e-07,2.8188624708877645e-07,6.132505734357068e-07,4.88313538175657e-08,2.06388755686899e-06,2.022923077572042e-06,3.880313286500011e-07,-2.1132083622016774e-07,-8.953607120673154e-07,5.361564840045905e-07,6.156937383276312e-08,2.058913012506148e-06,-4.6514357275003135e-07,2.0599971580207077e-06,2.0481947539324135e-06,1.8893175196028712e-06,-9.962205341873237e-07,-2.0451888439207144e-08,1.9330959132604292e-06,5.332297697307283e-07,6.902720461616236e-07,5.123736371184848e-07,-5.74349213897633e-08,1.955039325407369e-06,-1.763879209929128e-07,-7.246112583670453e-09,-3.228633204407844e-08,-1.8809925424382956e-08,-1.619056346134703e-07,2.7196868305844022e-08,-4.329293786466225e-08,-2.6058626169312183e-08,-3.757609486745302e-08,-7.106426463959811e-09,-4.9282010538174315e-08,5.889428786754181e-08,5.168793114576865e-08,-3.1984959581057205e-08,-2.7185421666569742e-08,8.353867142905892e-08,4.426100618943763e-08,1.4388732984875704e-09,8.490081011926136e-08,3.790378158316624e-08,-3.318919357786366e-08,-6.113875604328512e-08,-1.2934834372700477e-08,-2.3548557616837873e-08,-1.681057034147638e-08,1.7088146111077774e-08,3.211802432372431e-08,-4.766809993227692e-08,2.020183652243864e-08,-7.372985494213984e-08,1.6229180859924304e-07,3.637662698899646e-08,-1.2387498810424053e-07,1.4468647275915854e-08,1.8612540283223738e-07
8316.666666666722,-0.01921186091404148,0.3275425965544999,-0.4091179838,-0.005926772324357345,0.3445782670814295,-0.3960498358,-0.0045959854989535845,0.34404241765818505,-0.3833744769333332,-0.005519642241690245,0.343753722934072,-0.3874604152666666,-0.02679103648083415,0.3514715115222005,-0.4127547529,-0.02603957528281202,0.3502101516512643,-0.4264093676666666,-0.020821207428419548,0.33960380741403606,-0.40534064,0.03666524137938052,0.33418328798631364,-0.2774077927666666,-0.08734044832396202,0.2904636799484976,-0.3006307066333333,0.007695188934036908,0.3200371515478522,-0.3525131882666666,-0.022052064402026342,0.2903595176601244,-0.3871397224333333,0.11449695218367854,0.20500194709050054,-0.1251642279666666,-0.1545557469900398,0.2285887770448869,-0.1273622873,0.15721689549336348,0.03302972260068825,-0.05683890619,-0.17861878307055548,-0.024478332855293963,-0.1433362785333333,0.19764935340747142,-0.16177616888131088,-0.018026469872,-0.22196817626335338,-0.21780025222230334,-0.1934221163333333,0.20005000633522724,-0.2019729766166792,-0.00405106689846,-0.21624457756642224,-0.2554546525607698,-0.2363642627666666,0.17519422861684603,-0.2150656827664355,-0.0344440274306666,-0.18815554080984534,-0.24186982318302205,-0.2595524097,0.19413912388136084,-0.1924090012475955,-0.0277829301816666,-0.2103017241845784,-0.22486412195952607,-0.203059033,0.08218226332897516,-0.17582899867212576,0.0429519613066666,-0.08044996738414137,-0.1835318666592996,-0.04108031876,0.09029364785854872,-0.5206126123527546,0.10666545065,-0.027047770290037527,-0.4541357040609585,0.008860614921,0.0816757941760873,-0.7817037693950741,0.3218291658999999,-0.05565171189898262,-0.7814839982496732,0.2211706021666666,0.06393863355066379,-0.81267643227286,0.3474407205999999,-0.05842422563087481,-0.8102298644984656,0.2027210229999999,0.09219606010841434,-0.8585656435426824,0.2965469242999999,-0.0513093081163562,-0.8465126392254383,0.11284733837,onweer_g_ch1_g19_compr.mp4,ch1g19,1.2724241354529882e-05,1.1419052040797663e-05,1.5771675236009283e-05,1.4360464996028815e-05,2.6428744653528498e-05,1.1376621705210507e-05,1.5757058962405235e-05,1.2586780284935375e-05,9.861754165418435e-06,9.336162675874072e-06,1.4614713202355432e-05,2.0710709742799793e-05,1.6724712013357468e-05,1.6017937493976255e-05,1.4803622853643201e-05,1.8868391439675856e-05,2.261990607092431e-05,1.4750605867162571e-05,2.0174254897527056e-05,1.6562777215177465e-05,1.2628904212497945e-05,1.6864791026631705e-05,1.670924029982628e-05,1.5471443286041288e-05,2.6036510116282856e-05,2.5323229868809587e-07,1.618252614508774e-05,1.531212616148095e-05,1.2293765799390178e-05,1.2208948826816655e-05,4.5671374277059107e-07,1.540533877979943e-05,1.1016903121839341e-05,2.8110961591354906e-05,3.2937826578353554e-05,0.0002801507962850206,0.0002603774881336044,0.0002654577005013354,0.0002611796695298503,0.00027807676044935717,0.00027888405876304664,0.00027581884993163857,0.00020726487347002184,0.00025713067542813573,0.0002563330836773982,0.00027013819176344985,0.0001580459301217012,0.00019887719594773625,0.000246335152183957,0.0002369857636072761,0.0002501334556818104,0.00013707388352903678,0.0002385428471148729,0.00011937258577310161,0.00019180376122135976,0.00010263048285685512,0.0002369564416681881,0.00012427161309724077,-5.414671775687099e-06,3.943453053155002e-06,0.00016392973767161915,0.00010995903409985159,0.00035993767131654923,0.0002995395560091738,0.00036117866846233245,0.00031094407826048534,0.00029308430850130874,0.0002897227897289112,1.5078192880037493e-06,-3.186630192438528e-07,1.8969521076807498e-06,6.531772905057357e-08,-1.1169000177931322e-06,-3.20370142480673e-07,1.8545624534227313e-06,3.823523461594416e-07,6.536868252185551e-07,2.5453140568143314e-07,6.970105741663805e-07,7.94564582930464e-08,1.971086992885659e-06,1.942347672606352e-06,5.08431251217896e-07,-1.2757884699158026e-07,-8.98278789252566e-07,6.507889928523552e-07,8.561279135914277e-08,1.967232194684947e-06,-5.226362638306665e-07,1.9975947587991353e-06,1.9636973782466034e-06,1.8360992062274965e-06,-9.74536636007869e-07,1.7304626874447124e-08,1.8409652494374176e-06,5.816221256942532e-07,6.115042420149121e-07,7.107900534639036e-07,-1.3417975044925617e-08,1.7502195584827264e-06,-1.320532635906787e-07,-1.644107387842574e-07,-2.683352562888158e-10,-2.013189947320613e-07,-1.746370600025827e-07,-2.2725448925297828e-09,-1.774821036847838e-08,-2.038566249048695e-07,-8.799412297701412e-08,-9.425512266428219e-08,-1.0368363457603348e-07,-1.8852074114530845e-08,-8.561587624478476e-08,-2.1639912777270712e-07,-2.14575491892341e-07,-2.4576796908247696e-09,8.94918528521399e-09,3.0140045454085305e-08,-9.319224547985097e-09,-8.924612426839964e-08,-2.142060676951648e-07,-4.1134905842490995e-08,-2.0251107776461979e-07,-2.0464082174992708e-07,-1.9520470131684224e-07,-1.932643612787194e-08,3.164709567537299e-08,-2.2458842992039536e-07,-5.012164013983709e-08,-1.1698380937713247e-07,7.438529122565957e-08,3.8641924212289365e-08,-2.8715121765904256e-07,1.6711955900492287e-08,1.8170413789984383e-07
8333.333333333389,-0.019172696644464627,0.3278757334639526,-0.4084488501333333,-0.005883071928975489,0.3448835782671664,-0.3953139280666667,-0.004556574306495932,0.3443540242137156,-0.3826431239666665,-0.005479719377180542,0.34405952651234645,-0.3867264376999999,-0.02675643720974182,0.35179502050823325,-0.4120212919333333,-0.026011982226432657,0.3505362452550627,-0.4256708770333334,-0.020788986122295544,0.3399282960685604,-0.4046135974666667,0.036713094742224235,0.3344128808850309,-0.2765321657666666,-0.08734275990483488,0.2907540832684271,-0.299800556,0.007728229853351252,0.32033779729571665,-0.3518219581666666,-0.02203810681722842,0.2906774808986957,-0.3864470101666666,0.11452420756556805,0.20518368407094084,-0.1242126410333333,-0.15451160142361103,0.22880640788632667,-0.1267999912333333,0.15722060627397558,0.03328975308169104,-0.0556851621766666,-0.178586628946028,-0.02423222459749565,-0.1427906297999999,0.19766900709010268,-0.16151853004284691,-0.016817220492,-0.22182117545262264,-0.21764816249210694,-0.1927853390666666,0.20006605228351923,-0.20171851938120008,-0.0028209264647933,-0.21609303794610996,-0.25531120001767466,-0.2356888397999999,0.17518405847851562,-0.2148633584612547,-0.0331989926956666,-0.1879562781595009,-0.24173774448163765,-0.2588184768666666,0.19414779597556572,-0.19216754818764292,-0.0265599727763333,-0.21014380612860037,-0.224724769397528,-0.198892683,0.08217707113742093,-0.17583340840260148,0.0430192114866666,-0.08044962301235838,-0.18352916419804477,-0.0411406006633333,0.09016028134172775,-0.5204329275224039,0.1070408454166666,-0.02715265902462143,-0.454023614898736,0.009172593371,0.0814348694116516,-0.7812885630894925,0.3226683903666665,-0.055776031487565145,-0.7811722128138162,0.2219530045,0.06368978296427963,-0.8122572472377725,0.3483441292999999,-0.05853929787836634,-0.8099043684201287,0.2035774165666665,0.09196811537837885,-0.8582391387256572,0.2975969177333333,-0.05140074406425042,-0.8462086518627359,0.1138638576033333,onweer_g_ch1_g19_compr.mp4,ch1g19,1.4092711788935488e-05,1.1219121233912604e-05,1.750246743659034e-05,1.4301486574800929e-05,2.5304093504683038e-05,1.1158270136860447e-05,1.7432693439067068e-05,1.2898156889365295e-05,1.0353350005755797e-05,9.449331758968547e-06,1.5388757175659132e-05,2.0934200365078285e-05,1.8532268324715987e-05,1.7778668625363706e-05,1.537745432236572e-05,1.885920397368463e-05,2.1675025882291395e-05,1.5561312219816067e-05,2.037063422021718e-05,1.8367018411911643e-05,1.2210881666800741e-05,1.8691394643345185e-05,1.851792745944304e-05,1.712480322555608e-05,2.5036467055919732e-05,2.954773777028543e-07,1.7819748471259495e-05,1.5915498902447823e-05,1.2780808070364153e-05,1.318220443200301e-05,4.741657503639366e-07,1.6914592208428083e-05,1.1074087070832604e-05,2.8638617394362843e-05,3.227673188499786e-05,0.00031037300003238194,0.0002883893048690011,0.0002947100045012484,0.00028986827177082376,0.0003078021277171123,0.00030863395983163144,0.00030544888904663155,0.00022917155848462518,0.0002821004625744745,0.0002838870806868207,0.0002971610999085767,0.00016682092860783375,0.0002087632468448834,0.00025491514293816487,0.00023687134983967051,0.0002560728685099827,0.00014343150944752672,0.00024443287482292037,0.00013033733254945985,0.00019399790165552312,0.00011444725036120396,0.00024365197892750603,0.00013245069457721288,-6.4500844084366875e-06,4.782613552289724e-06,0.0001654109795042823,0.00010642322453426971,0.00033605460190932145,0.00029382295789346914,0.0003350883477484819,0.00030484837238356813,0.0002713258370497993,0.00028945245529662564,1.2252252056964936e-06,-3.12197832957362e-07,1.5390403659798752e-06,-1.397505853480832e-07,-1.2090392430614717e-06,-3.3588209673196674e-07,1.4960377725504674e-06,2.564355919468896e-07,4.949068426161892e-07,1.463798703870307e-07,6.741770873022683e-07,-7.212571761683427e-08,1.593383214447237e-06,1.5652816941548558e-06,4.826753838149443e-07,-1.1152216915368152e-07,-8.901368648279458e-07,6.099890350608373e-07,-6.133272416753981e-08,1.5913205086948243e-06,-5.776880493375036e-07,1.6241994730194482e-06,1.6023460401982585e-06,1.4868143905823758e-06,-1.0825273331475645e-06,5.127921886562926e-08,1.457462899086383e-06,5.219499008511353e-07,4.4684894503501406e-07,7.765162030329985e-07,2.8967971215341635e-08,1.3230938348803382e-06,-1.2918027325971304e-07,-2.859728470972049e-07,3.2721582949292825e-08,-3.4660067341668573e-07,-1.5990866854709926e-07,-2.7418182313832102e-08,1.1830430197900752e-08,-3.444132738759847e-07,-1.3601461374739267e-07,-1.6183707957060765e-07,-1.5174218340143315e-07,-1.0185209676957232e-07,-1.9939169567042054e-07,-3.619480669727104e-07,-3.623724432629491e-07,-8.636592544848764e-08,-3.493778368247734e-08,4.5408924161007135e-08,-1.1004756934041335e-07,-1.9549397097052136e-07,-3.5700233885435284e-07,-9.187165387119396e-09,-3.554550459639106e-07,-3.484680488803791e-07,-3.364931073428722e-07,-5.059992422036383e-08,2.7539532301217757e-08,-3.6187818884023217e-07,-1.2158130675839768e-07,-1.4478989735575012e-07,-3.0547519366151285e-08,3.595182022750072e-08,-4.0189770669775055e-07,1.7718748286484066e-08,2.210940331598002e-07
8350.000000000055,-0.01913259733500802,0.32821200698189984,-0.407849016,-0.005839203953484736,0.3451924094049668,-0.3946479326000001,-0.004516510070217562,0.34466937902382894,-0.3819817110999999,-0.00543938915546138,0.34436844111619874,-0.3860614654333332,-0.026721824578364337,0.3521196982762504,-0.4113533304999999,-0.025984348974860728,0.3508633304184067,-0.4249942004,-0.020756672491856094,0.3402540114167889,-0.4039498719,0.03677286736312644,0.3346490094042835,-0.2757084961333333,-0.0873458526650678,0.291043673880553,-0.2990022332333333,0.0077651031044316705,0.320642401421091,-0.3511929444,-0.022022040142486356,0.29099673731797,-0.3858097778999999,0.11456619447693821,0.2053668360296344,-0.1233268425,-0.15447398676131407,0.22902192537876687,-0.1262225995666666,0.15725632508494033,0.03354566431294421,-0.0545563242133333,-0.17858509002640446,-0.024017148960613605,-0.1418962870999999,0.19770619750474827,-0.1612667701185957,-0.0156334824586666,-0.2217059735211822,-0.21752060864546616,-0.1917319640666666,0.20009592421179778,-0.20147468553615572,-0.0016249911511266,-0.21595683721372708,-0.25519772312657807,-0.2345691248333333,0.1751798953519203,-0.21467126680247353,-0.031985194878,-0.1877840911531919,-0.2416343054723387,-0.2576647112333333,0.19416771952223663,-0.19193145570028458,-0.025362249426,-0.2100111249481011,-0.22460699669739795,-0.202799484,0.08217724439808081,-0.17583885546689207,0.0430831688866666,-0.08045346079857381,-0.18352558381027126,-0.0411989245533333,0.09002764549587183,-0.5202583974353627,0.10731767695,-0.027281441065640104,-0.4539226231197947,0.0094630430419999,0.08120039099337688,-0.7809648462386896,0.3231792905999999,-0.05595811929983225,-0.7808737950092673,0.2227400207666666,0.06345228985511484,-0.8119395293093578,0.3488809605333333,-0.05871656846745884,-0.8095919065948249,0.2044489070333332,0.09176341157039637,-0.858004192623083,0.2981766086666667,-0.051512905616122304,-0.8459241384448102,0.1148791396366666,onweer_g_ch1_g19_compr.mp4,ch1g19,1.4929275683487488e-05,1.0937610023913794e-05,1.872323660335811e-05,1.376491691087916e-05,2.392905170809725e-05,1.088683494279155e-05,1.8610252279446133e-05,1.307664941356139e-05,1.0538462576089449e-05,9.440083667331894e-06,1.613813907736141e-05,2.0447024715458646e-05,1.9799596822721674e-05,1.9002978496947404e-05,1.5624009134106508e-05,1.8582985298724214e-05,2.088420231095857e-05,1.6363047922516543e-05,1.9895678425693358e-05,1.9640700001019777e-05,1.1765239484331254e-05,2.0008251316123432e-05,1.979838007259194e-05,1.826352054708779e-05,2.374488275998641e-05,3.507927177252611e-07,1.896040326104212e-05,1.641480252804717e-05,1.3056044310739738e-05,1.4364010893514462e-05,5.155231522132135e-07,1.7857702606622756e-05,1.1102689773144618e-05,2.8682044105259546e-05,3.097833884029452e-05,0.0003313773324868338,0.000307428923363543,0.000314473319716677,0.00030940211738954396,0.0003278949015953547,0.0003286417808000306,0.00032536045975158626,0.00024275066370587072,0.0002972826979578023,0.0003024933657037627,0.0003154690280984632,0.0001715416352339903,0.00021414411983139626,0.00025862743449753473,0.00022882885498166932,0.00025953481019256913,0.00014588600081700412,0.00024841020925813135,0.0001375099749626568,0.00019666069210784776,0.00012368323578948893,0.00024869173334661384,0.0001378531198988034,-7.635185979667651e-06,5.817135433669651e-06,0.00016287345116476786,0.00010172226258428891,0.00030436548102733024,0.00027904098446675685,0.0003014850078638466,0.0002887959421739329,0.0002485874566229843,0.00028511351549063334,8.212171060844703e-07,-2.3686136642039513e-07,1.0478988558881864e-06,-2.964892126630235e-07,-1.296016789350412e-06,-2.918822298845135e-07,1.0070817375114476e-06,8.32927454136453e-08,2.420217167875247e-07,-4.515761944372269e-08,5.484101319430027e-07,-3.709083928975041e-07,1.088075395639152e-06,1.0521908750690742e-06,3.470895705121956e-07,-1.6379423073553467e-07,-8.115735632028332e-07,4.466516226913917e-07,-3.4842680345043693e-07,1.0896801988230652e-06,-5.65894328905595e-07,1.1096187624331775e-06,1.1152248907448041e-06,1.0034793283064582e-06,-1.1979417348537016e-06,7.53896886211608e-08,9.483565846836572e-07,3.673572876404895e-07,2.630508918448129e-07,7.164595453489352e-07,6.603292444644697e-08,8.054179204575506e-07,-9.918767057248385e-08,-3.539294985280083e-07,6.527850682660376e-08,-4.30879206764973e-07,-1.1837648997816907e-07,-3.949719267104483e-08,4.3115883449022594e-08,-4.2498927883593123e-07,-1.7284348813296792e-07,-2.0227662136172077e-07,-1.9207393960133142e-07,-1.734924664228558e-07,-2.602604240991425e-07,-4.4417885702223904e-07,-4.465802498101899e-07,-1.5191491412595663e-07,-7.053318018929192e-08,4.407068428541312e-08,-1.9414662331815913e-07,-2.5372069971148276e-07,-4.3720217789070245e-07,3.161105881778548e-08,-4.4628612812745606e-07,-4.308863295955852e-07,-4.183610936770644e-07,-6.663267115846087e-08,2.090476687733958e-08,-4.380793823084276e-07,-1.7902026982718069e-07,-1.5154823563228496e-07,-1.2991790356945274e-07,2.9317867140700364e-08,-4.495123174132487e-07,2.2046267984063856e-08,2.709255893708748e-07
8366.66666666672,-0.019099535331368638,0.3285810644214708,-0.4065063011666666,-0.005807868892186213,0.3455356206097116,-0.3932495582,-0.004488033071189312,0.34502139864113524,-0.3805956875333333,-0.00540721415641723,0.3447148264319928,-0.3846780336999998,-0.02669220623824528,0.3524829320149735,-0.4099795944333333,-0.025963061570034914,0.35122698668972524,-0.4236011305666666,-0.020728588755136612,0.34061424483678987,-0.4025876425,0.036811571031584646,0.3349285376693399,-0.2742946014333333,-0.08735502332601126,0.2913653700811256,-0.2977116426666666,0.00779191454982853,0.32098250668825706,-0.3498681199333334,-0.022012795728424,0.29134574486842163,-0.3844889667666666,0.11457308828689011,0.20556815257370853,-0.1220166589,-0.1544451809403426,0.22925289918329433,-0.1253279835,0.15723527308868182,0.03382758676739726,-0.05312694346,-0.1786262327301117,-0.023776531482736413,-0.1407203395999999,0.19760775409872558,-0.16098379979931302,-0.0141328040853333,-0.22164812765977734,-0.21735460956641806,-0.1902738968666666,0.1999633618560854,-0.20120095925934,-0.0001037214911266,-0.2158800659967462,-0.2550296462116203,-0.2330205981333333,0.17500861389510552,-0.2144564529088416,-0.0304214827786666,-0.18769100137978995,-0.24147799298591324,-0.256095235,0.19404292033829174,-0.19165784981781767,-0.0238406627393333,-0.20994877474973747,-0.22444415425012135,-0.201782882,0.08217293325644785,-0.17584738591491927,0.0431485406533333,-0.08045252969760563,-0.18351887082952079,-0.04126179665,0.08987327060237978,-0.5200903782434685,0.1073033089833333,-0.027416941332050165,-0.4538211798523984,0.009588451865,0.08094433626911676,-0.7806457005834397,0.3233399300999999,-0.05616294578004361,-0.7805692071769237,0.2234125881333333,0.0631892241339943,-0.8116237264123165,0.3490606476666666,-0.05892436651062234,-0.8092743862980137,0.2051929656999999,0.09151397181658939,-0.8577580239095657,0.2984610966666666,-0.051651211222270434,-0.8456125523556127,0.1158247372733333,onweer_g_ch1_g19_compr.mp4,ch1g19,1.5705477943976787e-05,1.0650493956362129e-05,1.9725828548821954e-05,1.350371461439834e-05,2.2607065715756708e-05,1.0529069963043478e-05,1.9573176098180313e-05,1.3083823535000254e-05,1.072363835774107e-05,9.1864149258123e-06,1.646952637073704e-05,1.952434080802143e-05,2.0836308076060487e-05,1.9999492330121407e-05,1.5833240906358683e-05,1.8165756798963493e-05,2.0153383482508333e-05,1.6537471276040156e-05,1.9044941087375863e-05,2.068080041286914e-05,1.1080803500352873e-05,2.105662025493886e-05,2.0879359115412606e-05,1.92349748802239e-05,2.2502643065275803e-05,4.439156010927295e-07,1.9857293742533078e-05,1.6547882849511022e-05,1.346288411982307e-05,1.4842560796589635e-05,6.002342433533838e-07,1.8661556782399174e-05,1.0910582800601028e-05,2.8641006866057492e-05,2.948014121310857e-05,0.0003469460028317981,0.0003220442925613513,0.0003297637893264168,0.00032460902829132746,0.00034400721906667156,0.00034435978989286854,0.0003407922875038981,0.00025595607112025866,0.00031037994927120234,0.00031776244469308544,0.0003295624727778745,0.00017591889136404684,0.00022129146988089765,0.00026240383969646153,0.00022483640481553983,0.000262092559670001,0.00014593934348180275,0.00025010595811183323,0.00013986329300176082,0.0001980635797505713,0.00012544307384156902,0.00025315509759925027,0.00013969569774292936,-8.937221968542314e-06,6.948450061662026e-06,0.0001554750266954874,9.532189324016412e-05,0.00027171872852357627,0.00025785078315062313,0.0002673281948715768,0.00026440527394532416,0.00022783364082462181,0.0002745733631987582,3.057559863130002e-07,-1.6668981871850533e-07,4.559434132854281e-07,-4.688069745572222e-07,-1.4842851703846335e-06,-2.423446662443724e-07,4.2507301507731967e-07,-1.4133590608280495e-07,-7.607977983766463e-08,-3.085615406120103e-07,2.517543234154465e-07,-8.007451939391027e-07,4.917591019980918e-07,4.40936129641508e-07,6.380355624303381e-08,-3.1955901510166567e-07,-8.247491558385093e-07,1.1704561599577582e-07,-7.645505275644514e-07,5.030568062372129e-07,-5.185280602915892e-07,4.983710137311837e-07,5.333584765690755e-07,4.1784861365172017e-07,-1.408177954986994e-06,8.624910225213592e-08,3.595599422687569e-07,7.592065469529538e-08,4.1461171421484046e-08,4.5260725164209566e-07,8.5491242744827e-08,2.459703510063267e-07,-9.608541302966884e-08,-3.7373404320093517e-07,9.107177703655935e-08,-4.5219374075004385e-07,-7.607113899580483e-08,-3.732948119473605e-08,7.426025135355301e-08,-4.4398789058559264e-07,-1.8801270671424735e-07,-2.1505174312060982e-07,-2.1411957304230718e-07,-2.1233832058871156e-07,-2.6156462146670457e-07,-4.619522528637048e-07,-4.6596042947464533e-07,-1.9454125638161174e-07,-8.933784358022253e-08,3.722190854110163e-08,-2.2942893200498794e-07,-2.5884818506980483e-07,-4.536081468437601e-07,8.449438691823483e-08,-4.7064549284689033e-07,-4.5133698973855847e-07,-4.411226203835509e-07,-6.764785466944825e-08,1.2704342007159667e-08,-4.514512232246635e-07,-2.0578260085203189e-07,-1.4666204213221047e-07,-1.8340319876621427e-07,2.0032932015066992e-08,-4.369858298471823e-07,3.735777624572385e-08,3.0704017002450753e-07
8383.333333333387,-0.019053034004228173,0.32894762559723695,-0.4051683040333332,-0.005763305065937741,0.3458779867492655,-0.3918656456333333,-0.00444663578001672,0.34537241306420174,-0.3792225187333333,-0.005360799746306809,0.34506095611871074,-0.3833074527333331,-0.026644228056494457,0.35284769572644537,-0.4086187627666667,-0.02592385374947289,0.35159068726665355,-0.4222226331,-0.020681638166255054,0.3409731987393663,-0.4012372694666666,0.03685969529321838,0.33521381268640443,-0.2729149684666666,-0.08734035356712574,0.29169429870084546,-0.2964496076666666,0.00782892833372957,0.32132439750007913,-0.3485531898,-0.021988906635309762,0.29169492772616645,-0.3831800728999999,0.11459562257734435,0.20576334068009275,-0.1207489848233333,-0.1544076689527231,0.22948870398575333,-0.1244444785,0.1572147556181665,0.03410913822668348,-0.0517404078566666,-0.17863582486603286,-0.023536025626411407,-0.1395887369666666,0.19750831827562942,-0.1607018381043819,-0.0126283490119999,-0.2215630600315778,-0.2171934159281107,-0.1888820067333333,0.19982762327408835,-0.20092893024182157,0.0014197519325399,-0.21577933959411508,-0.25486698233881827,-0.2315517429999999,0.1748380880633185,-0.21424312532263612,-0.028855043578,-0.1875831413452292,-0.24133095553015566,-0.2545924196,0.19391878007880833,-0.19138416514940054,-0.0223151001093333,-0.20986431705257041,-0.2242861317243738,-0.202004597,0.08216711940573754,-0.17585835813628226,0.0432092534466666,-0.08044973468822064,-0.18350987425789497,-0.04132085678,0.08971121134393709,-0.5199379986459643,0.1073020267166666,-0.02755503077541615,-0.45372792654842015,0.0097178540446666,0.0806854466632813,-0.7803770985105053,0.3234505523333332,-0.05635768465612954,-0.7802792373087787,0.2240789124666666,0.06292276303960959,-0.8113597308365017,0.3491820772333333,-0.05912213963495202,-0.808974329500332,0.2059227023999999,0.09125868415106271,-0.8575381407138488,0.2986591668666666,-0.051790102708651094,-0.8453130118183291,0.1167498609666666,onweer_g_ch1_g19_compr.mp4,ch1g19,1.591420051679647e-05,1.0298521380059486e-05,2.001734442746489e-05,1.2966246521634657e-05,2.1248229850624533e-05,1.0090113849633937e-05,1.9843326379843216e-05,1.2924574929551421e-05,1.0667353077094496e-05,8.84472920373219e-06,1.6474061562202474e-05,1.838541892580209e-05,2.1137805237767034e-05,2.028560498732603e-05,1.5778516730983543e-05,1.7744530027916235e-05,1.9517300189958696e-05,1.6283337980435624e-05,1.7999969862326638e-05,2.1000380952589592e-05,1.0257098016652107e-05,2.1366310602585534e-05,2.122480967297638e-05,1.9522819077196364e-05,2.1203057620293438e-05,5.592414474101341e-07,2.0038048544614333e-05,1.6408843481426048e-05,1.3413196827206501e-05,1.490311066608441e-05,7.164210844685107e-07,1.8693837362436465e-05,1.052485765747142e-05,2.814950845224852e-05,2.7813100645094407e-05,0.0003494144186461912,0.00032453708381862366,0.00033263475323801,0.000327420248626377,0.00034727721323071873,0.0003472962032127756,0.000343667628107716,0.0002593183746014213,0.0003105731696271867,0.00032122047814435223,0.0003314740027897387,0.00017606728817955782,0.0002211939384711145,0.0002619233189139874,0.00021455348166539174,0.0002621698606596783,0.00014212886985615446,0.00024830946281509885,0.0001363778266651964,0.00019739860650021783,0.00011977918062811603,0.00025463566396790677,0.00013676708627778116,-9.941465936059143e-06,7.766796852494547e-06,0.00014584722524066371,8.715292547749421e-05,0.0002378554393659271,0.0002322270945522249,0.00023206385600203238,0.00023503245150708544,0.0002090812202602715,0.00026157625569069075,-8.4508605795815e-08,-4.107035420252327e-08,1.546790577180366e-08,-5.237522235988778e-07,-1.5428272303583508e-06,-1.3040767392234632e-07,-3.892477141323981e-09,-3.3421274567129445e-07,-3.112159197373999e-07,-5.401617484345038e-07,-4.0873997773575406e-08,-1.1124850267641684e-06,4.994005916647914e-08,-1.1662151851209093e-08,-1.843835582347084e-07,-4.6498256366531696e-07,-7.959578311437187e-07,-2.0465130358760606e-07,-1.0717391893380826e-06,7.2803675545865e-08,-3.7556135132141103e-07,4.6816671023599303e-08,1.0068189237755552e-07,-1.983378149611324e-08,-1.5017843878418544e-06,9.849307472088091e-08,-7.755217337696146e-08,-1.957981444912829e-07,-8.442921455576884e-08,1.5557338129776566e-07,1.0410595851913442e-07,-1.6969273190114166e-07,-4.263210685173995e-08,-3.3009328730879954e-07,1.1232577834162009e-07,-3.9470950226991744e-07,-2.06341114199728e-08,-9.668083982837021e-09,1.0411726939083961e-07,-3.860815426643943e-07,-1.774237190915766e-07,-1.9110604214813136e-07,-2.1581871595002925e-07,-2.0961045029505816e-07,-2.0330800384832742e-07,-4.003274257778232e-07,-4.0522976590317713e-07,-2.0040899814209806e-07,-9.083934210243988e-08,2.9780699647666475e-08,-2.088710188667842e-07,-2.091363195897286e-07,-3.920415856632772e-07,1.4336791958482822e-07,-4.1282233431751444e-07,-3.9375788286372113e-07,-3.873219030799915e-07,-4.1713148823042524e-08,4.928892720974382e-09,-3.8753799180327825e-07,-1.9396221754224563e-07,-1.1396278135850603e-07,-1.8627265614871523e-07,1.0246976072319628e-08,-3.5313718177460347e-07,6.47547934959824e-08,3.013767665304801e-07
8400.000000000053,-0.019001142207925373,0.32925956778919946,-0.4039479207666666,-0.005714436436617133,0.3461688562499621,-0.3906082677666667,-0.0044008184694624645,0.3456704509267092,-0.3779747640333332,-0.005310071761470881,0.3453549918411996,-0.3820610639666665,-0.026591461170089575,0.35316110826438113,-0.4073862330666666,-0.0258797409777706,0.35190363808296743,-0.4209750284333333,-0.020629685994269172,0.34128244049012396,-0.4000119291,0.036907371893829845,0.33544639229773393,-0.2716613854333332,-0.08732477891618408,0.291976874991761,-0.2953269383,0.00787024224803314,0.32161112391174984,-0.3473530035666667,-0.021960883860250836,0.29199061610506666,-0.3819947103333333,0.11461684284916693,0.2059201798515976,-0.11969433105,-0.15437736980402983,0.229691614388407,-0.1235764823666666,0.15719349232702606,0.034360731290291636,-0.0505901717033333,-0.17864280214203657,-0.02334185463390515,-0.1387179304999999,0.1973939337112277,-0.16045504430731358,-0.0113446945653333,-0.22147792425849203,-0.21705478213458995,-0.1879219432999999,0.19967255049578242,-0.20070165023885328,0.0027255007122066,-0.21567973309437644,-0.2547286218909007,-0.2305407975333333,0.1746319005033427,-0.21406234127296667,-0.0275117765413333,-0.18747802051213572,-0.24120726334902481,-0.2535692368333333,0.19377193853959845,-0.19114311256642505,-0.0210072781826666,-0.20978025633366645,-0.22415089692288515,-0.19748196,0.08216246815423542,-0.17586957078389437,0.0432683173033333,-0.08044792572447669,-0.18350082198811504,-0.0413784419433333,0.08955393537628874,-0.5197948985582824,0.1072449540166666,-0.02768007478072663,-0.45363833969086004,0.0097396448506666,0.08042779973261203,-0.7802102838880944,0.3235168455999999,-0.05656173635699753,-0.780098976648423,0.2245676293,0.06265840161093712,-0.8112022204207174,0.3492392013333333,-0.05933272246576751,-0.8087992414198666,0.2064449011666666,0.09101042875766441,-0.857358590486799,0.2986717185999999,-0.05194351338058785,-0.8450886783956659,0.117245673,onweer_g_ch1_g19_compr.mp4,ch1g19,1.5483550199302958e-05,1.0218856361774503e-05,1.9593996653254043e-05,1.2378449856793397e-05,1.9567356166763682e-05,9.891051803865335e-06,1.9419526892299256e-05,1.2547235414822805e-05,1.0349006113915669e-05,8.251371957016617e-06,1.619835200816358e-05,1.7272952025463814e-05,2.0723365559199452e-05,1.9830187780896106e-05,1.5520363388510903e-05,1.738466986360128e-05,1.8638330949076703e-05,1.5759702866193818e-05,1.6920663255225248e-05,2.061924767054904e-05,9.750197475950527e-06,2.09610783170607e-05,2.0859681347329283e-05,1.9095683333411603e-05,1.9576846940269416e-05,6.674802311903271e-07,1.9540595711533514e-05,1.6044462407184355e-05,1.315970841168999e-05,1.4668733593766475e-05,8.363925361241487e-07,1.8068360208841332e-05,1.034249294778559e-05,2.749468130105729e-05,2.5875891890318793e-05,0.0003380483738979612,0.0003139171713284603,0.00032178686417815824,0.0003167941030147417,0.0003368275779196852,0.0003365130475174933,0.0003328974225052759,0.0002520781541434411,0.0002992747345621799,0.00031170426842757584,0.0003206962160900473,0.000170870862602506,0.00021603829747174444,0.0002587235016734685,0.00019962915172944015,0.0002591100202018722,0.000133722844309522,0.00024344759200809138,0.00012903329881314282,0.00019487719373946342,0.00010954235854949206,0.0002527136333095009,0.00012877105279209645,-1.092584965040484e-05,8.64755916132219e-06,0.0001345780714521123,7.946062075593037e-05,0.00020161911838885985,0.00020281120264256924,0.00019456937586130368,0.00020176205274059555,0.00018929049452183808,0.0002469566500624901,-3.741923208178753e-07,4.9349447154618216e-08,-3.26993627109569e-07,-4.978837273989618e-07,-1.5148733550306072e-06,-4.5885546248153944e-08,-3.3456210601068825e-07,-5.280789760838417e-07,-4.911323550450142e-07,-7.86986033272588e-07,-3.3227427815939456e-07,-1.3476631192711782e-06,-2.968642531011403e-07,-3.590366710910239e-07,-4.32230444002125e-07,-6.118213811151358e-07,-7.704243055398007e-07,-4.960122750385677e-07,-1.3142586432650924e-06,-2.6379376875639366e-07,-2.5219100605755296e-07,-3.0838885463309116e-07,-2.4292093621891277e-07,-3.553232547836629e-07,-1.5086370610081397e-06,9.489237779507592e-08,-4.0654925362199216e-07,-4.4824354795905205e-07,-1.6664653105490538e-07,-1.609449544392877e-07,1.0336745006587094e-07,-4.5887262320651957e-07,-2.0785129881043463e-08,-2.296442346377044e-07,1.1764950307822062e-07,-2.700427331058949e-07,3.527191861684369e-08,4.5215986918864235e-08,1.211231658075248e-07,-2.628500052206479e-07,-1.3883543063285872e-07,-1.3017466332716429e-07,-1.896676799876263e-07,-1.6646543409448283e-07,-9.963327897930797e-08,-2.7246141688609106e-07,-2.7562307114871336e-07,-1.6823326352018585e-07,-6.986646916426743e-08,3.225994749025612e-08,-1.4010157114039627e-07,-1.1479022385763325e-07,-2.658134733949298e-07,1.878875478505805e-07,-2.856758344977643e-07,-2.7105322834715195e-07,-2.664940773333289e-07,1.3119096512409687e-08,-1.5079487058911538e-10,-2.5957711471375757e-07,-1.4547093178967755e-07,-6.733261045251388e-08,-1.4329309428245164e-07,2.553639427757138e-09,-2.178342095164327e-07,9.027011522201207e-08,2.540664022807321e-07
8416.666666666719,-0.01890473316400467,0.3295691961993008,-0.4027473550666666,-0.005630477835569217,0.3464582935646783,-0.3893748221333333,-0.0043207301683732425,0.34596695029835717,-0.3767500216999999,-0.0052241626082416,0.3456476526319896,-0.3808383581333332,-0.026498005420917615,0.3534729652752358,-0.4061787145,-0.025794534864527218,0.3522148033832095,-0.4197531768999999,-0.020535933366069396,0.3415895712929602,-0.3988105090999999,0.036958603699477996,0.33567862263793746,-0.2704431504333333,-0.08728510718730409,0.29225407252448743,-0.2942260474666667,0.00794073526807466,0.32189645515406234,-0.3461756161333333,-0.021894630792160193,0.2922830690310863,-0.3808349182,0.11464108793642616,0.20606383876164758,-0.1186620677633333,-0.1543325870371805,0.22989082249997508,-0.1227332611666666,0.15717581630389155,0.03459788544153306,-0.0494553774366666,-0.17863047932275886,-0.023153237878386843,-0.1379694560999999,0.19730079157145358,-0.16022922985387905,-0.0100626162919999,-0.22137419882343085,-0.21693517821786615,-0.1870807404666666,0.1995419683435664,-0.2004964144319766,0.0040613767968733,-0.21556633968934075,-0.25462018491726535,-0.2296527673333333,0.17445324433491283,-0.2139037413908145,-0.0261444450896666,-0.18735696872524557,-0.24112516365929265,-0.252651975,0.19364803935980057,-0.19092222501398742,-0.0196995573359999,-0.20967980082410845,-0.22403746752168538,-0.205341935,0.0821549445843469,-0.17588171039690326,0.04332771718,-0.08044301912116593,-0.1834908933831024,-0.04143663408,0.0893987537491043,-0.5196791420349453,0.10719112855,-0.02779383902371573,-0.45356632623892557,0.009727460435,0.08016932413840276,-0.7800697615865391,0.3235627641333333,-0.05674992162447042,-0.7799495488335599,0.2248851924333333,0.062392078732904185,-0.8110688658235349,0.3492789566333334,-0.05953030884052304,-0.8086575060307167,0.2067810489999999,0.09076024364058054,-0.8571975089817023,0.2986542315999999,-0.05208826929753455,-0.8448839654407189,0.1175565832333333,onweer_g_ch1_g19_compr.mp4,ch1g19,1.4692600986067536e-05,1.0389365144883066e-05,1.8858299583451686e-05,1.1803532192183731e-05,1.7774166081282725e-05,9.952391209592013e-06,1.8695906047988392e-05,1.1864488167544525e-05,9.657744498229944e-06,7.456742159341057e-06,1.5731307061107388e-05,1.5764921989337e-05,2.0010618619472373e-05,1.9050690907690945e-05,1.4930294035562863e-05,1.6728131268787178e-05,1.7660504077675546e-05,1.5109968535837883e-05,1.544980407534423e-05,1.9953456841238403e-05,9.646122327295204e-06,2.024438947784296e-05,2.0200075942062883e-05,1.8326927964900695e-05,1.780505620596642e-05,7.473302741189083e-07,1.8742341014289047e-05,1.5491203427249358e-05,1.2820300535476604e-05,1.4367346170410282e-05,9.316258419906096e-07,1.720114468835978e-05,1.0385575847976272e-05,2.6648702481329464e-05,2.3573639355520535e-05,0.0003201273311298554,0.00029716575507152793,0.00030454960859870576,0.0002999114557988163,0.00032024158545762154,0.000319618139407378,0.0003161388561752866,0.00023867779157332186,0.0002834171047115292,0.0002958528432232585,0.00030410909065337055,0.00016088683518226574,0.00020856486062665873,0.000249668394022753,0.00018352155683586856,0.00025195436635210017,0.00012272657039555596,0.0002349368509930213,0.00011891203083830615,0.00019083627629384113,9.696662191322228e-05,0.00024700734202175406,0.00011768638793626183,-1.1751691765009368e-05,9.391750207621445e-06,0.00012079904946622756,7.085985556033659e-05,0.00016760048925287477,0.00017024477183788674,0.00016007018515837377,0.00016528458026215118,0.0001718754672232364,0.00022939519403574434,-5.136178868028588e-07,1.4950869575645402e-07,-5.07658952902361e-07,-3.9691288153525393e-07,-1.4100161135204439e-06,6.298115403118171e-08,-5.06725990107318e-07,-6.510025693034741e-07,-5.605501180686178e-07,-9.74344646549085e-07,-4.914211249700816e-07,-1.3835126078102027e-06,-4.797069550677112e-07,-5.384684360562299e-07,-5.814971947737044e-07,-6.747312117759929e-07,-7.310114939647317e-07,-6.203532056025686e-07,-1.3697864665662316e-06,-4.408263442012374e-07,-6.857828727399655e-08,-5.024780348611937e-07,-4.2875789947214054e-07,-5.281489690273592e-07,-1.4323399061473235e-06,8.773387438538503e-08,-5.685967611663327e-07,-5.70812469339462e-07,-1.8886195938685707e-07,-3.2485920039274326e-07,9.605482402160946e-08,-5.707900399039146e-07,5.357676214936046e-08,-1.0129568171497971e-07,1.087842604464807e-07,-1.1250333698815421e-07,8.196016717996263e-08,1.0725561676494578e-07,1.2398076126495215e-07,-1.0770760419729974e-07,-7.240351877105656e-08,-3.8897003836171336e-08,-1.3442162972102863e-07,-9.618490083308812e-08,4.177799024538152e-08,-1.1414238538960298e-07,-1.1262395241102205e-07,-1.0027077561204982e-07,-2.0356491591098724e-08,4.000466098760351e-08,-4.347965650693107e-08,1.755036589723985e-08,-1.1015953589211266e-07,2.1000635662799052e-07,-1.2342528620773593e-07,-1.1837999654112162e-07,-1.1127605721933593e-07,7.87404747505235e-08,-2.288918842457369e-09,-1.0127524177633342e-07,-7.255528815293774e-08,-2.168629057867728e-08,-7.373438826026323e-08,-2.1087424595710888e-09,-6.98888814671652e-08,1.0995430959306886e-07,1.8403799228923641e-07
8433.333333333385,-0.018775176232163987,0.3298793477586081,-0.4016867162333333,-0.005516435056360536,0.3467455160848408,-0.3882842389333333,-0.004211070458525156,0.3462610974137242,-0.3756673678999999,-0.005110844777142379,0.34593744121873027,-0.3797556665999999,-0.026370825973829618,0.3537857542188609,-0.4051072395333332,-0.02567655814421041,0.3525267881657258,-0.4186653305333332,-0.02040964375856396,0.3418980480430512,-0.3977404646666665,0.03702099552510584,0.33590259655630816,-0.2693456888666666,-0.0872283521300106,0.29253027844049956,-0.2932462852,0.008031551263007565,0.3221812487835311,-0.3451283982666667,-0.021806157994869114,0.29257771131166443,-0.3798036654333333,0.11466033866668307,0.20620534496216583,-0.11770996453,-0.1542786189170757,0.2300869809277965,-0.1220273112,0.15720964512329816,0.03483230593665442,-0.0481261946033333,-0.1785400823585633,-0.02298873692350007,-0.1375534941666666,0.1972809551782047,-0.15998961802187292,-0.0082316122053333,-0.22122249564395796,-0.21682834021939365,-0.1864878992333333,0.19948518347288519,-0.20027137928563285,0.0060358643502066,-0.21541588023979352,-0.25452086495190934,-0.2290092915,0.17433916219202786,-0.21371338915883736,-0.0241437040355666,-0.18720491287311936,-0.24105396288943595,-0.2519304468666666,0.19359651568022923,-0.19068482441493567,-0.0178369949036666,-0.20953602226032808,-0.22393819696423026,-0.202651486,0.08214087178209636,-0.17589296055678877,0.0434001594233333,-0.0804313756612404,-0.18348207972590005,-0.0415074907166666,0.08924470766040497,-0.5195774338200027,0.1075498337733333,-0.027840408075553727,-0.453513019158518,0.0096680405723333,0.07994092323209273,-0.7799288031462782,0.3242969055999999,-0.05691666492342489,-0.7798310254106035,0.2251881116666667,0.06216262213253454,-0.8109346559279946,0.3500404288333334,-0.05971159880022857,-0.8085486633549009,0.2071201040666666,0.09053141574252976,-0.8570218365245369,0.2995684029333333,-0.05224500217559409,-0.8446657774633826,0.1179657646666667,onweer_g_ch1_g19_compr.mp4,ch1g19,1.3904943753181728e-05,1.078277197116054e-05,1.8027898292317635e-05,1.153346448877857e-05,1.615465907325807e-05,1.025268130021979e-05,1.7864446843581028e-05,1.1058452347527462e-05,8.8136981867982e-06,6.38852724017332e-06,1.5223690947830617e-05,1.4400859319861495e-05,1.9238447905247334e-05,1.8171570172345826e-05,1.4255752376288255e-05,1.603160980573139e-05,1.6788320238037205e-05,1.4463723052062285e-05,1.4090020178839201e-05,1.9208889751192218e-05,9.871014510861042e-06,1.9409725554228934e-05,1.9490626024725333e-05,1.7459404737999585e-05,1.6180860281739035e-05,8.208590557548997e-07,1.7867010009672883e-05,1.4914552045993845e-05,1.2530925415496419e-05,1.4013225508323911e-05,1.0190411073638994e-06,1.640955669212385e-05,1.0638212643240278e-05,2.5979979080874355e-05,2.1455743009675887e-05,0.0002996041118564356,0.0002783038665878952,0.000285349208975112,0.00028110178005294543,0.0003022493215631503,0.0003010831915659529,0.0002974143965163269,0.00022555578710075052,0.0002684350055061768,0.00027812460343537186,0.0002856147343959249,0.00014805850857722185,0.00020205693046881643,0.00023799447389507265,0.00017288587891345537,0.00024143613284644086,0.00011157308917057535,0.00022192731379420272,0.00010652697664161138,0.00018231882695576382,8.066461508371203e-05,0.00023781005746048087,0.00010547842716558155,-1.260046924341797e-05,1.0162538721286353e-05,0.0001069667251501992,6.076616130254389e-05,0.00013944219252505998,0.0001407301323134728,0.00013206210771286728,0.0001324348423978572,0.00015791155031395356,0.00021458468592560947,-5.150612000328353e-07,2.3854834913758755e-07,-5.262500153565679e-07,-2.768639267557891e-07,-1.2063006577746126e-06,1.7745815131700893e-07,-5.232799261022885e-07,-6.884359811802132e-07,-5.232124779177549e-07,-1.017159024741257e-06,-5.14589842742132e-07,-1.1711656902609486e-06,-5.042112658260152e-07,-5.530243416847228e-07,-6.26211095666395e-07,-6.521247859499541e-07,-6.888623140323406e-07,-5.724905271846918e-07,-1.18825602141146e-06,-4.642178183295649e-07,1.5044516252292945e-07,-5.331265597016937e-07,-4.617401561371038e-07,-5.406561443407597e-07,-1.2588961776847246e-06,8.107725179069873e-08,-5.730147747982433e-07,-5.729564276559256e-07,-1.7437695622134016e-07,-3.1843262110689625e-07,8.748773525276236e-08,-5.438828797901218e-07,1.6862459678423057e-07,2.1465641065308305e-08,8.452266282592732e-08,4.152155399507107e-08,1.0210142000084532e-07,1.567091499477282e-07,1.0920254078314087e-07,4.422721469135486e-08,6.909912705152885e-09,6.368653816750169e-08,-5.315691666734742e-08,-1.7690692096880535e-08,1.827899245983328e-07,3.734694796986747e-08,4.6299801161843456e-08,-1.4284100071074152e-08,4.239195302478415e-08,4.3790947757201554e-08,5.630721956286309e-08,1.5254920738989735e-07,3.8717041139894186e-08,2.0498386690061077e-07,3.7045512892530796e-08,2.7560989269081953e-08,4.1926073397169786e-08,1.3478570959811472e-07,-1.963347249309399e-09,5.1298569445028013e-08,5.186299491128281e-09,1.2070349259196714e-08,4.763633242321094e-09,-3.6935606733651842e-09,5.570348511497544e-08,1.1592437411820626e-07,1.3341556773715184e-07
8450.000000000051,-0.018646855161000966,0.330173584514228,-0.4007914067999999,-0.005403752712341089,0.3470178885651626,-0.3873551366333333,-0.004102895125236618,0.3465405524173111,-0.3747436496333332,-0.0049987291710452885,0.3462124937025079,-0.3788326707666665,-0.02624514140944738,0.35408451957948,-0.4041976329333333,-0.025560118422654494,0.3528244733269956,-0.4177427896999999,-0.020284909889663097,0.3421926289532139,-0.3968318424999999,0.03708107950582422,0.3361191051509458,-0.2683628181999999,-0.08717396230625406,0.2927936278404348,-0.2923980624,0.00812210807383942,0.3224533946478053,-0.3442328702666667,-0.02171810192470937,0.29285932156878236,-0.3789287010333333,0.11467561409754556,0.20634224935338394,-0.1168105572633333,-0.1542226836564834,0.23028748390653905,-0.1213819453666666,0.1572255019580974,0.03505846449317996,-0.04681358726,-0.17845115825575625,-0.022819173695398872,-0.1371786827666666,0.19724946126443058,-0.1597389032440877,-0.0064297417819999,-0.22107099006750452,-0.21672229861854364,-0.1859818086333333,0.19941289444005825,-0.2000365364208463,0.0079715056335399,-0.21526570020143032,-0.2544229354595168,-0.2284705345666666,0.17420971815088077,-0.21351196283975443,-0.0221781105732333,-0.18705180580608777,-0.24098437280571525,-0.2513142615,0.19353461954290463,-0.1904336774542215,-0.0160040646259999,-0.2093912111757512,-0.22383992399760058,-0.20754385,0.08212517274387003,-0.17590510445572227,0.04347518975,-0.08041811033587305,-0.1834725668970203,-0.0415809870933333,0.08909167233987692,-0.5194797473252996,0.1080119423666666,-0.02791264568814759,-0.4534545028246087,0.0096665392956666,0.07971148238165277,-0.7797854423986896,0.3251136919,-0.05710667512467026,-0.779695038517102,0.2256154392333333,0.06192869168318256,-0.8107981153001242,0.3508915901333335,-0.05991551658095978,-0.8084221130989225,0.2075895318666666,0.0902954009600649,-0.8568489701560174,0.3005650095,-0.052413442773863915,-0.8444462929609847,0.1185708640666667,onweer_g_ch1_g19_compr.mp4,ch1g19,1.338368088503173e-05,1.12006772896454e-05,1.7473264105814245e-05,1.1286771017762997e-05,1.490642061810945e-05,1.0614126875152744e-05,1.7300141907471834e-05,1.0197111591244326e-05,8.161962001230692e-06,5.132422361685805e-06,1.461859934266377e-05,1.3205449983018806e-05,1.8739986850712697e-05,1.7582361227172925e-05,1.351746833453205e-05,1.5336921344671936e-05,1.612145845849209e-05,1.3827334171675572e-05,1.2842957927406445e-05,1.8741443437743755e-05,1.0292890526206517e-05,1.8834941951135594e-05,1.904276292437606e-05,1.6848975788355122e-05,1.4837668074059937e-05,8.965287055629689e-07,1.7250744168518815e-05,1.4240209659789468e-05,1.2306613518364103e-05,1.3628221784908315e-05,1.100396376410833e-06,1.5961499832285094e-05,1.098001611149795e-05,2.5265626710691958e-05,1.9623913019607216e-05,0.0002837591573185069,0.00026440184330239796,0.00027141167604305785,0.00026737463903802114,0.0002890588127000818,0.00028743091858443495,0.0002837569263518642,0.00021706148482834888,0.0002594302026265793,0.0002651495478049587,0.0002717000872200993,0.00013706610586302026,0.00019705957804759994,0.0002233332500000831,0.00016404333232393004,0.00022674623955679844,0.00010188337922968852,0.0002057107157932153,9.582224595838007e-05,0.00017039765910587836,6.578015923084509e-05,0.00022440214533649548,9.461926708880943e-05,-1.3155571980909871e-05,1.0663164735755889e-05,9.304673966930842e-05,4.859564076670168e-05,0.00011419421485760528,0.00011358204367471029,0.00010710180963889915,0.00010306209341823298,0.0001418685248974289,0.0002013295505802275,-3.8142804563820994e-07,3.2341452901783536e-07,-3.6830264071439037e-07,-1.486153024727729e-07,-9.876560587401917e-07,2.951229592236249e-07,-3.6701158320091015e-07,-6.381415010942956e-07,-3.747282976999021e-07,-1.0098268251208198e-06,-4.453128841865395e-07,-8.338340234790903e-07,-3.524887871848476e-07,-3.8822364718082365e-07,-5.465445157059674e-07,-5.472438291063662e-07,-6.532996530150491e-07,-4.035813947014066e-07,-8.931990938352277e-07,-3.1479217010793816e-07,3.832806857772726e-07,-3.7920621017523056e-07,-3.2286526983038777e-07,-3.816637589155669e-07,-1.0580630168707827e-06,7.757358906937222e-08,-4.0797143122547225e-07,-4.849853938203578e-07,-1.3550019810172261e-07,-2.032838321177303e-07,8.088307384079412e-08,-3.814580163041479e-07,3.1936765586197053e-07,1.1051764908433944e-07,5.293389794635437e-08,1.5579357370969313e-07,1.0096248353516721e-07,1.722117243260794e-07,8.309982857178265e-08,1.5713596109052646e-07,8.418805373383223e-08,1.5086905536090453e-07,4.305357677397088e-08,5.2461395627590685e-08,2.976939577234729e-07,1.4722256157314962e-07,1.6368084251388108e-07,7.408150855454036e-08,1.0489877150665544e-07,3.503037443395274e-08,1.3717528473346108e-07,2.6673433163918673e-07,1.4576871790442149e-07,1.747304937319118e-07,1.5824668097089866e-07,1.3331930524909066e-07,1.5743543128999074e-07,1.6148515536006854e-07,-3.806584306318639e-10,1.6343163798865935e-07,7.51065115196172e-08,2.5995346491192368e-08,6.842472461053845e-08,-3.0376987793349244e-09,1.299594965557101e-07,1.0839628589085727e-07,1.5532056726572563e-07
8466.666666666717,-0.0185134714879046,0.330465405642253,-0.3999802869,-0.0052871079532844905,0.34728912464947137,-0.3865176396999999,-0.003991133361175162,0.3468185217537589,-0.3739093515,-0.004882205618130636,0.34648600600895446,-0.3779991613999999,-0.026113766252561187,0.3543807667807479,-0.4033775157333332,-0.025437986665089136,0.35311924049222465,-0.4169123112333333,-0.020154246901147536,0.3424835093159309,-0.3960132412666666,0.037142075847666996,0.33634510143460267,-0.2674833814666666,-0.08711648635381392,0.29306589007124906,-0.2916233569999999,0.008214151623720271,0.3227269307935283,-0.3434224984333334,-0.021627182108584147,0.29314286003461987,-0.3781384904666666,0.11469431961154447,0.2064917572613556,-0.11600413673,-0.154168357747142,0.2305000128569741,-0.1207726696666666,0.1572254138042262,0.03528329328114421,-0.0457224298,-0.17835550050063043,-0.022647582985428256,-0.1368335152666666,0.19721461353033726,-0.15950879953599148,-0.0051053869886666,-0.22091002101290366,-0.21662044889434198,-0.1854731619666666,0.19934708222993497,-0.19983335251823459,0.0093528502002066,-0.21510714111474005,-0.25433202423010454,-0.2279235760333333,0.17409194863789615,-0.21334358372337878,-0.0207884705953333,-0.18689281012334405,-0.240922661099781,-0.2506946573333333,0.19347199290612055,-0.19020840475549053,-0.014670340338,-0.20923725647094493,-0.22374622748602854,-0.207932383,0.08211138319167001,-0.17591765028142672,0.04355079464,-0.08040635932479454,-0.18346254360034348,-0.0416559168366666,0.08895577954577363,-0.5193774061689918,0.108175308,-0.02797628178680209,-0.45340392259726614,0.009696641085,0.07949608729560778,-0.779632985309245,0.3253772874666666,-0.057257047895294295,-0.7795663726539673,0.2260180432666666,0.06170724911865947,-0.8106512149916669,0.3511640002666668,-0.06007466347732022,-0.8083014923627387,0.2080270473666666,0.0900585232186596,-0.8567004351134824,0.3009278806,-0.05253898076099705,-0.8442464510219393,0.1191481671,onweer_g_ch1_g19_compr.mp4,ch1g19,1.308550126903905e-05,1.154612663600932e-05,1.7208515398470842e-05,1.1237240543313803e-05,1.4275869685969397e-05,1.0945299504033114e-05,1.7037240382747957e-05,9.634472724788728e-06,7.801654010465347e-06,4.062098390376512e-06,1.4125582938704241e-05,1.2523518079813178e-05,1.8497599565553685e-05,1.731162092591244e-05,1.2917036134391993e-05,1.471734891770903e-05,1.5723727200256404e-05,1.34562492123297e-05,1.2074812270819335e-05,1.853994127422452e-05,1.0781536404975155e-05,1.8558020201294065e-05,1.8819268288506774e-05,1.6569881744646735e-05,1.4083777735216581e-05,9.597940727329611e-07,1.6955143399732182e-05,1.3721876243320706e-05,1.2235875069751394e-05,1.3417957670345544e-05,1.1632482102104147e-06,1.5723866077604028e-05,1.133990051810222e-05,2.4793715442774144e-05,1.8551385033751833e-05,0.00027548870378730274,0.0002575010728800097,0.00026454376857769195,0.00026043581969720654,0.0002820877712473611,0.00028030448957640474,0.0002770471613737908,0.00021276041290882244,0.0002546882767654795,0.0002590668341884146,0.0002648061518331204,0.00013057674499728286,0.00019565617321797975,0.00021095318494717967,0.0001618538187739282,0.00021342799549916425,9.59962246783716e-05,0.0001924598552477459,8.963272629083704e-05,0.00015983230565879675,5.607220993751875e-05,0.00021144418802874853,8.72446547405092e-05,-1.3093388554946205e-05,1.0599377106616594e-05,8.534101935654413e-05,3.8380555737041314e-05,9.993627611293124e-05,9.250544751093535e-05,9.328228368697263e-05,8.119653017955174e-05,0.00013325478762350588,0.00019241819018772288,-2.0058667275710901e-07,3.939369109333675e-07,-1.2280223108270378e-07,-4.5011757286156553e-08,-7.961620590162402e-07,3.989237616784493e-07,-1.2508758840764305e-07,-5.090899332250237e-07,-1.774985709212207e-07,-9.236228210807533e-07,-2.817616856326949e-07,-3.927964218709982e-07,-1.1436839210351145e-07,-1.3495937691598582e-07,-3.8482581464323263e-07,-3.5630264937201296e-07,-6.314738674092796e-07,-1.261561030224582e-07,-4.96721234701317e-07,-8.030547817537675e-08,5.909644213091236e-07,-1.2897707000808802e-07,-9.967584644112376e-08,-1.3870114978018013e-07,-8.745025269306595e-07,8.370619067030021e-08,-1.6382446683009009e-07,-3.1391947852151285e-07,-1.0022718571908299e-07,1.2214200855840557e-08,8.396078252221676e-08,-1.8667282517962212e-07,4.77703284771461e-07,1.5124036393771774e-07,1.8506766483163736e-08,2.12634124323504e-07,6.974301817483318e-08,1.4083832921494754e-07,4.974299721048403e-08,2.1301466209089365e-07,1.375022707663831e-07,2.0175510275836392e-07,1.318215290115606e-07,9.51421718052146e-08,3.5695598085717925e-07,2.0008971994452347e-07,2.2104383602572155e-07,1.407076619585606e-07,1.4745475174681938e-07,9.32380668524589e-09,1.7578780031750347e-07,3.3073376555325566e-07,1.9585362187545421e-07,1.2575633358860372e-07,2.213288621425965e-07,1.8461775562581108e-07,2.1474306369142103e-07,1.432302697586626e-07,1.3821074497374598e-09,2.168852747905519e-07,1.1711538862090374e-07,1.7446346759677596e-08,9.51086884784112e-08,-1.2811827203635424e-09,1.5000138776696048e-07,8.675274153654641e-08,1.9677715664036652e-07
8483.333333333383,-0.018374428261956784,0.3307510401636101,-0.3989790381666667,-0.005170217454164001,0.3475564012128997,-0.3854971545333333,-0.0038791019580323035,0.34709342431307005,-0.3728924225999999,-0.0047653013891304575,0.34675603923883563,-0.3769861456999999,-0.025980383059680378,0.35467201685234,-0.4024014429666666,-0.025313802683115085,0.35340833533886984,-0.4159211356666666,-0.020021284534381657,0.3427691370342332,-0.3950395834999999,0.03717600101605343,0.33657077057135415,-0.2664457351333333,-0.08706240938483052,0.293327893495345,-0.2907936633,0.008307267447105662,0.32299841221657793,-0.3424221735333334,-0.021531914308567695,0.2934178205056506,-0.3771882483666666,0.1146852390196179,0.20664167152322907,-0.11498636533,-0.15411499698548586,0.2307087586228554,-0.1201733226,0.15718446918947082,0.035507476750756696,-0.04419517986,-0.17826414387692824,-0.022476054474816723,-0.1365294977999999,0.19717118014085452,-0.15928030954968,-0.0031072760953333,-0.22074667689177893,-0.21652305459656424,-0.1850225806333333,0.19927387784321104,-0.19962729081477473,0.0114931412568733,-0.2149458257617768,-0.25424251682536564,-0.2274581923999999,0.17398030073096227,-0.21317110622090815,-0.0186486219969999,-0.18672525050925176,-0.24086349735801033,-0.2501341953333333,0.19340614959631766,-0.1899834180491845,-0.0126541040623333,-0.2090801979437955,-0.22365703623468702,-0.202439144,0.08209651239393663,-0.1759308133588796,0.0436395943866666,-0.08039352579046585,-0.18345196121889537,-0.04174392831,0.08882033572471042,-0.5192960220520162,0.1082970549666666,-0.028055757589706104,-0.453369392577271,0.0095311738583333,0.07927895480652454,-0.7795394457624436,0.3255157023666666,-0.05745920076063286,-0.7794641780205984,0.2262506002333333,0.06148368580752919,-0.8105655151367087,0.3512942499333334,-0.060293160464845855,-0.8082111149787641,0.2082932283,0.08983237083633515,-0.85658036471014,0.3010855766333333,-0.0527125257714037,-0.8440495863055303,0.1194363289666667,onweer_g_ch1_g19_compr.mp4,ch1g19,1.3294131766530636e-05,1.1983147892639689e-05,1.7606909044646948e-05,1.1404820503368924e-05,1.3864309842440387e-05,1.1414933566944363e-05,1.744207547911182e-05,9.296001726236266e-06,8.032661673792531e-06,3.23030089796647e-06,1.3832791957332517e-05,1.2295661596356631e-05,1.8888835292200868e-05,1.772638794097251e-05,1.2679538104150546e-05,1.4304258712836413e-05,1.521376178485155e-05,1.3475324152949837e-05,1.1729042470553942e-05,1.897778157989167e-05,1.154319472458228e-05,1.9008761390484753e-05,1.919871118451392e-05,1.698444347748885e-05,1.3588549258609377e-05,1.044351603801011e-06,1.7343455537953065e-05,1.3462832891354966e-05,1.2410374915539413e-05,1.3443790009413232e-05,1.2407161444210225e-06,1.5940488654001394e-05,1.193240722607362e-05,2.4812986924715328e-05,1.79504626188216e-05,0.0002806799091250103,0.0002628769514142674,0.0002701527178835899,0.0002657410239796404,0.00028652111478869063,0.00028494796679274533,0.00028239115172504496,0.00021718319505170097,0.00025801510006321206,0.0002652409094672627,0.0002700284593923379,0.0001330528546810754,0.00019882988352667308,0.00020415926872131875,0.00016345176447269145,0.00020404955789924537,9.546211083447695e-05,0.00018548355813647179,9.116251900844525e-05,0.00015416421567197923,5.639426214006427e-05,0.00020165882377974826,8.564841028685402e-05,-1.2506725795461912e-05,1.0003510067749467e-05,8.315699951488217e-05,2.831989735534523e-05,9.251413637275096e-05,7.877398646394162e-05,8.569066645288003e-05,6.80203167357642e-05,0.00012686694331581812,0.00018826364547724748,-2.684777665985802e-08,4.1664734054608595e-07,1.3998151185333986e-07,-1.8146055905196735e-09,-6.744382132467627e-07,4.5528357830919375e-07,1.3568717289499024e-07,-3.366594352000449e-07,2.9627157395544205e-08,-7.844743529797204e-07,-1.3569979412745315e-07,-2.9414475639741926e-08,1.374951232853373e-07,1.345262656308426e-07,-2.143844537888513e-07,-1.944571857642003e-07,-6.18431545152457e-07,1.1804496184763393e-07,-1.5869869552292814e-07,1.6641606784803825e-07,7.217106630413008e-07,1.468807090086977e-07,1.35854049502532e-07,1.1875591521629785e-07,-7.480605914183524e-07,8.904185711551418e-08,9.834548021559067e-08,-1.6093795632534324e-07,-8.454782005973331e-08,1.9607434917720324e-07,8.71116904818253e-08,-1.092006876594399e-08,5.933320666393816e-07,1.3350169207719675e-07,-2.3504221711548146e-08,1.942300647618817e-07,1.6331450767175767e-08,7.986681413436683e-08,4.724149667639879e-09,1.9433369343995682e-07,1.5786903395476348e-07,1.998265107214636e-07,2.013744385288697e-07,9.365515991567424e-08,3.4818570567561823e-07,1.7830280376126867e-07,2.0100592419459783e-07,1.6394046218123147e-07,1.5291858098401618e-07,-1.886341293274523e-08,1.5326656406723578e-07,3.3202001111491407e-07,1.7159192177035833e-07,5.5526620870498866e-08,2.0529818513651098e-07,1.6385548635732066e-07,1.9642144088093138e-07,9.28858415956151e-08,1.6750064652993402e-09,1.9432961614508e-07,1.1423570723543712e-07,-1.5413841060964833e-08,6.933478975817494e-08,-2.8122515245767863e-10,1.0700050613973345e-07,4.08420428814505e-08,2.0185498921305506e-07
8500.00000000005,-0.018222772403733496,0.3310147746221702,-0.3979972354333334,-0.005043393398664607,0.34780278805293824,-0.3844853448333333,-0.0037563732901386357,0.34734680163504245,-0.3718851358666666,-0.004638641938975654,0.3470045403997387,-0.3759805159999999,-0.025836108879057483,0.35493801218328785,-0.4014366970999999,-0.02517777829563411,0.35367374629311754,-0.4149431644999999,-0.019876953170937895,0.34303371995951154,-0.3940771095666665,0.03721280158992671,0.3367711696462959,-0.2654021909,-0.08700350950726243,0.2935617355592932,-0.2899773389333334,0.008409803570106207,0.3232474006534352,-0.3414380273333334,-0.021425737738538283,0.29366942763271675,-0.3762580393999999,0.11466942391784471,0.2067690416902456,-0.11396772442,-0.1540620740775909,0.23088924675678676,-0.1195890625,0.15713894783381516,0.03570424339455474,-0.0426712496533333,-0.178154966822388,-0.02233966720152475,-0.1362742652666666,0.19713355996179455,-0.15908965394433014,-0.0011226019819999,-0.2205785690886651,-0.21643593958327192,-0.1847163136,0.1992113832657282,-0.19945135096610855,0.0136097770102066,-0.21478048017046303,-0.25415398950644874,-0.2271558910333332,0.173876267757801,-0.2130279570511858,-0.0165291630333333,-0.18654872615525625,-0.24080730965262906,-0.2497466474333333,0.19334680354696748,-0.18979928440366436,-0.010649603959,-0.20891586949494398,-0.22358039899501142,-0.208639592,0.08208180259993055,-0.17594255511866097,0.0437430265766666,-0.08038089755975743,-0.18344292887549188,-0.0418450807466666,0.08868866165359664,-0.5192138984887065,0.1083371179666666,-0.028102463900323085,-0.45335118285733705,0.0091846046536666,0.07908067436295459,-0.7794564711884162,0.3256734977,-0.057660852506658075,-0.7793857183882915,0.2261151293333333,0.06128237630090091,-0.8104912518744967,0.3514606512000001,-0.06051167278211247,-0.8081409390090939,0.2081792706666666,0.08964606226016214,-0.856475813790109,0.3012811553666666,-0.052879172809989605,-0.8438672673208836,0.1192879084333333,onweer_g_ch1_g19_compr.mp4,ch1g19,1.3526224885223088e-05,1.2177273513390851e-05,1.8015887091846008e-05,1.1368627364666141e-05,1.3393706697425157e-05,1.1714073670530371e-05,1.785122954235703e-05,9.028960285774466e-06,8.29397662310651e-06,2.6344035425085294e-06,1.3644991108751723e-05,1.2606664323059171e-05,1.925921381200557e-05,1.8147339821011365e-05,1.2530761908895941e-05,1.4210813628911176e-05,1.4491424174131411e-05,1.3575237224381164e-05,1.1890353179608671e-05,1.9378341962467084e-05,1.2151785093870426e-05,1.942907463235266e-05,1.9554444801220202e-05,1.7391906750605573e-05,1.3040785198791897e-05,1.137336836664368e-06,1.770993591452628e-05,1.3280699640385448e-05,1.2409804512432285e-05,1.3525975524818743e-05,1.3140764088659601e-06,1.6125047403453435e-05,1.2392081758022316e-05,2.4716970998326996e-05,1.7647735756658977e-05,0.000286902503862989,0.00026950309476129764,0.00027696567507153215,0.00027241948299045984,0.00029200072777439977,0.0002905116508605456,0.00028858406196588066,0.0002220453807148068,0.000261176390217225,0.0002720379452165757,0.00027567634938277497,0.00013415154742518976,0.0001996176614819764,0.00019705640441518166,0.00016356173173009015,0.00019437469123316883,9.680173724481184e-05,0.00017817867267838237,9.478481619528983e-05,0.00014727010507146533,6.0017996944622116e-05,0.0001916064622222873,8.717383739122312e-05,-1.181143974328074e-05,9.311100509156215e-06,8.008657565902422e-05,1.843239480945208e-05,7.733428944951057e-05,6.837521400653719e-05,6.959634774047855e-05,5.880803571357326e-05,0.00011421512319811582,0.00018752678612643937,1.211791931427781e-07,3.7574712918892247e-07,3.667515021734978e-07,-1.73166730112024e-08,-6.171471821667126e-07,4.4416158114709976e-07,3.6193169198260804e-07,-1.4912665381068885e-07,2.4369218207818215e-07,-5.528186824088161e-07,5.478266209749529e-10,2.607165247353757e-07,3.4737818890565506e-07,3.667153118132692e-07,-3.5487818813984363e-08,-5.319922037678058e-08,-6.002806357178123e-07,3.1288497491766874e-07,1.2492788995443086e-07,3.679997231150281e-07,7.508237802143723e-07,3.8780891393218475e-07,3.319238334816424e-07,3.4579275889605755e-07,-6.778111122322835e-07,9.495988985050397e-08,3.2459172772162743e-07,-1.679610127765185e-08,-8.977177550872702e-08,3.2338312101829747e-07,9.162094447437549e-08,1.1151239699200937e-07,6.282467072085699e-07,8.390010351841199e-08,-6.002359129382577e-08,1.3182360233005538e-07,-3.8370555439381765e-08,1.4493070028783037e-08,-3.8960194660943106e-08,1.3240076391327345e-07,1.4662814288257037e-07,1.668832993130741e-07,2.442111887144467e-07,5.1971919835136774e-08,2.7821385197464036e-07,1.140580733526941e-07,1.360686235309043e-07,1.5013636833575166e-07,1.1761339974408278e-07,-4.4785441834822595e-08,8.238483625356672e-08,2.7543474176865563e-07,1.0596572429331555e-07,-1.7069768869963236e-08,1.4399048814538998e-07,1.0209658212860488e-07,1.3533822922632734e-07,3.4769191321417197e-08,3.140022598898175e-10,1.2988733265652652e-07,7.310039903269745e-08,-5.209843807248662e-08,-3.865939395183672e-11,-4.210239388439211e-10,3.388546204918632e-08,-1.3108556784227366e-08,1.815481436763345e-07
8516.666666666715,-0.01806205150342357,0.33127680871718174,-0.3970063102,-0.004911577449268976,0.3480483792213946,-0.3834710019333333,-0.003629498395524187,0.3475991430632752,-0.3708752812,-0.004505683547709257,0.34725312845680545,-0.3749722467999999,-0.025681086932148833,0.35520340378598864,-0.4004665510333332,-0.025029942149796047,0.35393772949194585,-0.4139605948333333,-0.019720723636047523,0.3432960232611247,-0.3931101713666665,0.03723728550728978,0.33697178167400693,-0.2643854976,-0.08692919810914923,0.29379371713064417,-0.2892179568666667,0.008514774360108503,0.32349473134588225,-0.3404514860333333,-0.021308179023069508,0.2939182110632302,-0.3753245402666667,0.11464517948802357,0.2068925025875184,-0.1129818375133333,-0.153998288463225,0.23106842638884953,-0.1190720339333333,0.15705660362856902,0.03590306390349832,-0.0413708638733333,-0.17804325671609497,-0.022193866729806323,-0.1360945468333333,0.19698331520865683,-0.15890089658853232,0.0004019147713333,-0.22037047755942601,-0.21633733146614287,-0.1845041369333333,0.1990122476152703,-0.19927592293584592,0.0152034939502066,-0.21456183261532502,-0.2540443993035271,-0.2269630501333333,0.17364220590944426,-0.21288679861254425,-0.0149303608699999,-0.1863170329419639,-0.24073371020850454,-0.2494878053333333,0.19317548927541717,-0.18961522408592915,-0.009113386913,-0.20871168512021301,-0.22348925279151274,-0.210677788,0.08206413700433567,-0.17595504685007438,0.04384369646,-0.08036556759869383,-0.18343255693454213,-0.04194481993,0.08856932320751097,-0.5191320833210248,0.1083794526666666,-0.028142201641703227,-0.45333025903291985,0.0089012602996666,0.07889649142987325,-0.7793845522932279,0.3257142096666666,-0.05785839394694997,-0.7793169241533753,0.2260247404,0.06108642041831819,-0.8104261530990268,0.3514866239000001,-0.06072669005850208,-0.8080798917672516,0.2080849786,0.0894468830758697,-0.8563707193688757,0.3012693762666666,-0.05302196248685309,-0.8436671181867493,0.1191143149,onweer_g_ch1_g19_compr.mp4,ch1g19,1.394593149071216e-05,1.2375276378204283e-05,1.8650981927463248e-05,1.1371694116260686e-05,1.3146688059039263e-05,1.2009767915574956e-05,1.8467182529340714e-05,9.012877143770462e-06,8.741293484628564e-06,2.3391269544037005e-06,1.3918930208862059e-05,1.3326321738582356e-05,1.982808385488134e-05,1.8787088364883412e-05,1.2685445153496841e-05,1.4366741960712837e-05,1.399634345497304e-05,1.4157949747530074e-05,1.2464014095589084e-05,1.995557495677938e-05,1.2749292426305851e-05,2.0050736467135434e-05,2.0101480533244123e-05,1.8018979963668423e-05,1.2731269427159367e-05,1.2248948685081754e-06,1.826743297740163e-05,1.3486196357952322e-05,1.2333910561884221e-05,1.4151611907420808e-05,1.404375644568791e-06,1.6409819777806932e-05,1.2933063961404122e-05,2.500521752471595e-05,1.7816758083387846e-05,0.00029816643085148377,0.0002809217971854892,0.0002886624780845138,0.00028419664083256384,0.00030227875223450777,0.0003008229281392302,0.000299345258750011,0.0002304879888628509,0.00026656520656372453,0.00028330893559569756,0.0002853453044646019,0.0001371136722849677,0.00019972359742169977,0.0001937288918528255,0.00016561443115158857,0.00019041526325555474,0.00010436277899689912,0.00017774651892831414,0.00010695518232908714,0.00014634416315786292,7.398355662706889e-05,0.00018752578190236901,9.59611779605251e-05,-1.1024397225123911e-05,8.547212376872419e-06,7.928573990979681e-05,1.101076623798977e-05,6.969279033782596e-05,6.44480670614419e-05,6.133806240001597e-05,5.649278975306275e-05,0.00010645577039477773,0.00019089006020540981,2.2084491651770786e-07,2.591263770019861e-07,5.082507002976454e-07,-6.455317355637979e-08,-6.222072770196987e-07,3.416911587675287e-07,5.055113956251602e-07,1.5028121408712494e-08,4.340708651265267e-07,-2.8424891212112073e-07,-1.2389867703213152e-09,4.7299634866843563e-07,4.677255866843438e-07,5.138156875501081e-07,1.1650928358185493e-07,4.3990352797150865e-08,-6.371260993411689e-07,3.024923768355259e-07,3.490552763970217e-07,4.792647698158185e-07,6.323601122011136e-07,5.403925824254663e-07,4.420915691731278e-07,4.974154987477953e-07,-6.541924460125217e-07,9.912041102871755e-08,4.623280639709561e-07,1.0773040355584254e-08,-1.3016497503659398e-07,2.1360469665473608e-07,9.521631329385576e-08,1.4517214476305772e-07,5.332485586537709e-07,1.712327866223046e-08,-9.499993475921591e-08,4.070522801351949e-08,-9.053780303720365e-08,-4.903474038168474e-08,-8.17870808038857e-08,4.2562581460802716e-08,1.0313468709154084e-07,1.1046310938989063e-07,2.5739465308020025e-07,-2.3937515870102045e-08,1.6704857015713563e-07,2.3147922945357172e-08,4.23278901214785e-08,1.0151788846068599e-07,4.69832314156922e-08,-7.751549759370778e-08,-2.6498379520072792e-08,1.780206145714478e-07,1.5037354159115574e-08,-8.709809665994206e-08,5.232800080757607e-08,1.4630308497071092e-08,4.616648237069623e-08,-2.5415415831402042e-08,-2.1115875661850243e-09,3.930179432550395e-08,5.756867885664287e-10,-8.42434956426939e-08,-1.0454106406494279e-07,-2.429070249011003e-09,-4.8768276215813876e-08,-7.456618527861932e-08,1.6591652863971562e-07
8533.333333333381,-0.017900911640692723,0.3315846857408228,-0.3957990916333334,-0.0047792191063114825,0.34833959010396026,-0.3822235054999999,-0.003501860284473054,0.34789830708862907,-0.3696333359666667,-0.004371808322738495,0.34754896676017205,-0.3737312681666666,-0.025525136442563816,0.3555183207137565,-0.3992630329333332,-0.024881313119341598,0.3542500294731451,-0.4127429404666666,-0.01956355266983582,0.3436059251654673,-0.3919123633666665,0.037258914782775515,0.33721537774656524,-0.2631351625333333,-0.08685284116391144,0.2940763530483352,-0.2882251829,0.00862025905802415,0.3237896956281981,-0.3392501792333334,-0.02118944902735141,0.29421378527657854,-0.374173361,0.11461233448182691,0.20702765464899553,-0.11182611488,-0.15393363140039212,0.23127903690638343,-0.1184393803,0.15696524660468708,0.03610114076422085,-0.0398962757566666,-0.17795107292095125,-0.02200195535198035,-0.1358037606,0.1968299099505797,-0.15872418690845905,0.0021748479146666,-0.2201658540160577,-0.21622593688153488,-0.1841143588,0.19881004598803523,-0.19911368723817313,0.0170662035468733,-0.21434470522853297,-0.25392851670929223,-0.2265683432,0.1734102588393003,-0.21275782713217206,-0.0130597617133333,-0.18608593945512164,-0.24065789694740822,-0.2490325172666666,0.19300247081002708,-0.18943841317925716,-0.0073252882663333,-0.20851059602113023,-0.2233873241633078,-0.209254608,0.08204335262253527,-0.1759674139277978,0.04394611773,-0.08034665804735763,-0.18342242822452948,-0.0420464572466666,0.08845059066207661,-0.5190615419015352,0.1083883469333333,-0.028151535450193818,-0.4533162873875224,0.008589433666,0.07871164040821527,-0.779321484372571,0.3257438460666667,-0.058038645468916406,-0.7792680110460819,0.2259668722333333,0.06088911793104241,-0.8103681607146831,0.3515030370333333,-0.060924739003832,-0.8080415419462603,0.2080304125333333,0.08924508843139019,-0.8562532846347949,0.3012661616,-0.05313227593168949,-0.843478977645075,0.1190146094666666,onweer_g_ch1_g19_compr.mp4,ch1g19,1.3780586377099605e-05,1.244150895354915e-05,1.8635501205035273e-05,1.112526986882524e-05,1.2150341808458279e-05,1.214243298491441e-05,1.844296760414426e-05,8.949511781375793e-06,8.990763754521861e-06,2.022443193069109e-06,1.4066872840767178e-05,1.3706162689259363e-05,1.977373868400678e-05,1.8760808875767046e-05,1.2727507315471337e-05,1.4442551041895663e-05,1.307374422731641e-05,1.463642245649525e-05,1.2732023236485958e-05,1.9896141198917786e-05,1.3102491128448226e-05,2.0008703466413754e-05,2.001925480134123e-05,1.8004343516210163e-05,1.1754547888745765e-05,1.295908074022061e-06,1.8241099599638416e-05,1.3607952548693235e-05,1.1932429494699642e-05,1.460663894056754e-05,1.471194057279438e-06,1.6231251231354897e-05,1.328662420466816e-05,2.501456755029552e-05,1.7328410537704717e-05,0.00029968188940062394,0.0002825295215583992,0.00029010813388017053,0.0002860236055375963,0.0003031471570533327,0.0003017628635066752,0.0003006133994918952,0.000228657307247352,0.00026455947164260294,0.0002845330422230137,0.000286077033316602,0.00013567842132542387,0.00019416082882288467,0.0001899551219903672,0.00016288359631100416,0.00018524190695647636,0.00011092220007356842,0.00017641034586289152,0.0001182866546526935,0.00014481759778246957,8.66038174668862e-05,0.00018205184433783613,0.00010370031451691007,-1.0082976584068029e-05,7.705740261720584e-06,7.928374568747322e-05,8.65913187307622e-06,6.385787256526404e-05,6.733389155797372e-05,5.4955558890000575e-05,6.121834736164297e-05,0.00010001001281964907,0.00019680655363841005,1.7268843181497491e-07,1.0661287805789581e-07,4.6671455225241484e-07,-2.1449211913772705e-07,-7.089833820578804e-07,1.9694268470825063e-07,4.698494177940855e-07,1.192087958575594e-07,5.308804765256251e-07,1.4762907120044498e-08,-9.057259504307832e-08,5.981517043926035e-07,4.028833643801996e-07,4.7498539619327923e-07,1.9378258770986138e-07,8.97767910617964e-08,-7.289322175615064e-07,1.7293571138105375e-07,4.967341408572515e-07,4.075793433843863e-07,4.496124555713113e-07,5.105047238432012e-07,3.6890944764868016e-07,4.669811307411578e-07,-7.092058767209553e-07,9.718993033155322e-08,4.184621021697254e-07,-4.060896503770425e-08,-2.679449384143964e-07,-6.254110696312572e-09,9.413410269121076e-08,-4.710644214541688e-09,3.737613703877083e-07,-2.7561781222759754e-08,-1.1642978350838216e-07,-3.6308711502131734e-08,-1.1554135058840882e-07,-6.719628964176946e-08,-1.1139979278318982e-07,-3.378930786684822e-08,4.278912452046611e-08,5.3680558331646315e-08,2.4814189151394807e-07,-9.592476761105254e-08,5.8025274869442157e-08,-5.2571760350989726e-08,-3.6765403108365456e-08,4.599375722247777e-08,-3.441236801314989e-08,-8.856005230332314e-08,-1.3049052709563026e-07,7.9871436351413e-08,-6.010298186740159e-08,-1.3884002155885316e-07,-2.7683367556345075e-08,-5.708026437964946e-08,-2.8688998458656465e-08,-4.727423762718796e-08,-4.351978578570144e-09,-3.737012490039672e-08,-7.002648197144829e-08,-9.164334047001217e-08,-1.9841832143136767e-07,-4.4240407609693515e-09,-1.0477241277540417e-07,-1.2497269612645053e-07,1.8418694868079045e-07
8550.000000000047,-0.01776609686781795,0.3319061945143741,-0.3949806473666666,-0.004666134702890129,0.3486444122986871,-0.3813447919999999,-0.003392019457580081,0.3482117912015628,-0.3687571223333333,-0.004259068942821442,0.3478581931611798,-0.3728521024999999,-0.025396578282078665,0.3558450787587795,-0.3984121190333333,-0.024759138822674106,0.35457509567273027,-0.4118844448333333,-0.019434904851947175,0.3439296709721299,-0.3910654111666666,0.03727749029268172,0.3374615560929797,-0.2621506994333333,-0.086801617762037,0.29436133390473546,-0.2874415278333333,0.008708301286539672,0.32409548045519515,-0.338414387,-0.021097414104773247,0.2945204628473194,-0.3733763505333333,0.11455317160044264,0.20716215161630258,-0.11087733136,-0.15392749618823157,0.2314799743373597,-0.1178694684999999,0.15686819093611376,0.036258622224145505,-0.03856414153,-0.17791736755698234,-0.021825652926213166,-0.135513559,0.19668512144757166,-0.15856468004188246,0.0037315815046666,-0.22001782497217012,-0.21611123392558798,-0.1837550347,0.19861860782270527,-0.19896013659195233,0.0186689477412066,-0.21417209014428124,-0.2538112319225454,-0.2262185846333333,0.1731880925898064,-0.21262916222375178,-0.0114525666733333,-0.18589929864404425,-0.240569287211482,-0.2486211279999999,0.1928369931879964,-0.18927692802776006,-0.0057610094396666,-0.2083576128954688,-0.2232791850291316,-0.205639794,0.08201984123045628,-0.17597661803776152,0.0440450670766666,-0.08032489130156942,-0.18341580914994757,-0.0421427987166666,0.08832235793629935,-0.518985326133979,0.1083511846666666,-0.02817918994844946,-0.453329366403513,0.008390844386,0.07852931584392031,-0.7792815449520556,0.3257813403666666,-0.05822281711693019,-0.7792215803106406,0.2260770966333332,0.060697503886733985,-0.8103394728895548,0.3515290435333333,-0.06112586365030599,-0.8079989452753633,0.2081723530333332,0.08904181981073588,-0.8561658820152099,0.3012815266666667,-0.0532642554971283,-0.8432954167884801,0.1192059811,onweer_g_ch1_g19_compr.mp4,ch1g19,1.4204125370314929e-05,1.2915075188220956e-05,1.9543421823709757e-05,1.0989585622681197e-05,1.1334259822409663e-05,1.2703896341596693e-05,1.9344124174264953e-05,9.32715449124156e-06,9.836002310403596e-06,2.342280189203742e-06,1.4391780286149319e-05,1.4693327975826037e-05,2.064730960432749e-05,1.9663257307729388e-05,1.3406500658957278e-05,1.4780129859774173e-05,1.236226870204508e-05,1.5236934548718502e-05,1.360751154897489e-05,2.0768459006464587e-05,1.398179222707094e-05,2.1002981506949016e-05,2.0859287003065798e-05,1.8876613208319944e-05,1.0942391614466815e-05,1.4633637886429755e-06,1.9071720095065554e-05,1.3946630017224549e-05,1.1796602156040413e-05,1.5072520292728969e-05,1.6426968976267136e-06,1.650346778278205e-05,1.4095596948352779e-05,2.5725724635695156e-05,1.746139469801421e-05,0.0003168866954372478,0.0002984534682018304,0.0003060277484358591,0.0003022186418211388,0.0003181787851049543,0.000317015888548248,0.00031620398070783914,0.0002364001979756237,0.00026977473355065004,0.00029961411439191225,0.00029999093508195537,0.00014273265349026764,0.00019276849029532572,0.00019592628882077252,0.00016097622646220582,0.00018633605261794163,0.00012066477341787575,0.00018086621838528532,0.0001338702651014525,0.00014750669445610335,0.00010406053327115411,0.00018235021742968682,0.00011482887049618848,-9.115087396964083e-06,6.71561222057887e-06,7.914329432605326e-05,3.1114128232403287e-06,4.769298535582118e-05,6.0528705230681375e-05,3.6973069475337694e-05,5.485568601734966e-05,8.811596054396868e-05,0.0001983520033122226,4.164508964178469e-08,-6.337601998635549e-09,3.05838933396925e-07,-3.622256270427608e-07,-8.484546714782791e-07,7.78430458623742e-08,3.149994262904122e-07,1.2481989306798653e-07,5.340700523098983e-07,2.664298612858627e-07,-2.46719644067684e-07,6.107814645940021e-07,2.2464222723159375e-07,3.1000303967124143e-07,2.1749102466450455e-07,3.792972209266584e-08,-8.691520816968317e-07,-4.5574222264383434e-08,5.362578031861334e-07,2.2364248094552735e-07,2.8465683142870153e-07,3.599284981816947e-07,1.8842302566513893e-07,3.161677166224917e-07,-8.224571560660574e-07,8.844218417200374e-08,2.608982387252876e-07,-1.5755728664823674e-07,-4.0358447590119403e-07,-3.02579712960302e-07,8.688241015198185e-08,-2.2958517924462715e-07,2.2329380246248222e-07,-5.952958076576817e-08,-1.3269362174744862e-07,-1.0925911757632077e-07,-1.1919081140241162e-07,-5.5066556094555085e-08,-1.3505015737897556e-07,-1.0690738140822157e-07,-3.215320249933868e-08,-6.822839323990656e-09,2.0634428260031044e-07,-1.5357609616375715e-07,-4.772669003401266e-08,-1.2266750626135946e-07,-1.1134899646636115e-07,-1.9138410722726082e-08,-1.1803325068303052e-07,-8.846631693875268e-08,-2.1125542574451644e-07,-1.924145339678313e-08,-1.2948588247626378e-07,-1.7912358862624976e-07,-1.0773594343949936e-07,-1.2314510228189297e-07,-9.886674219894167e-08,-4.253334584802428e-08,-8.428425322668214e-09,-1.0759188275077101e-07,-1.2908730377281919e-07,-8.411471724743932e-08,-2.624375866894084e-07,-8.802229987204213e-09,-1.3503034973629412e-07,-1.6744941134070359e-07,2.2100646491799303e-07
8566.666666666713,-0.017628980269879777,0.33222464674395547,-0.3943753304,-0.0045539983163187065,0.34894654597184743,-0.3806837744999999,-0.003284177015490688,0.3485219989575338,-0.3680934832333334,-0.004147790951998443,0.3481642948161626,-0.3721898512,-0.025269268390700327,0.35616752126590967,-0.3978160954333333,-0.024637763427610582,0.35489625005857234,-0.4112903802333333,-0.019307266933268112,0.3442499445338664,-0.3904742334333332,0.03726187303689409,0.3377047228298877,-0.2613763457,-0.0867732683460142,0.2946377170146024,-0.2869719978333333,0.008794806675222866,0.3243978049569041,-0.3377653329333334,-0.021005285422949604,0.29482322860431703,-0.3728187699666667,0.11444774154277755,0.20730380859881528,-0.1099740709033333,-0.15391664625892668,0.23167300890526865,-0.1176467428333333,0.15675241140244384,0.03644255110314378,-0.0372345376133333,-0.17784147313372584,-0.021669724420785793,-0.1358677174,0.19655287729188992,-0.1583870828118261,0.0054120697046666,-0.21986116728215943,-0.21599592579217192,-0.1840453739,0.19845226384020678,-0.19878608705784637,0.02048556804454,-0.2139996914429105,-0.253685499282289,-0.226551714,0.17299867979111047,-0.212490088861414,-0.0096616016966666,-0.18571333082088642,-0.2404771498486173,-0.2488208452666666,0.1926887673700331,-0.18910319877490514,-0.0040777022496666,-0.2082016856763334,-0.22317035097432986,-0.204422176,0.08199090614858301,-0.1759847740856644,0.0441649855366666,-0.08029844093259962,-0.18340991351908523,-0.0422602168866666,0.08818902889344893,-0.51890592007668,0.1086134617333333,-0.028216703542504506,-0.45332964924480873,0.008217962276,0.07834536568393721,-0.779246745754043,0.3260529487999999,-0.05845663788560151,-0.7791691789226486,0.2262065638999999,0.06050119298472969,-0.8103174433400404,0.3517791823666666,-0.061380741980592,-0.8079518688213905,0.2083302700666666,0.08883940628834917,-0.8560899303090878,0.3014839073,-0.05341207721648818,-0.8431054821840385,0.1193701807333333,onweer_g_ch1_g19_compr.mp4,ch1g19,1.422658967677609e-05,1.296990498688733e-05,1.993578765129717e-05,1.0589887465713481e-05,1.0332749949256928e-05,1.2826003997617938e-05,1.9748393608708477e-05,9.505857505436314e-06,1.0343505794601258e-05,2.6854106331823125e-06,1.4022618114515801e-05,1.5203580531628655e-05,2.0960874122787577e-05,2.0053282650233394e-05,1.3660687451129142e-05,1.4810439436974128e-05,1.1515069953822293e-05,1.5045271149832112e-05,1.4053312857560238e-05,2.1080623631631177e-05,1.4279532959126698e-05,2.148109171666183e-05,2.1140475269930857e-05,1.9255770321068517e-05,9.97401716155154e-06,1.5659854305931916e-06,1.9393179901414538e-05,1.3686330700709424e-05,1.1342234761160472e-05,1.4562662043068037e-05,1.7490539835443967e-06,1.622012640106091e-05,1.4332911076299774e-05,2.5579174763701405e-05,1.7233009621403703e-05,0.00032547343033016045,0.0003058290161612338,0.0003131415977570571,0.0003095889996989215,0.00032385318089231315,0.00032296280755035324,0.0003224638516239977,0.0002371852493098163,0.0002656681342556525,0.0003061630515786028,0.0003053858092609596,0.00014618996318318037,0.00018570532870864465,0.00019747050564624617,0.00015433862986883822,0.0001849641239205177,0.00012580657620960795,0.00018302073471644764,0.0001428922564408085,0.0001484234648372507,0.00011560688224092854,0.00018004863858194466,0.0001212422315527058,-8.02543924147706e-06,5.660171229678222e-06,7.645402167849739e-05,-2.2438815883491825e-06,3.809602173897167e-05,5.634479784495616e-05,2.6168919156937985e-05,5.158250231916831e-05,7.667645351609867e-05,0.00019488679948016213,-9.907709429266611e-08,-1.1286343274053252e-07,1.0156362918973527e-07,-4.9416588691318e-07,-9.664122007607503e-07,-3.601660877333151e-08,1.1412607133028192e-07,3.130523449335517e-08,4.4174205330770634e-07,4.544731368888085e-07,-4.42936319233902e-07,4.685966308864766e-07,1.0652906394579508e-08,9.970100523409651e-08,1.4650526553625445e-07,-1.3479678708129275e-07,-1.0023417207346061e-06,-3.1464547886070775e-07,4.2952797533446353e-07,3.8116644434748935e-09,1.2574249010282055e-07,1.571705445388786e-07,-2.2598347524650288e-08,1.203022407739723e-07,-9.254497715111735e-07,7.325760531588027e-08,6.06848968197833e-08,-3.2915907455571454e-07,-5.137206535821339e-07,-6.094102238133477e-07,7.214182304317824e-08,-4.398819899559769e-07,6.276002206198094e-08,-5.610763333923382e-08,-1.2493165946749977e-07,-1.4118228870846644e-07,-9.55591915216947e-08,-7.136383107613895e-09,-1.3208831001364276e-07,-1.4042439053085667e-07,-9.52417509759159e-08,-4.6159603274388727e-08,1.5237373404783248e-07,-1.6431423206715253e-07,-1.101330780003572e-07,-1.4914132119674526e-07,-1.4436923249393062e-07,-6.155771017389439e-08,-1.754251623980952e-07,-6.865611326077721e-08,-2.326289357270456e-07,-8.087954330885146e-08,-1.552919610487982e-07,-1.7997576666516724e-07,-1.480256367875972e-07,-1.4613663411193575e-07,-1.293689461798684e-07,-5.172320302626906e-09,-1.0153472182100235e-08,-1.366642799165857e-07,-1.4703846379146423e-07,-5.143773395760758e-08,-2.578252702863272e-07,-1.1114430876377781e-08,-1.1627404352309287e-07,-1.740244997768183e-07,2.2394003692415112e-07
8583.33333333338,-0.017497594356734775,0.33258526690905305,-0.3938677392333333,-0.004447032509025097,0.3492858078888784,-0.3801110195666666,-0.003181494022252302,0.34886893457758483,-0.3675178702666667,-0.0040430357736736516,0.3485061276876811,-0.371614875,-0.025150231025529338,0.3565202291923012,-0.3972999202,-0.024524256931791447,0.3552499035810126,-0.4107782452,-0.019188220626939298,0.34460498830917125,-0.3899620675999999,0.03724547237503219,0.3379636935778744,-0.2606635869,-0.08675250725181392,0.2949234809940927,-0.2865362471666666,0.008877569445282797,0.3247360463013612,-0.3372132677666667,-0.020919209381922196,0.295160248657496,-0.3723506450333333,0.11433986490075916,0.2074727282522048,-0.1091098224433333,-0.1539113232972216,0.23186748826481854,-0.1174574394666666,0.15663866572493448,0.036657772834200894,-0.0359110778833333,-0.1777699733410215,-0.021510642270642474,-0.1361874561,0.19644176308175554,-0.15817925942585384,0.0069499839679999,-0.21971363488986478,-0.21585655597671188,-0.1844265361666667,0.19831614703122397,-0.198575537985047,0.0221028571765399,-0.21384143346286083,-0.2535274449193879,-0.2270164355333333,0.1728384578434267,-0.21231426997849606,-0.0080730427,-0.1855381430670914,-0.24033912674647046,-0.2491569131333333,0.19256326109714134,-0.18890376876283552,-0.0025452568996666,-0.20805363745240446,-0.22303551698139568,-0.202211812,0.0819618411540868,-0.17599012408894105,0.0442866671766666,-0.08027202932389237,-0.18340699539270022,-0.0423782953033333,0.08803898557362198,-0.5188250385854085,0.1089970134,-0.028267132501920207,-0.4533342408781108,0.0081711966423333,0.07815993198062597,-0.7792109975870387,0.3265858838333333,-0.058690719116947856,-0.7791165771875477,0.2264502286666666,0.06030527255235161,-0.8102953234928347,0.3523277268999999,-0.06163507255347896,-0.8079037854581225,0.2086122154333332,0.08865038426513108,-0.8560163383197393,0.3020527024999999,-0.05357567378811869,-0.8429249795864694,0.1196931028333333,onweer_g_ch1_g19_compr.mp4,ch1g19,1.395377864920498e-05,1.2815968532605313e-05,1.9878951907862632e-05,9.98691852211625e-06,9.187088796944488e-06,1.2727760253472855e-05,1.9718020769030667e-05,9.514056805485933e-06,1.0656261149215989e-05,3.0118585854001218e-06,1.3306509417723619e-05,1.5367342825132195e-05,2.082052344014616e-05,1.9999505952532674e-05,1.3666048565336681e-05,1.4621508443985595e-05,1.0542353520758767e-05,1.4396532869039886e-05,1.4199918843845932e-05,2.0935256000079945e-05,1.4289066636773615e-05,2.1504698759251977e-05,2.0970205886193976e-05,1.9215992289634644e-05,8.901502559570082e-06,1.6329154457241118e-06,1.9303096610866552e-05,1.313734126491639e-05,1.0705665156142032e-05,1.3539649542387321e-05,1.8166410747792034e-06,1.5580047491178474e-05,1.4276463376004949e-05,2.4966742076152708e-05,1.6759309144169502e-05,0.0003267005880740838,0.00030592165395588067,0.00031280592621819745,0.0003094833718767788,0.00032208368843373116,0.0003214690899149654,0.000321234394060543,0.00023262424951313022,0.0002554955153069576,0.000305716130810282,0.0003040820816412628,0.00014815379906194968,0.00017540292936155447,0.00019666052340277547,0.00014302024099935385,0.0001834498305340313,0.0001267962357663528,0.0001847043770481014,0.0001472969756125989,0.00015029909871711785,0.00012382809874208017,0.0001778414888989816,0.00012355018225166392,-6.811533794988075e-06,4.4977462988251585e-06,7.197093505030551e-05,-7.3825297068806585e-06,3.0175423650999737e-05,5.0990359661933426e-05,1.728787375367519e-05,4.696011531049393e-05,6.556177805464029e-05,0.000186748398704576,-1.9851047888887008e-07,-2.075877708268581e-07,-1.1079670736836786e-07,-5.764161578687343e-07,-9.96002034089041e-07,-1.4142071811217865e-07,-1.0023213013849984e-07,-1.311193388209512e-07,3.1558389563468196e-07,5.546705283670737e-07,-6.409716917689908e-07,2.9932346908249624e-07,-2.0088403073181446e-07,-1.1989761593576705e-07,2.8115805714157353e-08,-3.6153404035978103e-07,-1.0833289820820902e-06,-5.882090085451948e-07,2.8970504543853134e-07,-2.1573109928766933e-07,-2.5168260522308968e-08,-6.723378484255094e-08,-2.2596907281855255e-07,-8.401042973385359e-08,-9.580145164520413e-07,5.97981294118307e-08,-1.4586958183280143e-07,-5.168316512866158e-07,-5.701733393115486e-07,-8.930809089975983e-07,5.774239970417832e-08,-5.840417407575912e-07,-9.409879224662886e-08,-1.9687756496521984e-08,-9.738433602518995e-08,-1.2633922995029072e-07,-5.136585465375576e-08,6.94678854077328e-08,-1.0679421383935315e-07,-1.2840707435214314e-07,-1.367802921717194e-07,-6.135749224877021e-08,9.389965134419543e-08,-1.310578464387497e-07,-1.249797036848441e-07,-1.2752828317351324e-07,-1.301601065478213e-07,-7.686613486397917e-08,-1.982723878427658e-07,-3.145552102474138e-08,-1.960892067773831e-07,-1.0096215155931869e-07,-1.3294274492085438e-07,-1.485679673780634e-07,-1.4092596990777264e-07,-1.2194286415882236e-07,-1.1522540317823742e-07,5.89817073966073e-08,-9.347615253990919e-09,-1.2023519224116976e-07,-1.2575861563542444e-07,-3.4346527304986065e-10,-1.9109152236730786e-07,-1.0932215222644229e-08,-5.4680522510457985e-08,-1.4848126620751638e-07,1.839722588404125e-07
8600.000000000045,-0.017359033878993638,0.3329110231613638,-0.3934849104999999,-0.004332454704134445,0.34958917508738196,-0.3796912131333332,-0.0030723408032725975,0.3491777912697175,-0.3670952167333334,-0.003931125896244843,0.3488124065936873,-0.3711926734333333,-0.02502305754111885,0.35683866438566103,-0.3969171381666666,-0.02440195176492805,0.3555678378923084,-0.4103980887666667,-0.019060517593306098,0.3449228237760809,-0.3895827525666666,0.0372387085748898,0.3381903747690891,-0.2601754000333333,-0.08670912624013716,0.2951724830656441,-0.2862471030333333,0.008970186361205106,0.32504000982478737,-0.3368029881333333,-0.020818814665377633,0.29546384584499047,-0.3720027565666666,0.11423916659645988,0.2076231510853094,-0.1084619075433333,-0.15387928545348134,0.23204177984475807,-0.1173656803666666,0.15652791779356334,0.03686958534863454,-0.03478982933,-0.17768097131750982,-0.02136772134912928,-0.1364776815333333,0.1963437745942998,-0.15798090822479588,0.008360541608,-0.21954133328924005,-0.21572609499033396,-0.1848127663333333,0.19819444909703848,-0.1983759133864555,0.0236123340932066,-0.2136562523644104,-0.25337506853475505,-0.2274685218666666,0.1727043898115903,-0.21214971633709326,-0.0065857711953333,-0.1853392556709693,-0.24020343842704378,-0.2494992831999999,0.19245547815434147,-0.18871298349068732,-0.0011260886223333,-0.2078808971404906,-0.2229068830583179,-0.202142328,0.08193138589529217,-0.1759958224303534,0.0444074872833333,-0.08024444680938966,-0.1834036160746457,-0.0424956471633333,0.08789254081258539,-0.5187470722031671,0.1093498413333333,-0.02832911990022563,-0.4533371457825585,0.008172292742,0.07802501503329831,-0.779181424936008,0.3270559558666667,-0.05892443169989551,-0.7790611591592185,0.2267723177666666,0.06016958274082627,-0.8102785398132643,0.3528109357999999,-0.06188792170970704,-0.8078522400545102,0.2089713989999999,0.0885150877959505,-0.8559370217026036,0.3025339513999999,-0.053722481240593346,-0.8427269674691056,0.1200755582666666,onweer_g_ch1_g19_compr.mp4,ch1g19,1.3611136906168813e-05,1.2388407857698289e-05,1.9507311458579994e-05,9.317565057651405e-06,8.271295618131305e-06,1.2363529308906731e-05,1.936679839446896e-05,9.316050315431167e-06,1.087048134343618e-05,3.7403123617138983e-06,1.2427190980010152e-05,1.55205058205249e-05,2.0343815659360642e-05,1.962534425195673e-05,1.3486011097294576e-05,1.4070472237821378e-05,9.527279901056897e-06,1.347667854976628e-05,1.4390211129973352e-05,2.044326740477726e-05,1.3975191308259582e-05,2.1166550863009024e-05,2.046759825755683e-05,1.889692837641229e-05,8.016119828629255e-06,1.6692401352584887e-06,1.891834923421225e-05,1.2415025362844846e-05,1.0077622038737202e-05,1.2267074080653363e-05,1.8493368677987678e-06,1.477627962362268e-05,1.3881200622442387e-05,2.400614542005193e-05,1.647229047437399e-05,0.0003225013082224414,0.00030119491694968677,0.0003076249137560932,0.0003045605262343965,0.0003153120448405668,0.00031489151597437047,0.0003147231702724797,0.0002268490731186596,0.0002425580800218947,0.00030089229671856306,0.00029814096945035746,0.0001498558169567926,0.0001651327114221696,0.0001941611455981216,0.00013202101092733815,0.0001795640632661729,0.00012432117834941387,0.00018243604307037226,0.00014692885022018888,0.0001480325126646452,0.0001275357689926499,0.00017335416548613466,0.00012235377881407347,-5.78785516188711e-06,3.542991413771564e-06,6.528931077512745e-05,-1.1676343782478321e-05,2.0217146893273898e-05,4.62084110342638e-05,6.717703685061595e-06,4.275221383373433e-05,5.098455510679954e-05,0.00017231088173167886,-1.9234202958679506e-07,-2.940851031534003e-07,-2.2804805273615243e-07,-6.129227157725987e-07,-8.674277669547375e-07,-2.385080188387011e-07,-2.2217429095471252e-07,-3.178069038004875e-07,2.3176542118285012e-07,5.828787260630829e-07,-7.896077662900868e-07,1.340780399189858e-07,-3.1351752656844364e-07,-2.4041510219650026e-07,-9.305960822622378e-08,-6.092862782123237e-07,-1.0752701836979635e-06,-7.947153606703506e-07,1.4323547117460442e-07,-3.3312632197398727e-07,-1.5453760285586765e-07,-2.0442679039080553e-07,-3.3126499756625803e-07,-1.9423984976755244e-07,-8.579110701116806e-07,4.921242533576994e-08,-2.5939967997069055e-07,-6.68998212630593e-07,-5.446356267168301e-07,-1.075709615700756e-06,4.4465146771523323e-08,-5.935202563141437e-07,-2.3469509852845447e-07,4.028161796640258e-08,-5.1269549906876044e-08,-6.809148161459061e-08,6.753108773534983e-09,1.509575272929539e-07,-6.144660503249682e-08,-7.31981350911952e-08,-1.488595038594797e-07,-5.2345347721637374e-08,2.4903727062161698e-08,-6.104873950974342e-08,-1.0604187874094517e-07,-6.125496337441786e-08,-7.181829239159485e-08,-6.201750788022283e-08,-1.791790802295967e-07,1.866234369216335e-08,-1.1084859514715705e-07,-9.216818747398142e-08,-6.570139042481176e-08,-9.074151291123516e-08,-8.754222124382729e-08,-5.4191294702524785e-08,-6.007558813818849e-08,1.3046053256098665e-07,-5.8766345134052505e-09,-6.154548541176222e-08,-6.909540428779674e-08,6.009939537836385e-08,-7.719844144502465e-08,-7.929457097432396e-09,3.84794909384972e-08,-9.37691300572785e-08,1.0627566703215006e-07
8616.666666666712,-0.017198693929749802,0.33321461014427584,-0.3930479249999999,-0.004203834045584587,0.3498700697374422,-0.3792222547333332,-0.0029501206760248785,0.3494644018293648,-0.3666230714666667,-0.0038050491897711268,0.34909718095736186,-0.3707242782666666,-0.024876396348607967,0.3571344209094473,-0.3965002156,-0.024259998152070632,0.3558626914106,-0.4099844842,-0.01891360940702549,0.34521656476622015,-0.3891712391,0.03722895841086327,0.3383931284156371,-0.2596713603333334,-0.08665697812873603,0.2953865535940392,-0.2860246575,0.00907359187889312,0.3253194648283742,-0.3363446303,-0.020700929574778558,0.295740385710963,-0.3716217021,0.11413337320421078,0.2077621595928098,-0.1077935882433333,-0.15383765676011177,0.23218289932876413,-0.1173812756666666,0.15640185441335955,0.03706384235119219,-0.0336467946566666,-0.17758334913740162,-0.021263539709209148,-0.1368198017666667,0.19624287568563342,-0.15780578138692664,0.0097704875546666,-0.21935313226326222,-0.21560723369851445,-0.1851682082,0.198071116914708,-0.19819835890988324,0.0251210576665399,-0.21345494179444746,-0.25322805088217576,-0.2278759176333333,0.1725824094648732,-0.2120077770392354,-0.0050948901653333,-0.1851217206725678,-0.2400725830206944,-0.2497934808,0.192348654842464,-0.1885441956439142,0.0002931214406666,-0.2076932915533232,-0.22278627926974431,-0.200612441,0.08189940066660734,-0.1760021624218987,0.04452971977,-0.08021552280106038,-0.18339970320156965,-0.0426144009766666,0.08775830067489343,-0.5186970278164438,0.1098221192333333,-0.02839217682737451,-0.4533471187180492,0.0082058498793333,0.07789667543381512,-0.7791606132190756,0.3276046573666667,-0.059167665075299004,-0.7790013420126078,0.2271733373333332,0.06003757368214345,-0.8102701692544638,0.3533695554999999,-0.06215297103013451,-0.8077965749723846,0.2094141343666666,0.08838657228604611,-0.8559018238112721,0.3030968169333332,-0.05389731929164004,-0.8425415733607173,0.1205544813666666,onweer_g_ch1_g19_compr.mp4,ch1g19,1.338690521433076e-05,1.190762884345955e-05,1.9092074202443126e-05,8.662394876607139e-06,7.5223672107154265e-06,1.1934604139582466e-05,1.8964647506593797e-05,8.868711529204241e-06,1.1100923792524334e-05,4.424837581317128e-06,1.133213178895466e-05,1.5412572087637395e-05,1.9824780288953298e-05,1.920231597252791e-05,1.327245286119068e-05,1.3150534941425972e-05,8.40444706970471e-06,1.226760764450811e-05,1.4337975925867158e-05,1.9900513392267865e-05,1.3564565585747577e-05,2.0760084565137663e-05,1.993225605700061e-05,1.854878466919613e-05,7.273387733889738e-06,1.6867512653357215e-06,1.850028082011575e-05,1.1497732673981691e-05,9.555666831750524e-06,1.0717200882674313e-05,1.8579950281696516e-06,1.4097286057193734e-05,1.338343180532753e-05,2.291690579608718e-05,1.607730458684676e-05,0.0003167810902618294,0.00029545432523869585,0.00030147636299303473,0.00029865941584363335,0.00030756631084509424,0.0003072238991533327,0.0003068657199160839,0.0002229772433577119,0.00023135715295917456,0.0002955286155873516,0.00029140835858341497,0.00015294535253544778,0.00015644972689731113,0.00019149252445347354,0.00012127455911951197,0.00017171382359616418,0.00011812557949616398,0.00017468903812209427,0.00014197163482476297,0.00014030664310846398,0.0001261676777586578,0.00016469224775022284,0.0001172237643095489,-4.920933824133209e-06,2.76555428469068e-06,5.600316072171759e-05,-1.7836413157691724e-05,5.777631203524997e-06,3.685559939163552e-05,-7.93635805296524e-06,3.363684547690532e-05,3.256527021320375e-05,0.0001527572573756573,-8.712389916819624e-08,-3.5643135422348367e-07,-2.4625288096059374e-07,-5.620110316021176e-07,-6.071192571524243e-07,-3.08950839325891e-07,-2.4618974567790105e-07,-4.76971896090475e-07,1.9528298839221133e-07,5.687497745106145e-07,-8.407500443715601e-07,1.5651388189807845e-08,-3.247706952074005e-07,-2.585544592531787e-07,-1.7463926836030015e-07,-8.377446434835e-07,-9.971786439056445e-07,-8.804436774944614e-07,3.505739163620456e-08,-3.46877021432161e-07,-2.4549698968212554e-07,-2.4809517827626073e-07,-3.3685147955245884e-07,-1.9976000425792524e-07,-6.323559672044884e-07,4.247267877276465e-08,-2.67699591007972e-07,-7.330940466668718e-07,-4.2461585243515814e-07,-1.1120310773632944e-06,3.396042066287271e-08,-4.7534486480452855e-07,-3.351766621597608e-07,1.0978675724806243e-07,5.069081126710626e-09,1.843114055249934e-08,6.894403643907077e-08,2.2897165048596818e-07,-4.491628893048378e-09,1.051221067569396e-08,-1.2962338442448176e-07,-2.4217405020483008e-08,-3.600637937319792e-08,4.058454563023034e-08,-5.343133963992117e-08,3.344169511876083e-08,1.526549046455257e-08,-2.2605724720816408e-08,-1.201708041187971e-07,7.828375643278532e-08,1.3201640257789618e-08,-5.1616819225026747e-08,3.004799635150672e-08,-1.8927225613428057e-08,-2.719128215356119e-09,4.0897454517421807e-08,2.1713233234452485e-08,2.0149587625322174e-07,3.6662912346848444e-10,2.4652671734327114e-08,1.8089300491436615e-08,1.2178958625245024e-07,7.176854473009956e-08,-1.7882273436441478e-09,1.4380699717895848e-07,-2.088365093570715e-08,7.494809755026415e-08
8633.333333333378,-0.01705828402723858,0.33351758419480765,-0.3925668896999999,-0.004091180651993876,0.3501506032253226,-0.3787073808666666,-0.0028423269438086025,0.3497505764218123,-0.3661076303666667,-0.003694437480427673,0.3493814524666583,-0.3702115124333333,-0.024749154819356224,0.3574283339768579,-0.3960326722,-0.02413593268903181,0.35615611548700055,-0.4095176179,-0.018785695212856376,0.34550944705647446,-0.3887091407666666,0.037218479125138856,0.33859861831947324,-0.2591242204666666,-0.08661166442918555,0.29560237505154635,-0.2857469813333333,0.00916403163601925,0.32559958430176983,-0.3358438003,-0.02059773404624331,0.2960173699479089,-0.3711889108,0.1140282928464356,0.20790423316239098,-0.1071203810766666,-0.15380925729304218,0.23232475142746517,-0.1173609765666666,0.1562809419175895,0.037248464655859126,-0.0326589267066666,-0.17751298931374335,-0.021162508341061793,-0.1371046056666666,0.1961413851398637,-0.15763791595264853,0.010675501322,-0.21918670692994738,-0.21549121863908172,-0.1854937504,0.19794788817883016,-0.19802475288636434,0.0260228668445399,-0.21327441232766992,-0.2530826569101389,-0.2282374853666666,0.17245665828200454,-0.21186807339386904,-0.0041953432456666,-0.1849249710649913,-0.23994361409861378,-0.2500382015666667,0.19224010947158143,-0.18838271954362443,0.001197236698,-0.20752546104615777,-0.22266849858317075,-0.200364843,0.08187047447729871,-0.1760072815800859,0.0446519240699999,-0.08018919105392924,-0.1833966012695038,-0.0427328924033333,0.08762027183588475,-0.5186468522565315,0.1101520681999999,-0.028471905360910096,-0.4533619235089994,0.0080709398256666,0.07779460603382511,-0.7791573488103353,0.3279453257333334,-0.05942816622193995,-0.7789551890018789,0.2273848380333332,0.0599350302092711,-0.8102809250557862,0.3537143693666665,-0.062434087133924274,-0.8077521529675352,0.2096710835333333,0.0882709857247448,-0.8558778724273292,0.3033681303333332,-0.054066807766173085,-0.8423799602740568,0.1208059807,onweer_g_ch1_g19_compr.mp4,ch1g19,1.3246801031421644e-05,1.1451752731370393e-05,1.870382590738906e-05,8.063013857079657e-06,6.965753501020453e-06,1.152704530878317e-05,1.8574684163323968e-05,8.241368782871976e-06,1.1248353084545783e-05,5.0880702789927815e-06,1.0373781575953117e-05,1.5559391289604614e-05,1.9349306465797015e-05,1.8802452796975408e-05,1.3058507833203072e-05,1.2313926149628269e-05,7.255728378997367e-06,1.1234099711714845e-05,1.448557982897585e-05,1.9403872950845057e-05,1.321762350725614e-05,2.035883693268372e-05,1.9449296204353274e-05,1.8226810875546045e-05,6.689789443301488e-06,1.711568313533971e-06,1.808934318265605e-05,1.0665140549480558e-05,9.118335149293419e-06,9.418447380566252e-06,1.8719514590586126e-06,1.3530501331064841e-05,1.2916959183713838e-05,2.1918592173082382e-05,1.5955729559545062e-05,0.00031047448090979087,0.00028964417736529664,0.000295452741409128,0.0002928576467390057,0.00030010472529757757,0.0002997351571163135,0.00029911888362350896,0.0002207174510118259,0.0002216493773421176,0.0002904025828905181,0.0002843098495635299,0.00015556465715752888,0.00014885595024289512,0.0001883963008395832,0.00011173171022214298,0.00016246768778306058,0.00010932325719527492,0.0001657717898756628,0.00013440382024486466,0.00013162497332521567,0.00012119597305012707,0.0001552999444540875,0.00010920222570318883,-4.266369058392129e-06,2.187572868841257e-06,4.299608032568684e-05,-2.5772620063626095e-05,-1.702657049285706e-05,2.290234220813193e-05,-3.0824110228385645e-05,1.9338542935186142e-05,1.2628931470484136e-05,0.00013223578882123261,1.2340655732628752e-07,-3.327133461209923e-07,-1.1861773464346773e-07,-4.361937191179534e-07,-2.8388991423003534e-07,-2.90290796487683e-07,-1.276822888027663e-07,-5.895485479323086e-07,2.365813163794011e-07,5.099346615668004e-07,-7.397571245121585e-07,8.584936384991888e-09,-1.8099670743067481e-07,-1.3074164365945099e-07,-1.5997468215039288e-07,-9.354482056608547e-07,-8.784631370228995e-07,-7.85802658976585e-07,2.214547842807524e-08,-2.050047844314982e-07,-2.2739882880590796e-07,-1.4084800824034284e-07,-1.8743980883658179e-07,-6.61671441352782e-08,-3.4205879825360353e-07,4.7515208652472575e-08,-1.3144878148300204e-07,-6.583499664011686e-07,-2.286122787596557e-07,-9.520031801260303e-07,3.54294722800157e-08,-2.153220650888375e-07,-3.2045289503451316e-07,1.5582975899068485e-07,5.364314906162275e-08,9.593636981132234e-08,1.1627085522143948e-07,2.6916074568532855e-07,4.5545525614297715e-08,8.697565676127391e-08,-8.262819837445051e-08,5.752270451975576e-09,-8.07655574502049e-08,1.3113358829883987e-07,-2.633602679926494e-09,1.1643171171239472e-07,9.384686049222157e-08,2.0777188961242587e-08,-4.110970338205125e-08,1.329699268318365e-07,1.2496850252545515e-07,-9.89247602173374e-09,1.1436694584840318e-07,4.275448342122032e-08,7.727878954857963e-08,1.231325930160805e-07,9.419346297118827e-08,2.413152429370884e-07,4.895369896468155e-09,1.017485040599258e-07,9.929436194275049e-08,1.6208797731157436e-07,1.9711151517183282e-07,3.1673555908274847e-09,2.1935001376457462e-07,4.502853591350475e-08,1.633632795640487e-07
8650.000000000044,-0.016912514538004266,0.33383522886175293,-0.3920424154999998,-0.003976159950792128,0.3504467396911504,-0.3781426417333332,-0.002732222733500391,0.3500527458824716,-0.3655424938666667,-0.0035816603249760556,0.34968091296800186,-0.3696474666999999,-0.0246191770585423,0.3577349110453254,-0.3955117047666667,-0.024009499165472254,0.3564623024088441,-0.4089942553333334,-0.01865514366009534,0.3458143987379189,-0.3881931086,0.037211160538726765,0.33883015349036805,-0.2585009923,-0.08656638649712504,0.29582833100280626,-0.2853950998333334,0.009258603239408504,0.3258989595934215,-0.3352929172999999,-0.020490090969107345,0.29630824862415445,-0.3707014193,0.11392007545140209,0.2080782734294784,-0.1063697082633332,-0.1537668833507329,0.23248125664900993,-0.1172774525666666,0.15617998421109144,0.03745806823551325,-0.03153771547,-0.1774197785717348,-0.021042772287859238,-0.1373285681,0.19606896773510563,-0.15746121133199,0.0118224769693333,-0.2190167531264583,-0.21537874430103893,-0.1858045622999999,0.19785366583970665,-0.19784454853986783,0.0271969762892066,-0.21309738834931805,-0.25294119009302,-0.2285850787666666,0.17236593076937612,-0.21172392635891227,-0.003011977679,-0.18473318960264667,-0.239820575302314,-0.2502728630666666,0.19216477538565874,-0.18821360931522857,0.0023536146746666,-0.20735596170388737,-0.22255932431559644,-0.194403887,0.08183707321560128,-0.17601183953712268,0.04477525614,-0.08015815076957168,-0.18339398070159466,-0.0428521899833333,0.08748584258469995,-0.5185963188787982,0.1104173399,-0.02856093731214652,-0.45338496679944856,0.0079956708926666,0.07771637153690113,-0.7791558120059475,0.3281737436666667,-0.059672099088592875,-0.7789176586917458,0.2277223686999999,0.0598559771933624,-0.810293275573216,0.3539436127999999,-0.06269662959150182,-0.807716837537709,0.2100571954666666,0.08816275555254512,-0.8558665321349695,0.3035037934999999,-0.05421354951485772,-0.8422478954274651,0.1212087824333333,onweer_g_ch1_g19_compr.mp4,ch1g19,1.3281478027039819e-05,1.115607290683702e-05,1.8457060200712555e-05,7.589862260390509e-06,6.746741625123802e-06,1.1275598097126309e-05,1.8313101509480016e-05,7.527294935409092e-06,1.1331759157390738e-05,5.475232134847365e-06,9.572373717014043e-06,1.558568670716598e-05,1.904712010664445e-05,1.8535708804769393e-05,1.2815146254380926e-05,1.1296500498606208e-05,6.2172903539220765e-06,1.0417987461580474e-05,1.4509317766546059e-05,1.9084866758560567e-05,1.306070507132831e-05,2.0082127903225607e-05,1.914232298322051e-05,1.8021681590889664e-05,6.408163248712779e-06,1.743716157230984e-06,1.7823821349440784e-05,9.929673260605868e-06,8.830305754340188e-06,8.503829487853336e-06,1.890710969950906e-06,1.3245013348270536e-05,1.264722206854098e-05,2.1092424147497314e-05,1.586142674139884e-05,0.0003054284551661077,0.00028539920773759783,0.0002910915256751787,0.0002887516984173248,0.0002946479283744466,0.000294246240156631,0.00029333575922650516,0.00022095813799403598,0.00021607292680975374,0.0002868936081754018,0.00027907647720281465,0.00015747101683947796,0.0001434512782749902,0.00018409517171524153,0.00010383352364816071,0.00015006459740170337,9.939361620619852e-05,0.00015338698686611987,0.00012584434742367732,0.0001194461386760976,0.00011388476873870061,0.00014302646663250494,9.96756870405871e-05,-3.7423500469857234e-06,1.7359470163390385e-06,2.9920729490386898e-05,-3.4413440752494313e-05,-4.047316148168908e-05,6.535201169958256e-06,-5.393207287967196e-05,2.7659188267365747e-06,-5.744212392443479e-06,0.00011196894282144785,3.362579501358777e-07,-2.752087277808334e-07,4.13330626709992e-08,-2.931460800569418e-07,4.047803573026336e-08,-2.3515482057755476e-07,2.1459453886852756e-08,-6.459634038933032e-07,2.7721547375714484e-07,4.1652831426254714e-07,-5.327386052352166e-07,8.230192973130475e-08,-5.105506273763417e-10,2.816689212752197e-08,-1.0087884003522056e-07,-9.106745964298442e-07,-7.194505063261246e-07,-5.758410370881814e-07,8.008289074676194e-08,-2.6853524684760063e-08,-1.6896073829586663e-07,-4.287349286021487e-09,-6.871972119594719e-10,9.085065133179357e-08,-4.756924955369911e-08,5.6317792546156675e-08,3.2176988373762923e-08,-4.930158479448075e-07,-3.444979075152966e-08,-6.573643526838251e-07,4.1675622183523294e-08,7.340381945201571e-08,-2.5292414533125915e-07,1.8164122173996982e-07,9.135137889949912e-08,1.5847968531916765e-07,1.469409667504242e-07,2.780651933118377e-07,8.473845474367434e-08,1.49695589743943e-07,-2.252197110798715e-08,3.8255191239581276e-08,-1.022994514203137e-07,2.064777538270771e-07,5.1779840337096706e-08,1.818663570315372e-07,1.5761058605271213e-07,6.799781789364944e-08,4.872854760914264e-08,1.7342013581934515e-07,2.1652270942291684e-07,3.779844481439235e-08,1.809201912773168e-07,8.96595320198734e-08,1.4478892334507857e-07,1.873120151279973e-07,1.5265354815268736e-07,2.5476250597063196e-07,8.917388313324398e-09,1.6334623895395614e-07,1.7051593720676964e-07,1.8157732100166914e-07,2.9014205608112884e-07,7.957572904523075e-09,2.641068123756176e-07,9.75150508270273e-08,2.5226198725965437e-07
8666.66666666671,-0.016763564137524316,0.3341577837336262,-0.3915070246999998,-0.003858392503878076,0.3507485496761014,-0.3775712507333332,-0.002619267941709755,0.3503606852483932,-0.364969877,-0.0034658833298746162,0.3499860299236627,-0.3690768008999999,-0.024485610657677605,0.35804589403512943,-0.3949821751,-0.023879677777734705,0.35677256810511887,-0.4084613073666666,-0.018521107130976704,0.3461234786159876,-0.3876682509666666,0.03720851418180846,0.3390680794453308,-0.2578661988666666,-0.0865120222419929,0.29605715209780215,-0.2850328953000001,0.009355469161919105,0.32620319909791984,-0.3347340005999999,-0.020379273426477197,0.29660309362433523,-0.3702027072333333,0.11382122614882582,0.20825332743750055,-0.1056086486066666,-0.15372400792609,0.23263744327034425,-0.1171350856333333,0.15608591522654608,0.03765277932769415,-0.0304149566833333,-0.17733772872724277,-0.020923893190901523,-0.1373253847,0.19601114911450457,-0.157318098475717,0.0129693534386666,-0.21884709920048642,-0.21527534629015033,-0.1858304609999999,0.19777854344884557,-0.1977006062425629,0.0283630149992066,-0.21291824124614805,-0.2528106460493453,-0.2286268084666666,0.1722989386865737,-0.21161892745771518,-0.0018411419423333,-0.18453413395954466,-0.23970669909190306,-0.2502420127,0.19210604778545173,-0.18807844406211346,0.0035062926313333,-0.20718472795420975,-0.22245700712433578,-0.197691649,0.08180343513041531,-0.1760161706154225,0.0448881801199999,-0.08012680423340611,-0.18339165136903612,-0.0429617781766666,0.08736277397787089,-0.518575409546603,0.1105134702666666,-0.02865282241316152,-0.4534303829364273,0.0080088622726666,0.07763366871633297,-0.7792237117534797,0.3282647977,-0.059910949981756424,-0.7789312393044072,0.2281359792333332,0.059769176629845204,-0.8103751461086178,0.3540393815666666,-0.06295403012867092,-0.8077351545915555,0.2105163384999999,0.08804275986846946,-0.8558829716885814,0.3035247594333332,-0.054372909989982926,-0.8421472426864831,0.1216831604,onweer_g_ch1_g19_compr.mp4,ch1g19,1.3731899757306968e-05,1.1146813288319333e-05,1.858924320741982e-05,7.462472602396878e-06,6.950925576775207e-06,1.130245940143909e-05,1.840668861356194e-05,6.761148411588563e-06,1.1557794504557747e-05,5.782125963483798e-06,9.441043797998905e-06,1.5638402520397566e-05,1.916568549605651e-05,1.8638626729570473e-05,1.2803539456994187e-05,1.0348263132771153e-05,5.63848935956173e-06,1.0342981551041572e-05,1.4546967719342857e-05,1.9171710548014114e-05,1.3224508280929058e-05,2.0152906422942156e-05,1.9270373116759935e-05,1.8181018010601986e-05,6.467136645461555e-06,1.811880826107971e-06,1.7945635519419884e-05,9.745053475120628e-06,8.940250834235599e-06,8.50593248014199e-06,1.9427393011075056e-06,1.3522726085107492e-05,1.2731477850819112e-05,2.0948427952616016e-05,1.5919740142938103e-05,0.0003063886854903085,0.0002873678011640118,0.00029319830587776934,0.00029115849621760083,0.0002964825194716794,0.0002957855061957603,0.0002942503323755693,0.00022820108556834923,0.00021959363239354557,0.0002898159891393957,0.00028039003260571716,0.00016163044924991042,0.00014458681713854928,0.00018208538651631327,0.00010380883332470779,0.00013963007862254046,9.144391840799793e-05,0.00014222232978825826,0.0001187393481753634,0.00010837780956620316,0.00010666039494638492,0.00013358261509436697,9.213592259113412e-05,-3.540058162635266e-06,1.6264959506386183e-06,1.669145746812927e-05,-4.231906335579768e-05,-6.526866624311532e-05,-1.0224150641264617e-05,-7.799821420017818e-05,-1.4567415871486853e-05,-2.068338299342547e-05,9.597910724301148e-05,5.478184397321023e-07,-1.559719646421863e-07,2.487358886734103e-07,-1.1899410304967907e-07,3.4250434186017734e-07,-1.2294058769863407e-07,2.1797754607451737e-07,-6.21791731618164e-07,3.46254996130258e-07,3.065492721808871e-07,-2.262319172869332e-07,2.0483507175665327e-07,2.3176973994306462e-07,2.3416648372954306e-07,2.2837520770336657e-08,-7.78541771834481e-07,-5.142475059347107e-07,-2.470244776803683e-07,1.824086155259953e-07,2.0362661131643993e-07,-4.875137884558448e-08,1.8742093521287394e-07,2.3632711784031671e-07,2.894999411318003e-07,2.351875472334692e-07,6.828054319259096e-08,2.421372405115397e-07,-2.3414594017692502e-07,1.5902494792522163e-07,-2.4008395392863733e-07,5.453700555766654e-08,3.802783577589657e-07,-1.110456546069877e-07,1.7667313172193244e-07,1.1433952960789284e-07,1.9007254845555207e-07,1.568021239323626e-07,2.5075569757036315e-07,1.0832103611515619e-07,1.8289376579528044e-07,3.9461536221684044e-08,6.140960108476834e-08,-1.0596328734165728e-07,2.460390899029966e-07,9.695182883001843e-08,2.1368466710565408e-07,1.9040243176496963e-07,1.0617589070776291e-07,1.336837794871837e-07,1.895528936117322e-07,2.647075760261066e-07,7.955811236634874e-08,2.1395466846284826e-07,1.1511985817541542e-07,1.8332980293051393e-07,2.1750957472076803e-07,1.8130847213928834e-07,2.367987814114142e-07,1.1122928177048191e-08,1.9357116288244262e-07,2.1284332977513107e-07,1.742351627723079e-07,3.2755322838953886e-07,1.1228419010547014e-08,2.6522920771733683e-07,1.2890708494134193e-07,3.0697888673002614e-07
8683.333333333376,-0.016619516395726574,0.3344957831694541,-0.3910687567333331,-0.0037454531590238598,0.35106812981216917,-0.3770931899999999,-0.002510100878313271,0.3506870411985697,-0.3644926206333333,-0.0033544816938144233,0.3503090839911283,-0.3685983037333333,-0.02435950010486239,0.3583684526801257,-0.3945375582,-0.02375648538389053,0.35709472259720165,-0.4080130963333333,-0.01839377791091882,0.34644485618776555,-0.387228021,0.03720603138690916,0.33932941159656305,-0.2572993501666666,-0.08646083184922689,0.29628911494646,-0.2846854807,0.009452600442160137,0.32652498731123936,-0.3342685449666666,-0.02026949751444854,0.2969092839477061,-0.3697900235333333,0.11372336586179564,0.20842718199262264,-0.1049133653966666,-0.15369731476809584,0.23279044303204743,-0.1169406242333333,0.1559716669519168,0.03782095270311039,-0.0293750238,-0.1773013203494852,-0.02081673507153581,-0.1371468583333333,0.19597569696614187,-0.15719308481831998,0.013914079278,-0.2186996443287167,-0.21519565911804522,-0.1856299628999999,0.19773858316181706,-0.19757453764287242,0.02929046128254,-0.21274833257721237,-0.2527107405353342,-0.2284278546333333,0.17226857819604907,-0.2115260485361392,-0.000926586839,-0.1843413779452917,-0.23960844571692816,-0.2499968568,0.19207349839771692,-0.18796028113732438,0.004445658729,-0.2070280830413653,-0.22237621570493968,-0.198401242,0.08177132786978913,-0.17601919395505353,0.0450006884799999,-0.0800966226403583,-0.18339088196382036,-0.04307086933,0.0872499879598681,-0.5185707063489172,0.1105105307666666,-0.02875127548924087,-0.45350337519932554,0.0080718666163333,0.07755326118074861,-0.779336234538992,0.3282933284666667,-0.0601448199496635,-0.7790037851954337,0.2285685435333332,0.05968766388368013,-0.8105035291304569,0.3540790136666665,-0.0632009193371552,-0.8078154816624359,0.2109903831999999,0.08795416374151148,-0.8559406659390484,0.3034940411666666,-0.054506065146178076,-0.8421164609210708,0.1221393120333333,onweer_g_ch1_g19_compr.mp4,ch1g19,1.4626866036572895e-05,1.108603648782287e-05,1.9169460612643607e-05,7.59078690008604e-06,7.508249219263241e-06,1.1269580226809558e-05,1.893780786279856e-05,6.0951866076770715e-06,1.1963896511002495e-05,5.8853708547671806e-06,9.435831011529613e-06,1.575038471322713e-05,1.9756933188226917e-05,1.9201662313802267e-05,1.2866824581896489e-05,9.48282705603621e-06,5.346994664822347e-06,1.0339672969230315e-05,1.4624770386935639e-05,1.9726190105431953e-05,1.3270427127683237e-05,2.0642782925890104e-05,1.9875380806750386e-05,1.8796202404473984e-05,6.884326210674407e-06,1.9029511767726448e-06,1.8520557500036772e-05,9.657934735313553e-06,9.386640533063492e-06,8.61102885471183e-06,2.0168765277270996e-06,1.4368381161047656e-05,1.2734650792511571e-05,2.0960704400013127e-05,1.616409156883146e-05,0.00031537817725668107,0.00029734749525786363,0.00030361231760576177,0.0003017588361398996,0.0003072432780742112,0.00030617401750319533,0.000303978529738099,0.00024273608834196394,0.00023309349443166027,0.00030089692928947224,0.00029015973562058713,0.00016801040632300255,0.00015198903140781363,0.00018065159106065231,0.000110230291294742,0.00013015075084457756,8.53631574355621e-05,0.0001318388589828077,0.00011213089165058771,9.827962111242905e-05,9.912217046908761e-05,0.00012565161626131754,8.602111390397295e-05,-3.378748606740229e-06,1.4837066929115987e-06,4.233018758755509e-06,-5.0805392502158046e-05,-8.963450650431159e-05,-2.6663986949620664e-05,-0.00010171358165275774,-3.1741961067888805e-05,-3.223115907065197e-05,8.244545793595162e-05,6.937319598741393e-07,-3.220461072172249e-09,4.369463207675736e-07,4.0038743866775975e-08,5.290379565284165e-07,2.144990547899356e-08,3.9935755856531136e-07,-5.392448269692451e-07,4.1472925286628653e-07,1.866419749228036e-07,8.269989033563621e-08,3.2926932704002975e-07,4.490062772458393e-07,4.209523670927189e-07,1.6966326069303068e-07,-5.707960960219815e-07,-3.3508348638041165e-07,9.349017228016115e-08,2.8581316445820896e-07,4.210255388495856e-07,1.042089667091244e-07,3.7281857941777947e-07,4.566480943201624e-07,4.641112692456872e-07,4.1798091122664485e-07,8.320838179194083e-08,4.3591816498735927e-07,3.875778038223335e-08,3.180597952457533e-07,1.6552697330694323e-07,7.047292246280383e-08,6.371564558683699e-07,6.503260217449798e-08,1.3514158311674325e-07,1.2425605218008707e-07,1.8075456628095145e-07,1.4112097162341846e-07,1.8863048331110868e-07,1.1875911705599158e-07,1.7638524926203224e-07,9.20234804080278e-08,6.534574755087791e-08,-9.372237032179633e-08,2.520543188664962e-07,1.210543849206985e-07,2.021655239610176e-07,1.8176152280990863e-07,1.2551268026838765e-07,1.9938796529513798e-07,1.8279340227153326e-07,2.7449393745153114e-07,1.035663802600823e-07,2.0376681287455647e-07,1.2497279596342987e-07,1.8224370160799459e-07,2.0422777065804344e-07,1.6973095261188703e-07,1.8597559573884835e-07,1.0623095498587128e-08,1.8321516103891454e-07,2.2596667587678465e-07,1.3941509838554983e-07,3.2051042654695243e-07,1.1955454717986767e-08,2.1845739714403175e-07,1.426123199101464e-07,3.1963896297272106e-07
8700.000000000042,-0.01654462511950413,0.33468558768964296,-0.3905612461642566,-0.0036899370335236503,0.3512486918887913,-0.3765736820832037,-0.002457404117733685,0.35087162080079404,-0.3639747503317761,-0.0032988983266627717,0.35049285095829735,-0.3680838971882833,-0.024291328378563744,0.3585565270733295,-0.3940453488318131,-0.02368946440782121,0.35728192104689577,-0.4075178610212089,-0.01832429822025649,0.3466301823257622,-0.386740556534594,0.037186564884701845,0.3394818594825424,-0.2568099185289581,-0.08642758890804647,0.2964401005282148,-0.2843378823350391,0.009497010212716482,0.3267083165136431,-0.3337678023496478,-0.020211435542419,0.29708646803695155,-0.3693217714301075,0.11365325730002111,0.20852838785930977,-0.1044262780741416,-0.15367830709721528,0.23288600316462948,-0.1167992326220986,0.15589686920020865,0.03792542019788336,-0.028818060115951,-0.17727294513458997,-0.020747530566164865,-0.1371799158999629,0.19590262136774467,-0.15712264786178912,0.0145086202616084,-0.21860406684478698,-0.21515039025927574,-0.1856529473850945,0.19765389597764838,-0.19750318615648862,0.0299159807479993,-0.21264139885796218,-0.25264973732132245,-0.2284567581996292,0.1721854711836529,-0.21147344849709004,-0.0002965926678923,-0.18422518186798617,-0.23955649898582831,-0.2499819036516129,0.1919996486011654,-0.18789085094707833,0.0050460789208386,-0.20693081858671178,-0.22233030553206048,-0.198460549,0.08175053007682732,-0.17602077833512852,0.0450670248028921,-0.08007661430452115,-0.18339036657322896,-0.043135745745228,0.08720161996536965,-0.5185772002747725,0.1105754368604375,-0.028792748617943908,-0.4535366101987959,0.0080170197085346,0.07751810212991278,-0.7794071228119006,0.3283101754599927,-0.06028941200706057,-0.7790258987947999,0.2287570623324435,0.05964785190426614,-0.8105805589626953,0.3540911637576567,-0.0633574525702583,-0.8078406312699016,0.2111990755695216,0.08791275342940968,-0.8559641432636512,0.3034882078606601,-0.05457729833520087,-0.8420688608218491,0.1223686288385613,onweer_g_ch1_g19_compr.mp4,ch1g19,1.5577563390898272e-05,1.0972934750977792e-05,1.987463438769354e-05,7.665916754415181e-06,8.278272441937267e-06,1.1200438692345835e-05,1.9600750490849393e-05,5.6595042681469446e-06,1.2506250151090207e-05,6.0354662166319615e-06,9.682073804564878e-06,1.616252039162854e-05,2.0483621019354417e-05,1.990390630942369e-05,1.3003924665957156e-05,9.02456702813835e-06,5.245606718532458e-06,1.061096525393367e-05,1.497916172557371e-05,2.042113946241141e-05,1.3279290785980155e-05,2.1257889121610447e-05,2.060704094174295e-05,1.9521553791333915e-05,7.529025411703828e-06,2.0086523591803647e-06,1.9211376208469446e-05,9.81204853742848e-06,9.837385875865114e-06,9.039559953286627e-06,2.109026008599002e-06,1.531776449734907e-05,1.2726021046545923e-05,2.10843527278781e-05,1.6764889192922642e-05,0.00032709309955286203,0.0003099105849667023,0.0003167028286203217,0.00031487718581645784,0.00032073467619186453,0.00031943505629794885,0.0003167362109032587,0.0002581634405172535,0.0002488565264080346,0.00031416660334149975,0.0003025388958751273,0.00017498881262944109,0.00016023416424182612,0.00017945341031202003,0.00011591921895137607,0.00012389063803980372,8.123099806125828e-05,0.00012537556649935188,0.00010771209751162687,9.216567083252807e-05,9.403736188587956e-05,0.00012071988780107359,8.200444596428687e-05,-3.0903334344549327e-06,1.1697607484631918e-06,-4.793943230046412e-06,-5.918790128665828e-05,-0.00011220285142207315,-3.93195434869539e-05,-0.00012424031001739285,-4.457329077784363e-05,-4.2777801920154576e-05,7.466412094489864e-05,8.414975162023358e-07,1.8087163367199507e-07,6.846417468116611e-07,1.9106942650424757e-07,6.780623740631251e-07,1.9997284168221523e-07,6.43918767244128e-07,-3.7984170319849775e-07,5.166855522289355e-07,1.1877802121710781e-07,3.7374981837682637e-07,5.029320472118919e-07,7.207982669210303e-07,6.693120504158993e-07,3.5879980036567045e-07,-2.9489118243181773e-07,-1.357772354702425e-07,4.1141256786805805e-07,4.3938232935183455e-07,6.956383261635311e-07,2.977043866663317e-07,6.359113587624248e-07,7.298110145448737e-07,6.934530461098236e-07,5.709208884711566e-07,1.02040276696302e-07,6.802803235819862e-07,3.0673078585018993e-07,4.594061620593854e-07,5.175444592994606e-07,9.241007114491184e-08,8.687711812284805e-07,2.750806228988844e-07,7.268320788271813e-08,1.2161420674581193e-07,1.4098387858097444e-07,1.1326148150279642e-07,1.0463348150830767e-07,1.158476149252948e-07,1.3988232082247156e-07,1.261496941853229e-07,5.075923730498679e-08,-7.521498058875492e-08,2.2185692709051775e-07,1.1568187798059843e-07,1.5851436523855565e-07,1.4212003393118815e-07,1.2327707606003588e-07,2.315265216095049e-07,1.5697332164992024e-07,2.4229987854885985e-07,1.014451110526851e-07,1.612231123312096e-07,1.188077968719514e-07,1.501458543609912e-07,1.5929046532657732e-07,1.2898632570939444e-07,1.1319466601470377e-07,7.39390710607139e-09,1.428084715170131e-07,2.0573900150204592e-07,9.220266654619873e-08,2.673630964750135e-07,9.795822010923373e-09,1.4357117839474397e-07,1.3750076268929613e-07,2.917943671416433e-07
8716.666666666708,-0.01639484256705924,0.33506519673002066,-0.3895462250261031,-0.003578904782523232,0.3516098160420354,-0.3755346662496108,-0.0023520105965745145,0.3512407800052424,-0.3629390097286615,-0.0031877315923595534,0.35086038489263527,-0.3670550840981832,-0.024154984925966457,0.3589326758597367,-0.3930609300954393,-0.02355542245568265,0.35765631794628433,-0.4065273903969597,-0.01818533883893191,0.3470008346017551,-0.3857656276037821,0.03714763188028722,0.3397867552545011,-0.255831055253541,-0.08636110302568552,0.29674207169172445,-0.2836426856051169,0.009585829753829257,0.32707497491845067,-0.33276631711561,-0.02009531159835975,0.2974408362154423,-0.3683852672236559,0.113513040176472,0.2087307995926839,-0.1034521034290916,-0.15364029175545396,0.23307712342979325,-0.1165164493996292,0.1557472736967923,0.038134355187429386,-0.0277041327478531,-0.17721619470479957,-0.020609121555422973,-0.1372460310332221,0.1957564701709502,-0.15698177394872734,0.0156977022288253,-0.2184129118769272,-0.21505985254173657,-0.1856989163552836,0.19748452160931104,-0.19736048318372088,0.0311670196789181,-0.21242753141946166,-0.2525277308932988,-0.2285145653322209,0.17201925715886032,-0.2113682484189916,0.000963395674323,-0.18399278971337507,-0.23945260552362846,-0.2499519973548387,0.19185194900806216,-0.1877519905665864,0.0062469193045161,-0.2067362896774048,-0.22223848518630213,-0.198421791,0.0817089344909038,-0.17602394709527852,0.0451996974486763,-0.08003659763284679,-0.18338933579204605,-0.0432654985756841,0.08710488397637266,-0.5185901881264825,0.1107052490479792,-0.028875694875349998,-0.45360308019773654,0.0079073258929373,0.07744778402824103,-0.7795488993577172,0.3283438694466445,-0.06057859612185453,-0.7790701259935315,0.2291340999306638,0.05956822794543815,-0.8107346186271716,0.3541154639396367,-0.06367051903646448,-0.8078909304848327,0.211616460308565,0.08782993280520612,-0.8560110979128558,0.3034765412486467,-0.05471976471324647,-0.8419736606234047,0.1228272624490174,onweer_g_ch1_g19_compr.mp4,ch1g19,1.6567538644303134e-05,1.1190244610857321e-05,2.072889646984294e-05,7.950005168093999e-06,9.197873298160353e-06,1.141199220815591e-05,2.041759432230415e-05,5.425484778055124e-06,1.3223314158132743e-05,6.112799959961485e-06,1.0225733078021605e-05,1.6911428953550876e-05,2.1382007387647426e-05,2.075080323842767e-05,1.3567608036124594e-05,8.92721051358229e-06,5.339302718023829e-06,1.1179364899393197e-05,1.5645334478680484e-05,2.1298337944485718e-05,1.3556110347084784e-05,2.2063667559982446e-05,2.1510347157973767e-05,2.0382534222988067e-05,8.325787994130022e-06,2.1315940070704067e-06,2.006366590269194e-05,1.0311363269537091e-05,1.0408870742832932e-05,9.681769463768273e-06,2.2251447471906297e-06,1.6363124568238607e-05,1.3019057336892004e-05,2.1882146990682015e-05,1.77227322011305e-05,0.0003412325647852644,0.00032451483674634455,0.0003317727059672122,0.00032996980307402535,0.000336429145130106,0.0003349598574291457,0.00033185843743741103,0.0002742580697294744,0.00026627799333107976,0.0003293790473843017,0.0003171924034932211,0.00018332653496837706,0.00017006414166496363,0.00018522110900841182,0.00012266706454795197,0.00012418838543534758,8.006618597803938e-05,0.00012545612884001708,0.00010721123364837162,9.121953655693898e-05,9.194288834289306e-05,0.00012160825528360635,8.080940337661051e-05,-2.9302847031598468e-06,9.908381271565664e-07,-1.0894953083924758e-05,-6.351102100830566e-05,-0.00012919134293289645,-4.7393609804013565e-05,-0.00014109581560287543,-5.31816696468859e-05,-4.8423058275488344e-05,7.32928017922861e-05,8.487968609900695e-07,2.896099750291954e-07,7.807734291161507e-07,2.741806041826954e-07,7.08580409621802e-07,3.0110766329032686e-07,7.425372186406702e-07,-2.328516129989794e-07,5.35218738562876e-07,4.191528953560834e-08,5.381921246729313e-07,5.804879242565887e-07,8.312400481740536e-07,7.671707991793055e-07,4.556828775076995e-07,-4.676846441763375e-08,9.586453227376887e-09,5.918047692050507e-07,5.0675565420371e-07,8.10064360072634e-07,3.928920302343702e-07,7.489811842939945e-07,8.404121928929176e-07,7.759397620473642e-07,6.198038829569995e-07,1.0509113611998018e-07,7.769933325511388e-07,4.6698273818716114e-07,5.018148088003595e-07,6.97945492394049e-07,9.884261381254243e-08,9.34253770486018e-07,3.8917735316824946e-07,1.5083125324419867e-09,1.0023890475902792e-07,7.944445761742e-08,7.442710812320445e-08,1.629749330553593e-08,9.469624436520356e-08,8.155771238032955e-08,1.393867996235053e-07,2.044755759696366e-08,-5.2945492684949494e-08,1.6055735306602107e-07,8.114784148192813e-08,9.158126950787002e-08,8.080984461898925e-08,9.529058754631787e-08,2.2622632805889995e-07,1.2132317451935722e-07,1.7465507504156563e-07,7.321564218291337e-08,9.50551031827851e-08,9.239582379195787e-08,9.392860886659892e-08,9.140555590753194e-08,6.806731209514584e-08,3.391239417116673e-08,1.952058932387468e-09,8.055681891402245e-08,1.5497062645231801e-07,3.7263776698574e-08,1.795181104448856e-07,4.986888628981282e-09,5.3754816500773894e-08,1.0916052228676762e-07,2.20643204266116e-07
8733.333333333374,-0.016245060014614357,0.3354448057703983,-0.3885312038879496,-0.003467872531522814,0.3519709401952795,-0.3744956504160179,-0.002246617075415344,0.3516099392096909,-0.361903269125547,-0.0030765648580562497,0.35122791882697313,-0.3660262710080831,-0.02401864147336917,0.3593088246461439,-0.3920765113590656,-0.023421380503544007,0.3580307148456728,-0.4055369197727105,-0.018046379457607332,0.34737148687774816,-0.38479069867297,0.037108698875872585,0.34009165102645983,-0.2548521919781238,-0.0862946171433245,0.2970440428552341,-0.2829474888751948,0.009674649294942118,0.32744163332325815,-0.3317648318815721,-0.019979187654300585,0.2977952043939332,-0.3674487630172043,0.11337282305292287,0.20893321132605816,-0.1024779287840415,-0.15360227641369267,0.23326824369495708,-0.1162336661771598,0.15559767819337597,0.03834329017697542,-0.0265902053797553,-0.17715944427500907,-0.020470712544681167,-0.1373121461664813,0.19561031897415554,-0.15684090003566548,0.0168867841960422,-0.21822175690906748,-0.21496931482419737,-0.1857448853254727,0.1973151472409737,-0.1972177802109532,0.0324180586098368,-0.21221366398096103,-0.25240572446527504,-0.2285723724648127,0.17185304313406782,-0.21126304834089316,0.0022233840165383,-0.18376039755876397,-0.23934871206142855,-0.2499220910580645,0.1917042494149589,-0.18761313018609446,0.0074477596881935,-0.20654176076809777,-0.2221466648405437,-0.200428888,0.08166733890498026,-0.1760271158554284,0.0453323700944605,-0.07999658096117243,-0.1833883050108631,-0.0433952514061401,0.08700814798737565,-0.5186031759781926,0.1108350612355209,-0.028958641132756088,-0.4536695501966771,0.00779763207734,0.07737746592656927,-0.7796906759035337,0.3283775634332964,-0.06086778023664849,-0.7791143531922633,0.229511137528884,0.05948860398661007,-0.8108886782916477,0.3541397641216167,-0.06398358550267057,-0.8079412296997638,0.2120338450476084,0.08774711218100253,-0.8560580525620607,0.3034648746366334,-0.054862231091291985,-0.8418784604249604,0.1232858960594735,onweer_g_ch1_g19_compr.mp4,ch1g19,1.7501869795115714e-05,1.1582324090833267e-05,2.1704943086951707e-05,8.32399400821031e-06,9.985438688326556e-06,1.181079457033952e-05,2.1366592383598475e-05,5.409901444893019e-06,1.3897581183373848e-05,6.176603821766009e-06,1.094559333543594e-05,1.757639918709357e-05,2.2405077753706417e-05,2.172328221060952e-05,1.4240987117934499e-05,9.111991679958653e-06,5.459132810674743e-06,1.1949467242544941e-05,1.6237728499789323e-05,2.2310378283145153e-05,1.4043831394641485e-05,2.3038184330173153e-05,2.2532310593008713e-05,2.135977023744338e-05,9.05413778456824e-06,2.2354867788936237e-06,2.1044977017395163e-05,1.0996015622248047e-05,1.0989009276527122e-05,1.0522978590307272e-05,2.3258921466121047e-06,1.7407935825891227e-05,1.350499396730582e-05,2.2959903772701603e-05,1.8591429150412742e-05,0.00035803026217563815,0.0003410439547877574,0.0003486815829566554,0.00034687258584505305,0.00035389218249391724,0.0003523844032275017,0.00034906359846457563,0.00028947470713999154,0.00028354999101595795,0.0003463064816639735,0.0003338704114649954,0.0001920971502469055,0.0001799294841587141,0.00019352999817843694,0.00013046531305035207,0.0001287134659552834,8.26082956043592e-05,0.00013017033510502154,0.00011091947893118858,9.517353147764312e-05,9.512960148934552e-05,0.00012651783307939088,8.352129188065296e-05,-2.761488087856941e-06,7.56374822552361e-07,-1.4243187399348054e-05,-6.653326377299959e-05,-0.00014017818727923487,-5.113052903088189e-05,-0.0001519993224888431,-5.7216501810271907e-05,-4.973165456511546e-05,7.67904183822746e-05,7.6978544285135e-07,3.5591857972746753e-07,7.795108968560754e-07,3.0471670675344095e-07,6.479703939403766e-07,3.6116351097951913e-07,7.475606679705111e-07,-8.981247528184067e-08,5.161716393122708e-07,-1.4093706531330153e-09,6.181483540440221e-07,6.08382881171446e-07,8.370981735466771e-07,7.685789819706365e-07,5.039705674106818e-07,1.6374333871342877e-07,1.0465000946274782e-07,6.743852478863394e-07,5.345922278057759e-07,8.204661736173332e-07,4.4143475168939904e-07,7.67043012021186e-07,8.452293921134839e-07,7.658893409777487e-07,5.859528936561973e-07,9.991903085389923e-08,7.788147249523442e-07,5.552370833698288e-07,4.819362331930887e-07,7.622254927674078e-07,9.698855001658782e-08,8.874266916997094e-07,4.5166894475512585e-07,-6.64645611749187e-08,6.414501953054183e-08,6.409960017757129e-09,3.211953617273321e-08,-6.128325207701882e-08,5.878790010565798e-08,1.1270099320620223e-08,1.3342556444610684e-07,-1.540430034102747e-08,-3.1551696886409774e-08,7.91918166849211e-08,3.301529818886098e-08,1.2135718452972484e-08,8.12464040908371e-09,5.06708641325098e-08,1.898795862532594e-07,8.256925802370578e-08,8.462136762137078e-08,3.2190354746166834e-08,1.6059011300743666e-08,5.011845316374562e-08,2.312651650879785e-08,1.1290610250888356e-08,-2.6073059071444997e-09,-3.852948397234716e-08,-4.483689072161744e-09,7.0174259891298105e-09,8.384644463434647e-08,-1.5964119386790543e-08,7.125593193146816e-08,-1.3258850007479453e-09,-3.711738463014377e-08,6.327368571584416e-08,1.2142491871226806e-07
8750.00000000004,-0.01609527746216947,0.335824414810776,-0.3875161827497961,-0.0033568402805223955,0.3523320643485236,-0.373456634582425,-0.0021412235542562588,0.35197909841413944,-0.3608675285224324,-0.002965398123753032,0.3515954527613111,-0.364997457917983,-0.023882298020771797,0.35968497343255124,-0.3910920926226918,-0.023287338551405364,0.35840511174506123,-0.4045464491484614,-0.017907420076282748,0.34774213915374114,-0.383815769742158,0.03706976587145796,0.3403965467984186,-0.2538733287027067,-0.08622813126096354,0.2973460140187437,-0.2822522921452727,0.009763468836054895,0.32780829172806564,-0.3307633466475343,-0.019863063710241418,0.2981495725724239,-0.3665122588107526,0.11323260592937374,0.20913562305943229,-0.1015037541389914,-0.15356426107193133,0.23345936396012085,-0.1159508829546904,0.15544808268995958,0.03855222516652146,-0.0254762780116574,-0.17710269384521868,-0.020332303533939274,-0.1373782612997404,0.19546416777736106,-0.15670002612260375,0.0180758661632591,-0.2180306019412078,-0.2148787771066583,-0.1857908542956619,0.1971457728726364,-0.1970750772381855,0.0336690975407556,-0.2119997965424604,-0.2522837180372513,-0.2286301795974045,0.17168682910927524,-0.21115784826279468,0.0034833723587537,-0.18352800540415284,-0.2392448185992287,-0.2498921847612903,0.19155654982185574,-0.18747426980560244,0.0086486000718709,-0.20634723185879075,-0.2220548444947853,-0.201523259,0.08162574331905674,-0.1760302846155784,0.0454650427402447,-0.07995656428949807,-0.18338727422968018,-0.0435250042365962,0.08691141199837865,-0.5186161638299026,0.1109648734230626,-0.029041587390162174,-0.45373602019561765,0.0076879382617426,0.07730714782489753,-0.7798324524493503,0.3284112574199482,-0.06115696435144246,-0.7791585803909951,0.2298881751271042,0.059408980027782,-0.8110427379561239,0.3541640643035966,-0.06429665196887675,-0.807991528914695,0.2124512297866518,0.08766429155679889,-0.8561050072112654,0.30345320802462,-0.055004697469337574,-0.8417832602265163,0.1237445296699295,onweer_g_ch1_g19_compr.mp4,ch1g19,1.8057970328205223e-05,1.2092735305443589e-05,2.2364520049197592e-05,8.652593514481925e-06,1.0366718573501971e-05,1.2325000619734392e-05,2.2000899183954962e-05,5.460401391990767e-06,1.4329470663034506e-05,6.2142157691670295e-06,1.1604557693824607e-05,1.8261050027201003e-05,2.31336394838624e-05,2.2362405592899022e-05,1.4826477337350522e-05,9.544601350561591e-06,5.4732656104933435e-06,1.2658147760486941e-05,1.6852045186302712e-05,2.3023700130769698e-05,1.4635884954775553e-05,2.3718563953856544e-05,2.327374526908753e-05,2.2000035787446245e-05,9.441187618515589e-06,2.331638955858287e-06,2.1720909871329222e-05,1.1616202061932242e-05,1.1394171504077875e-05,1.125680685742352e-05,2.4240640709256436e-06,1.8111304486770432e-05,1.4111972568594252e-05,2.399712904230387e-05,1.9316507205217004e-05,0.00036865761621131097,0.00035126767610950307,0.00035908892310164886,0.0003575016350581188,0.00036552053145517445,0.00036379473717290396,0.00036011651619100265,0.0002984972645684846,0.00029486863809726757,0.0003568555261738209,0.0003445628518536561,0.00019676686407600632,0.000186522075676029,0.00020037135284508062,0.00013541858082439167,0.00013288395946118081,8.485370315586121e-05,0.00013429178414588752,0.00011445849796056399,9.837272215144342e-05,9.766695911190831e-05,0.00013115905195674261,8.610363128572951e-05,-2.878375401045455e-06,8.120052236203515e-07,-1.5761828019065375e-05,-6.737389283656913e-05,-0.00014586803742247433,-5.040840902754323e-05,-0.00015760699642426807,-5.664449805216441e-05,-4.8485171199426516e-05,8.556432944001143e-05,6.279332091351045e-07,3.61272815169329e-07,6.899091203523144e-07,2.9010592421427433e-07,5.294034315846565e-07,3.624182579182832e-07,6.659169682949336e-07,2.525272045589036e-08,4.5798189628166807e-07,1.0137527702517309e-08,5.995620606591914e-07,5.88730543281573e-07,7.442237507284731e-07,6.81519841201335e-07,4.925596288009492e-07,2.941005521934571e-07,1.4685449511488575e-07,6.466531996874178e-07,5.247197382442195e-07,7.321289386647537e-07,4.245169316270384e-07,6.938553101083883e-07,7.505906591325935e-07,6.729995479844818e-07,4.927892344112173e-07,8.544014838658077e-08,6.914030659543975e-07,5.527642865888692e-07,4.134528691050298e-07,7.026777800536784e-07,8.532731502093574e-08,7.451821090282046e-07,4.42175885416511e-07,-1.197399596378345e-07,1.8094771401578027e-08,-6.194024639817137e-08,-8.59319776638043e-09,-1.1728369193054241e-07,1.3398261626851847e-08,-5.48385820129568e-08,1.1246596241257513e-07,-4.918915031463958e-08,-1.1767737663166647e-08,-7.51517860274235e-09,-2.4400412334888904e-08,-6.351399270967124e-08,-5.946580751968398e-08,-2.648802209817909e-09,1.2814136140393233e-07,4.571131303058168e-08,-1.0104974796475935e-08,-1.804982261408742e-08,-5.90471160720345e-08,-5.441114966229409e-10,-4.578370025837957e-08,-6.513836980934034e-08,-6.715414639728968e-08,-9.377249599720749e-08,-1.1281555468413305e-08,-6.177721928444782e-08,5.591903441067103e-09,-5.943155175576275e-08,-3.616339047211618e-08,-8.531528416148645e-09,-1.141476491808396e-07,7.399502711674039e-09,2.0965431957592622e-08
8766.666666666706,-0.01594549490972458,0.33620402385115367,-0.3865011616116426,-0.003245808029521891,0.35269318850176773,-0.3724176187488321,-0.0020358300330970878,0.3523482576185879,-0.3598317879193178,-0.0028542313894498136,0.351962986695649,-0.3639686448278829,-0.02374595456817451,0.3600611222189584,-0.3901076738863181,-0.023153296599266807,0.3587795086444497,-0.4035559785242122,-0.01776846069495817,0.3481127914297341,-0.382840840811346,0.03703083286704333,0.3407014425703773,-0.2528944654272896,-0.08616164537860259,0.2976479851822534,-0.2815570954153505,0.00985228837716767,0.32817495013287307,-0.3297618614134965,-0.019746939766182255,0.2985039407509148,-0.3655757546043011,0.11309238880582462,0.20933803479280647,-0.1005295794939414,-0.1535262457301701,0.23365048422528473,-0.115668099732221,0.15529848718654327,0.038761160156067405,-0.0243623506435595,-0.1770459434154282,-0.02019389452319738,-0.1374443764329996,0.1953180165805664,-0.1565591522095419,0.019264948130476,-0.21783944697334812,-0.21478823938911912,-0.1858368232658509,0.19697639850429907,-0.19693237426541782,0.0349201364716743,-0.2117859291039598,-0.25216171160922757,-0.2286879867299963,0.17152061508448274,-0.21105264818469624,0.004743360700969,-0.18329561324954174,-0.23914092513702886,-0.2498622784645161,0.1914088502287525,-0.1873354094251105,0.0098494404555483,-0.20615270294948376,-0.22196302414902688,-0.204400808,0.0815841477331332,-0.1760334533757284,0.0455977153860289,-0.07991654761782378,-0.1833862434484973,-0.0436547570670522,0.08681467600938166,-0.5186291516816126,0.1110946856106044,-0.029124533647568264,-0.4538024901945582,0.0075782444461453,0.07723682972322579,-0.7799742289951666,0.3284449514066,-0.06144614846623642,-0.7792028075897267,0.2302652127253245,0.059329356068954,-0.8111967976205999,0.3541883644855766,-0.06460971843508292,-0.8080418281296261,0.2128686145256952,0.08758147093259532,-0.85615196186047,0.3034415414126067,-0.05514716384738309,-0.8416880600280718,0.1242031632803856,onweer_g_ch1_g19_compr.mp4,ch1g19,1.8423623289875604e-05,1.2571390242039277e-05,2.2910493025587664e-05,8.855356501285233e-06,1.0663131447825277e-05,1.2800358052582317e-05,2.2527829116006025e-05,5.560045615872702e-06,1.4687434457829427e-05,6.233317409259531e-06,1.2169649256638905e-05,1.8935336703228508e-05,2.374408863770685e-05,2.2894727506089833e-05,1.532378484650878e-05,1.0091043964713757e-05,5.553691910470791e-06,1.3283017720336581e-05,1.7455391312835618e-05,2.3625441984639048e-05,1.5181040066075719e-05,2.43124017372877e-05,2.389297576737384e-05,2.250204134092929e-05,9.73016189128314e-06,2.404821761849471e-06,2.2256068537888518e-05,1.2150869693111822e-05,1.163310375771158e-05,1.1877399360960924e-05,2.501752717061848e-06,1.8583653640808944e-05,1.467251508094284e-05,2.4878086897982538e-05,1.9984162136922226e-05,0.0003771934601001967,0.0003592404489584949,0.000367283638366312,0.000365808251842373,0.0003745997540839576,0.0003727566562426298,0.00036884559196210485,0.00030442142277696153,0.0003024078613680297,0.000364805038073288,0.00035260658837537245,0.00020033018044233555,0.00019025713170158686,0.0002058755853873466,0.00013736920915077068,0.00013707107215235029,8.772776553786031e-05,0.0001387363227515243,0.00011890671356021403,0.00010187694133664082,0.00010100929361029306,0.0001356098898796456,8.933701878466999e-05,-3.0734725799061326e-06,9.440086350916281e-07,-1.6672725654730395e-05,-6.730684704877882e-05,-0.00014691432173522342,-4.674821064595088e-05,-0.00015873720198003035,-5.299354261838736e-05,-4.872046344617136e-05,9.382088721273798e-05,4.4379786168261455e-07,3.257174147965624e-07,5.372315676168087e-07,2.3690704360843575e-07,3.520409625377028e-07,3.2302896233942145e-07,5.22453451403608e-07,9.909291644860658e-08,3.6396498513589983e-07,1.895828840975487e-08,4.846487574680847e-07,4.954678788228984e-07,5.813570586308838e-07,5.315918706078409e-07,4.273638272589452e-07,3.421519545550096e-07,1.3357478729570177e-07,5.178406350447734e-07,4.457716407919608e-07,5.741318459021326e-07,3.651828988462093e-07,5.55430285058021e-07,5.858511841766899e-07,5.206150565421637e-07,3.4038362411430143e-07,6.393371796458729e-08,5.392268902758152e-07,4.6154587578930365e-07,3.060928393766499e-07,5.340013140114792e-07,6.582117446616559e-08,5.398245234911295e-07,3.838642436727186e-07,-1.5497536369024182e-07,-2.9133139383656114e-08,-1.1992084683382006e-07,-3.998648324983281e-08,-1.5222069228374271e-07,-3.265169796739243e-08,-1.1146600325284007e-07,8.18070397466235e-08,-7.904226431046826e-08,4.619805096442251e-09,-8.503479458730395e-08,-7.98672929598793e-08,-1.2842047104175147e-07,-1.1675169036588394e-07,-5.533798858022469e-08,5.3903654118538945e-08,1.1515645475835573e-08,-9.394806389428813e-08,-6.716730874589184e-08,-1.2374668764453255e-07,-5.0363933878751256e-08,-1.069675180932815e-07,-1.306078977541409e-07,-1.2029616564693435e-07,-1.3053811835056497e-07,-1.729751343239347e-08,-1.1964755947130089e-07,-6.642646042600718e-08,-8.908738179382481e-08,-1.2631108127198678e-07,-1.5326343605092317e-08,-1.708450726568528e-07,-4.779930627623703e-08,9.961137624724232e-08
8783.333333333372,-0.01579571235727961,0.33658363289153137,-0.3854861404734891,-0.003134775778521473,0.3530543126550118,-0.3713786029152393,-0.0019304365119379172,0.35271741682303637,-0.3587960473162033,-0.0027430646551465103,0.3523305206299868,-0.3629398317377827,-0.023609611115577224,0.3604372710053656,-0.3891232551499443,-0.02301925464712816,0.35915390554383814,-0.402565507899963,-0.01762950131363359,0.34848344370572715,-0.381865911880534,0.0369918998626287,0.34100633834233607,-0.2519156021518725,-0.08609515949624157,0.297949956345763,-0.2808618986854284,0.009941107918280446,0.32854160853768066,-0.3287603761794587,-0.019630815822123,0.2988583089294056,-0.3646392503978495,0.11295217168227549,0.20954044652618067,-0.0995554048488913,-0.15348823038840884,0.23384160449044844,-0.1153853165097515,0.15514889168312693,0.03897009514561344,-0.0232484232754616,-0.17698919298563778,-0.020055485512455576,-0.1375104915662588,0.19517186538377185,-0.1564182782964801,0.0204540300976929,-0.21764829200548838,-0.21469770167157992,-0.18588279223604,0.19680702413596166,-0.19678967129265007,0.0361711754025931,-0.21157206166545922,-0.25203970518120383,-0.228745793862588,0.17135440105969024,-0.21094744810659777,0.0060033490431844,-0.18306322109493067,-0.239037031674829,-0.2498323721677419,0.19126115063564925,-0.1871965490446185,0.0110502808392257,-0.20595817404017674,-0.22187120380326847,-0.201601297,0.08154255214720967,-0.1760366221358784,0.0457303880318131,-0.07987653094614942,-0.18338521266731433,-0.0437845098975083,0.08671794002038476,-0.5186421395333227,0.1112244977981461,-0.029207479904974437,-0.4538689601934988,0.007468550630548,0.07716651162155404,-0.7801160055409831,0.3284786453932519,-0.061735332581030464,-0.7792470347884585,0.2306422503235447,0.05924973211012593,-0.8113508572850763,0.3542126646675566,-0.06492278490128911,-0.8080921273445572,0.2132859992647386,0.08749865030839175,-0.856198916509675,0.3034298748005933,-0.05528963022542869,-0.8415928598296276,0.1246617968908416,onweer_g_ch1_g19_compr.mp4,ch1g19,1.8588200176133237e-05,1.2716246493397796e-05,2.311656770946526e-05,8.94596672719602e-06,1.0788553523861848e-05,1.2944244426845551e-05,2.272744824168694e-05,5.591598227386258e-06,1.4823046278150855e-05,6.24444664757595e-06,1.236105011840909e-05,1.9142372722725538e-05,2.396910505455855e-05,2.3097342847916797e-05,1.549368631793145e-05,1.023348319982562e-05,5.592339751775709e-06,1.34909651645379e-05,1.7641154217331233e-05,2.3847479821792606e-05,1.5345727317233732e-05,2.4528315856890457e-05,2.4120505772255907e-05,2.2699604217758648e-05,9.851115380187817e-06,2.4304835646577185e-06,2.2461731792417832e-05,1.2332032942572762e-05,1.1746814133388684e-05,1.209061186112004e-05,2.528272999042335e-06,1.87846813779715e-05,1.4842437119429272e-05,2.5176707445178492e-05,2.020531604190928e-05,0.00038053680166199184,0.00036243788557549007,0.00037055935562974425,0.000369110562079243,0.00037815127488220507,0.0003762698334247573,0.0003722836586087399,0.00030710148839739474,0.00030567336014097776,0.0003680497251353095,0.0003558683709202547,0.00020186842900808363,0.00019211478806693496,0.00020789983524053033,0.00013868632930220465,0.00013849480549141979,8.861723148700256e-05,0.00014019733575516908,0.00012019761008306791,0.00010303918123325781,0.00010195644327966918,0.00013712450023436462,9.029390470145577e-05,-3.1153118617378472e-06,9.664031308527143e-07,-1.694628406880198e-05,-6.748552823850252e-05,-0.0001479601495087746,-4.621978076175977e-05,-0.00015980215529897543,-5.249468350816419e-05,-4.857973192210509e-05,9.617988064529553e-05,3.638301443350641e-07,2.9875469294658544e-07,4.6643667495794137e-07,2.13094955346883e-07,2.7386559193222185e-07,2.9466268517673265e-07,4.5581222764978516e-07,1.3047282130172112e-07,3.171232228999926e-07,2.109151781640893e-08,4.288590003050415e-07,4.41043236327886e-07,5.047319774274498e-07,4.625830054474855e-07,3.860987316737027e-07,3.485633308713503e-07,1.3511512879912076e-07,4.5692363391630255e-07,3.988630105634981e-07,4.998205533728978e-07,3.273422858549784e-07,4.888789020872189e-07,5.081043651683346e-07,4.5086160027979143e-07,2.713892981808191e-07,5.371151876357005e-08,4.6841918690411203e-07,4.143791779042506e-07,2.591984789107119e-07,4.593964722701528e-07,5.6291925240297164e-08,4.4873197714333025e-07,3.465397762607438e-07,-1.6839993623788712e-07,-4.853827742904906e-08,-1.4318643953479262e-07,-5.361929434863248e-08,-1.6660430597759002e-07,-5.153494607707365e-08,-1.3435651342543174e-07,6.74339344296439e-08,-9.146438617251306e-08,1.0878862264515985e-08,-1.1616756908860672e-07,-1.0285187299399757e-07,-1.54420029576926e-07,-1.398525739372423e-07,-7.729994293446718e-08,2.1798426670788212e-08,-3.233169452560258e-09,-1.2741653053613228e-07,-8.768885368333628e-08,-1.4977606259057105e-07,-7.04934532707274e-08,-1.3187630672901217e-07,-1.5678274448431171e-07,-1.4178255961648366e-07,-1.4611499021519425e-07,-1.9510686708641724e-08,-1.431197803091661e-07,-9.595139594839487e-08,-1.0151038518742037e-07,-1.6141974267826279e-07,-1.7872942082006625e-08,-1.9297086233886365e-07,-7.010775710722356e-08,1.428738767736851e-07
8800.000000000038,-0.015645929804834723,0.3369632419319091,-0.3844711193353356,-0.0030237435275210544,0.3534154368082559,-0.3703395870816464,-0.0018250429907787462,0.3530865760274849,-0.3577603067130887,-0.002631897920843292,0.35269805456432474,-0.3619110186476826,-0.02347326766297985,0.3608134197917729,-0.3881388364135706,-0.022885212694989516,0.3595283024432266,-0.4015750372757138,-0.017490541932309013,0.34885409598172007,-0.3808909829497219,0.036952966858214066,0.3413112341142948,-0.2509367388764554,-0.08602867361388063,0.2982519275092726,-0.2801667019555063,0.01002992745939322,0.32890826694248815,-0.3277588909454208,-0.019514691878063838,0.29921267710789645,-0.3637027461913978,0.11281195455872646,0.20974285825955488,-0.0985812302038413,-0.1534502150466475,0.23403272475561232,-0.1151025332872821,0.1549992961797106,0.03917903013515947,-0.0221344959073637,-0.17693244255584736,-0.019917076501713683,-0.137576606699518,0.19502571418697737,-0.1562774043834183,0.0216431120649098,-0.2174571370376287,-0.21460716395404075,-0.1859287612062291,0.19663764976762432,-0.1966469683198824,0.0374222143335118,-0.2113581942269586,-0.2519176987531801,-0.2288036009951798,0.17118818703489766,-0.21084224802849932,0.0072633373853997,-0.18283082894031957,-0.23893313821262915,-0.2498024658709677,0.1911134510425461,-0.18705768866412656,0.0122511212229032,-0.20576364513086973,-0.22177938345751005,-0.201308265,0.08150095656128614,-0.17603979089602828,0.0458630606775973,-0.07983651427447506,-0.18338418188613143,-0.0439142627279644,0.08662120403138775,-0.5186551273850327,0.1113543099856878,-0.029290426162380527,-0.4539354301924394,0.0073588568149506,0.07709619351988228,-0.7802577820867995,0.3285123393799037,-0.062024516695824435,-0.77929126198719,0.231019287921765,0.05917010815129793,-0.8115049169495523,0.3542369648495366,-0.06523585136749521,-0.8081424265594883,0.2137033840037819,0.08741582968418818,-0.8562458711588796,0.30341820818858,-0.05543209660347421,-0.8414976596311834,0.1251204305012977,onweer_g_ch1_g19_compr.mp4,ch1g19,1.8793601066574362e-05,1.292026872467661e-05,2.3392503894229804e-05,9.077821676161183e-06,1.091245697200447e-05,1.3144945713250714e-05,2.2996914880830878e-05,5.675003241293241e-06,1.5003179142424177e-05,6.272950486402975e-06,1.2609773775500507e-05,1.9418842290358686e-05,2.42683878431436e-05,2.3370273746018165e-05,1.572383918810598e-05,1.0450828565937625e-05,5.665498106943176e-06,1.3762677990238317e-05,1.7891334929578184e-05,2.414432948959943e-05,1.5570604856073927e-05,2.4823351945006595e-05,2.442264907805265e-05,2.296461877671551e-05,9.973719163004717e-06,2.4622622295924303e-06,2.273612785718051e-05,1.2571939130088376e-05,1.1897176746144687e-05,1.2358926741311742e-05,2.561853982756017e-06,1.9033021329278478e-05,1.507591388515324e-05,2.5585796110461425e-05,2.048352849254327e-05,0.00038505125740049027,0.0003666884202256272,0.00037490648183762865,0.00037347328871297717,0.00038282097687100994,0.00038090287313043993,0.000376844595817743,0.0003104671932636246,0.0003097161168098186,0.0003723473631043602,0.00036019431026955483,0.00020402444650075366,0.00019455538612764669,0.00021089407056095854,0.00014047217052236854,0.00014088962184771037,9.017969713068718e-05,0.00014266562055576006,0.0001223161177080382,0.00010504261637308087,0.00010359949520066369,0.0001395609534152297,9.190259595731715e-05,-3.1863984886934728e-06,1.0110786122987962e-06,-1.672053532603307e-05,-6.750684043540087e-05,-0.00014838191912265413,-4.501981831163701e-05,-0.00016030729377718568,-5.130463158727285e-05,-4.8026114677852315e-05,9.958156721472599e-05,1.99507295944051e-07,2.20751748692529e-07,3.0409192753652625e-07,1.5242285969921048e-07,1.1150156954703927e-07,2.1481896782682224e-07,3.014432363385881e-07,1.676931496387931e-07,2.1024172600199113e-07,2.8958404611594472e-08,2.855266306096637e-07,3.042538259762061e-07,3.277821803068471e-07,3.038462693456504e-07,2.759118037224437e-07,3.1267802266315024e-07,1.2185336379589732e-07,3.024572012198526e-07,2.792347314721731e-07,3.27184241481067e-07,2.2871781522280345e-07,3.310658648711945e-07,3.2885921178570744e-07,2.9279240828994326e-07,1.2336760686578453e-07,3.1478475354367644e-08,3.054349243515419e-07,2.8730047100797026e-07,1.573156327009633e-07,2.810428613749763e-07,3.481007138703712e-08,2.532269966065609e-07,2.4611573878545014e-07,-1.8142785700054195e-07,-8.20025554915833e-08,-1.770238622286739e-07,-7.402252300362054e-08,-1.8012962252834815e-07,-8.386049260784643e-08,-1.6818829819384399e-07,3.572282522930567e-08,-1.1038877001106591e-07,1.901258153880766e-08,-1.6453924180396592e-07,-1.410539744418873e-07,-1.9253032248199507e-07,-1.735698775305737e-07,-1.147108335993671e-07,-4.0342378063287284e-08,-2.773763995184513e-08,-1.788533216206019e-07,-1.2235717972456556e-07,-1.8820521795296877e-07,-1.0383927327532964e-07,-1.700598674615724e-07,-1.9502313644432524e-07,-1.7246832076587573e-07,-1.636410807105921e-07,-2.257688738055173e-08,-1.7741367768321142e-07,-1.436107994260745e-07,-1.1661072220447471e-07,-2.1173164666345173e-07,-2.16988032849524e-08,-2.1947793130173528e-07,-1.0734194214666267e-07,2.144443752487568e-07
8816.666666666704,-0.015496147252389837,0.3373428509722868,-0.383456098197182,-0.002912711276520636,0.3537765609615,-0.3693005712480535,-0.0017196494696196615,0.35345573523193324,-0.3567245661099741,-0.0025207311865399888,0.3530655884986626,-0.3608822055575825,-0.023336924210382564,0.36118956857818013,-0.3871544176771968,-0.022751170742850872,0.35990269934261504,-0.4005845666514647,-0.017351582550984433,0.3492247482577131,-0.37991605401891,0.03691403385379944,0.34161612988625356,-0.2499578756010382,-0.08596218773151959,0.2985538986727822,-0.2794715052255841,0.010118747000505995,0.3292749253472956,-0.326757405711383,-0.01939856793400467,0.2995670452863873,-0.3627662419849463,0.11267173743517732,0.20994526999292903,-0.0976070555587912,-0.15341219970488626,0.23422384502077603,-0.1148197500648127,0.15484970067629417,0.03938796512470551,-0.0210205685392658,-0.1768756921260569,-0.01977866749097179,-0.1376427218327772,0.19487956299018272,-0.15613653047035653,0.0228321940321268,-0.21726598206976896,-0.21451662623650156,-0.1859747301764182,0.196468275399287,-0.19650426534711468,0.0386732532644306,-0.211144326788458,-0.2517956923251563,-0.2288614081277716,0.17102197301010516,-0.21073704795040085,0.0085233257276151,-0.18259843678570847,-0.23882924475042924,-0.2497725595741935,0.19096575144944286,-0.18691882828363465,0.0134519616065806,-0.20556911622156265,-0.22168756311175164,-0.209659487,0.08145936097536262,-0.17604295965617828,0.0459957333233815,-0.07979649760280069,-0.18338315110494852,-0.0440440155584204,0.08652446804239075,-0.5186681152367427,0.1114841221732295,-0.029373372419786617,-0.45400190019138,0.0072491629993533,0.07702587541821054,-0.780399558632616,0.3285460333665555,-0.06231370081061839,-0.7793354891859218,0.2313963255199852,0.05909048419246986,-0.8116589766140286,0.3542612650315165,-0.06554891783370138,-0.8081927257744194,0.2141207687428253,0.08733300905998452,-0.8562928258080845,0.3034065415765666,-0.0555745629815198,-0.841402459432739,0.1255790641117538,onweer_g_ch1_g19_compr.mp4,ch1g19,1.8844747148382325e-05,1.3004733732300513e-05,2.349096997576212e-05,9.141403214590563e-06,1.0878385386003512e-05,1.322497249858466e-05,2.3096849147025475e-05,5.772331983004197e-06,1.5067059964119265e-05,6.311311823315259e-06,1.2677447479163648e-05,1.951244791347163e-05,2.4370615933018847e-05,2.347069011171923e-05,1.5806932562936335e-05,1.0562077108125516e-05,5.725048198714761e-06,1.3839534922114957e-05,1.7979902941312213e-05,2.4248289340471093e-05,1.5652852396532507e-05,2.4938149121078645e-05,2.4524880895633233e-05,2.3061006722911143e-05,9.94626655547057e-06,2.4691916979633076e-06,2.283217077460438e-05,1.2645478602248939e-05,1.1948102365439123e-05,1.2415869454228309e-05,2.570397170379615e-06,1.9085806462300495e-05,1.5163332561333008e-05,2.5738212803318613e-05,2.0547630719172465e-05,0.0003867364136823883,0.0003681694936022054,0.00037640839146128467,0.0003749440883392866,0.00038433926443569847,0.00038243423095911296,0.0003783994239962512,0.00031134533468888916,0.00031059360561474424,0.00037382604892078323,0.0003616749132709503,0.00020501791164626232,0.0001953574697221889,0.00021242047599657983,0.00014115923177112006,0.00014250347252770567,9.131823409925311e-05,0.0001443433448153641,0.00012367500086904383,0.00010644545132459341,0.00010477311401844849,0.00014104988929281682,9.297540533335315e-05,-3.232089606061015e-06,1.0476962865952478e-06,-1.568224309340309e-05,-6.721891349414046e-05,-0.00014702474057752492,-4.391680455013054e-05,-0.00015908202731272506,-5.015595726035555e-05,-4.7324881653473857e-05,0.00010098172045286725,4.1454198248830035e-08,1.1931834795243532e-07,1.279549384556923e-07,8.079485848820016e-08,-4.460058297216741e-08,1.1280822820237438e-07,1.3225865539947687e-07,1.710037420835986e-07,9.387807994464964e-08,3.87931285258513e-08,1.1546412775463859e-07,1.4259202923602447e-07,1.3470880607548422e-07,1.3107821467823968e-07,1.3967467459975734e-07,2.2099237844093207e-07,9.118156803276612e-08,1.2110779933688132e-07,1.360343645596782e-07,1.3774927532799793e-07,1.0943934922907956e-07,1.541620099208529e-07,1.3363101084133276e-07,1.2313884574966717e-07,-2.437112305027278e-08,8.577970912223506e-09,1.2799885845916033e-07,1.3070000791018603e-07,5.330451797624259e-08,8.26242449733096e-08,1.183882365425807e-08,5.632262836529844e-08,1.2185401524882038e-07,-1.74734522241467e-07,-1.050371209479119e-07,-1.906207710668139e-07,-8.387131468999909e-08,-1.719522659654057e-07,-1.056809302697703e-07,-1.8279478669490793e-07,2.505090082022876e-09,-1.1914661335161068e-07,2.0886902006809896e-08,-1.8989781048068058e-07,-1.6452413956958754e-07,-2.083706551994864e-07,-1.873840651430964e-07,-1.3944013942526995e-07,-9.384016927362725e-08,-4.437654040001106e-08,-2.049016972717502e-07,-1.4454834907641995e-07,-2.0471993436813078e-07,-1.2449862193354252e-07,-1.889673855638858e-07,-2.1068669296882578e-07,-1.837789808746806e-07,-1.612146134587925e-07,-2.341456451914501e-08,-1.9147105113849307e-07,-1.7156926740415736e-07,-1.176299718481823e-07,-2.3112757821212435e-07,-2.3349356007602187e-08,-2.1987811711815112e-07,-1.3096354509232675e-07,2.587407200372472e-07
8833.33333333337,-0.015346364699944949,0.3377224600126644,-0.3824410770590286,-0.0028016790255202175,0.3541376851147441,-0.3682615554144606,-0.0016142559484604903,0.35382489443638176,-0.3556888255068595,-0.0024095644522367705,0.35343312243300057,-0.3598533924674824,-0.023200580757785277,0.3615657173645873,-0.3861699989408231,-0.022617128790712315,0.3602770962420035,-0.3995940960272155,-0.017212623169659855,0.3495954005337061,-0.3789411250880979,0.03687510084938481,0.3419210256582122,-0.2489790123256211,-0.08589570184915864,0.29885586983629187,-0.278776308495662,0.010207566541618772,0.3296415837521031,-0.3257559204773452,-0.01928244398994542,0.2999214134648781,-0.3618297377784946,0.11253152031162819,0.21014768172630324,-0.0966328809137412,-0.15337418436312492,0.2344149652859399,-0.1145369668423433,0.15470010517287786,0.039596900114251536,-0.0199066411711679,-0.17681894169626647,-0.019640258480229898,-0.1377088369660363,0.19473341179338827,-0.15599565655729475,0.0240212759993437,-0.21707482710190928,-0.2144260885189624,-0.1860206991466073,0.19629890103094966,-0.19636156237434696,0.0399242921953493,-0.21093045934995736,-0.2516736858971326,-0.2289192152603633,0.17085575898531258,-0.2106318478723025,0.0097833140698304,-0.18236604463109735,-0.2387253512882294,-0.2497426532774193,0.1908180518563396,-0.1867799679031427,0.014652801990258,-0.20537458731225564,-0.22159574276599323,-0.208658248,0.0814177653894391,-0.17604612841632827,0.0461284059691657,-0.07975648093112642,-0.18338212032376563,-0.0441737683888765,0.08642773205339375,-0.5186811030884527,0.1116139343607712,-0.0294563186771927,-0.4540683701903206,0.007139469183756,0.07695555731653879,-0.7805413351784325,0.3285797273532074,-0.06260288492541236,-0.7793797163846534,0.2317733631182054,0.05901086023364186,-0.8118130362785047,0.3542855652134965,-0.06586198429990756,-0.8082430249893505,0.2145381534818687,0.08725018843578096,-0.8563397804572892,0.3033948749645533,-0.055717029359565406,-0.8413072592342947,0.1260376977222098,onweer_g_ch1_g19_compr.mp4,ch1g19,1.876663023125054e-05,1.2977231640529269e-05,2.3433173673102298e-05,9.140907351881896e-06,1.0715372102665463e-05,1.3192758615798643e-05,2.3046951409321513e-05,5.868540761558336e-06,1.5030422282001037e-05,6.358066574990544e-06,1.2581990872815738e-05,1.94425553443077e-05,2.429909985129021e-05,2.3418927828575016e-05,1.5757260102810626e-05,1.0564197454131566e-05,5.7644925957354516e-06,1.3740550193439945e-05,1.7923496514053218e-05,2.4181701778304737e-05,1.560446893754784e-05,2.4892175796675812e-05,2.44508859968918e-05,2.3009492233354353e-05,9.794886771595764e-06,2.454958144551083e-06,2.2771311510849508e-05,1.2567925563071122e-05,1.1912340368329044e-05,1.228471810633696e-05,2.5573286993436956e-06,1.8972000046621795e-05,1.5116211290141986e-05,2.565557887037762e-05,2.042526705229725e-05,0.0003859266902779043,0.0003672325140268952,0.0003754281264344679,0.000373895368268275,0.0003831053159365083,0.0003812538209582577,0.0003773191386202242,0.0003101357658887014,0.00030877392060117096,0.000372853462356785,0.0003606671637768857,0.00020500267644770907,0.00019473735958278204,0.00021255622820883684,0.00014088070810485816,0.00014324055743381134,9.194225212109796e-05,0.00014512739630759608,0.00012421160985363932,0.00010714105454062401,0.00010539173071775637,0.00014153548625388208,9.344249848236916e-05,-3.247437833963085e-06,1.0700264744939016e-06,-1.4131140791748652e-05,-6.677376705464317e-05,-0.00014448926279226167,-4.315413031422652e-05,-0.00015670762925179768,-4.9308122937597124e-05,-4.6680255948732674e-05,0.00010038998472291174,-9.510661436319429e-08,8.229385850390117e-09,-4.243364033197716e-08,7.146525383551661e-09,-1.7632069169205906e-07,2.311931510720728e-09,-3.288111092038263e-08,1.4335116803945943e-07,-1.9908243008810814e-08,4.709424657121353e-08,-5.8413867744266625e-08,-2.444528515380607e-08,-5.2607411984116254e-08,-3.6582318048538606e-08,-5.379813212880737e-09,9.102910420550202e-08,4.926781381935649e-08,-6.294014405117222e-08,-1.3449619072701906e-08,-4.6914027703704475e-08,-1.5151536223173104e-08,-2.176354296696449e-08,-5.543858885084347e-08,-3.973073028939389e-08,-1.5388444618939596e-07,-1.2564540830930379e-08,-4.40582275742118e-08,-3.403328973570525e-08,-4.169012575759371e-08,-1.0979553178654863e-07,-1.0084960559183595e-08,-1.2058929062085658e-07,-9.88626000022047e-09,-1.4773629030608363e-07,-1.1378605765969195e-07,-1.8074880779613912e-07,-8.19916055329041e-08,-1.4127382945511182e-07,-1.1321776136075687e-07,-1.7491728801029202e-07,-2.9023258113958877e-08,-1.1515932384149585e-07,1.649441125873752e-08,-1.8771303668514222e-07,-1.681058763491294e-07,-1.9822685463450758e-07,-1.7813472406132347e-07,-1.4674351930521716e-07,-1.3133993987530855e-07,-5.218738335075149e-08,-2.0095916884904854e-07,-1.4950206814197479e-07,-1.956074918998155e-07,-1.2855194817367727e-07,-1.8468562999774636e-07,-2.0005427633010422e-07,-1.7286093357916338e-07,-1.373819711305969e-07,-2.157886132861595e-08,-1.8196515068216147e-07,-1.7499478817996836e-07,-1.039377675535306e-07,-2.1591765943777555e-07,-2.2282466271854503e-08,-1.9244934846287955e-07,-1.3673217130977898e-07,2.680050869737937e-07
8850.000000000036,-0.015196582147500061,0.3381020690530422,-0.3814260559208751,-0.0026906467745197132,0.3544988092679882,-0.3672225395808677,-0.0015088624273013197,0.3541940536408303,-0.354653084903745,-0.0022983977179334663,0.3538006563673385,-0.3588245793773823,-0.023064237305187904,0.36194186615099455,-0.3851855802044494,-0.022483086838573668,0.36065149314139205,-0.3986036254029663,-0.017073663788335275,0.3499660528096991,-0.3779661961572859,0.03683616784497019,0.34222592143017094,-0.2480001490502039,-0.08582921596679761,0.29915784099980147,-0.2780811117657398,0.010296386082731548,0.33000824215691066,-0.3247544352433074,-0.019166320045886257,0.30027578164336893,-0.360893233572043,0.11239130318807906,0.21035009345967745,-0.0956587062686911,-0.15333616902136366,0.23460608555110363,-0.1142541836198739,0.15455050966946152,0.03980583510379757,-0.01879271380307,-0.176762191266476,-0.019501849469488092,-0.1377749520992955,0.19458726059659362,-0.15585478264423294,0.0252103579665606,-0.21688367213404958,-0.2143355508014232,-0.1860666681167964,0.19612952666261235,-0.1962188594015793,0.0411753311262681,-0.2107165919114568,-0.25155167946910895,-0.2289770223929551,0.17068954496052008,-0.21052664779420402,0.0110433024120458,-0.18213365247648625,-0.23862145782602948,-0.2497127469806451,0.19067035226323645,-0.1866411075226507,0.0158536423739354,-0.20518005840294865,-0.2215039224202348,-0.212899163,0.08137616980351556,-0.1760492971764782,0.0462610786149499,-0.07971646425945204,-0.18338108954258267,-0.0443035212193326,0.08633099606439676,-0.5186940909401628,0.1117437465483129,-0.029539264934598786,-0.45413484018926115,0.0070297753681586,0.07688523921486703,-0.780683111724249,0.3286134213398592,-0.0628920690402063,-0.7794239435833852,0.2321504007164257,0.05893123627481379,-0.811967095942981,0.3543098653954765,-0.06617505076611374,-0.8082933242042816,0.2149555382209121,0.08716736781157738,-0.8563867351064939,0.30338320835254,-0.05585949573761091,-0.8412120590358506,0.1264963313326659,onweer_g_ch1_g19_compr.mp4,ch1g19,1.8598062660547026e-05,1.2861300411715646e-05,2.3258872133987272e-05,9.088689294531469e-06,1.047016274620108e-05,1.307265663479154e-05,2.2884641621933006e-05,5.949417315796504e-06,1.491984620357976e-05,6.407978656369001e-06,1.23649289498169e-05,1.9249831513933485e-05,2.409837994602761e-05,2.32532355407432e-05,1.560662968355902e-05,1.0472708917254429e-05,5.781005593286184e-06,1.3510052329511856e-05,1.7757521163408266e-05,2.398776471990504e-05,1.5455693312823033e-05,2.4724200571085666e-05,2.4245962675300345e-05,2.2847826000226303e-05,9.563208191600456e-06,2.425800093352447e-06,2.259372792587006e-05,1.2376316232777315e-05,1.1812675271804792e-05,1.2016120535513538e-05,2.5287446091821226e-06,1.8740775882886873e-05,1.496503981559677e-05,2.5392073860682998e-05,2.0168899543227105e-05,0.00038324681015908344,0.0003645075413818248,0.00037261490986130843,0.00037099175246675274,0.0003798469180725122,0.0003780745615705415,0.0003742878923968661,0.0003074598796727852,0.0003050511330470973,0.0003700757340497007,0.00035781968710816957,0.00020421961850517834,0.0001930747988638748,0.00021155193186544988,0.00013987755742526556,0.00014313892583855785,9.204319307443522e-05,0.00014505131936828463,0.00012398631548767367,0.00010713755702627187,0.00010545635324339625,0.00014111366109070215,9.333129246764569e-05,-3.2336445158281353e-06,1.0755630089850616e-06,-1.2410619779270045e-05,-6.630676511518884e-05,-0.00014144878521873895,-4.2858715720697e-05,-0.00015383180747975667,-4.890867717392387e-05,-4.623464960290012e-05,9.8165037402389e-05,-1.9417663991772954e-07,-9.489173732332007e-08,-1.8423783964255264e-07,-5.82082919494308e-08,-2.6441323386211797e-07,-9.921242150117335e-08,-1.7180063927161517e-07,9.085351951916587e-08,-1.1640486159843194e-07,5.0243558319870234e-08,-2.0840845055302647e-07,-1.7205892636771118e-07,-2.0850332884904136e-07,-1.7676675857471202e-07,-1.3717046861972579e-07,-5.2203137617369124e-08,3.322679071331645e-09,-2.2066551326115466e-07,-1.4704035212806262e-07,-2.0145621930331975e-07,-1.2580791792015338e-07,-1.7270834023728096e-07,-2.1241493127463416e-07,-1.7451087184137257e-07,-2.454584559371498e-07,-2.9106949046104047e-08,-1.874966615081777e-07,-1.8045617879877755e-07,-1.1566863181879566e-07,-2.661394033043169e-07,-2.791383938383379e-08,-2.5410631578254056e-07,-1.2848973160706326e-07,-1.0095569787022959e-07,-1.0451475479586121e-07,-1.4503702906733108e-07,-6.77938240223281e-08,-8.82761845221377e-08,-1.028320463944343e-07,-1.4208898285541625e-07,-5.536891922806695e-08,-9.601914390294458e-08,6.386364380561466e-09,-1.5443214981583593e-07,-1.4675073591096872e-07,-1.5928493108143724e-07,-1.435165098967429e-07,-1.31936897080875e-07,-1.4514973293807626e-07,-5.0764414664083886e-08,-1.6363854183837267e-07,-1.3247252594876268e-07,-1.5804346267214843e-07,-1.1235748892057643e-07,-1.5399119104578938e-07,-1.6031895725101742e-07,-1.3770316911137772e-07,-9.147262987466249e-08,-1.668565019626501e-08,-1.4638774955203886e-07,-1.4972319323874607e-07,-7.56738760705797e-08,-1.6419557692636827e-07,-1.8002284667408893e-08,-1.368580932204084e-07,-1.207301202011454e-07,2.3525245152930008e-07
8866.666666666702,-0.015046799595055175,0.3384816780934199,-0.3804110347827216,-0.0025796145235192952,0.3548599334212323,-0.3661835237472748,-0.0014034689061421487,0.35456321284527875,-0.3536173443006304,-0.002187230983630249,0.3541681903016763,-0.3577957662872822,-0.022927893852590617,0.36231801493740184,-0.3842011614680756,-0.022349044886435025,0.3610258900407805,-0.3976131547787171,-0.016934704407010694,0.3503367050856921,-0.3769912672264739,0.036797234840555554,0.3425308172021297,-0.2470212857747868,-0.08576273008443666,0.29945981216331113,-0.2773859150358177,0.010385205623844323,0.3303749005617181,-0.3237529500092695,-0.01905019610182709,0.30063014982185976,-0.3599567293655915,0.11225108606452996,0.21055250519305155,-0.094684531623641,-0.1532981536796024,0.2347972058162675,-0.1139714003974045,0.1544009141660452,0.04001477009334352,-0.0176787864349722,-0.1767054408366855,-0.0193634404587462,-0.1378410672325547,0.19444110939979914,-0.15571390873117108,0.0263994399337775,-0.2166925171661899,-0.21424501308388402,-0.1861126370869855,0.19596015229427494,-0.19607615642881154,0.0424263700571869,-0.21050272447295618,-0.25142967304108516,-0.2290348295255469,0.17052333093572758,-0.21042144771610558,0.0123032907542611,-0.18190126032187515,-0.23851756436382962,-0.2496828406838709,0.1905226526701332,-0.18650224714215877,0.0170544827576128,-0.20498552949364163,-0.22141210207447642,-0.210753396,0.08133457421759202,-0.17605246593662818,0.0463937512607341,-0.07967644758777769,-0.1833800587613998,-0.0444332740497886,0.08623426007539976,-0.5187070787918728,0.1118735587358546,-0.029622211192004876,-0.4542013101882017,0.0069200815525613,0.0768149211131953,-0.7808248882700652,0.328647115326511,-0.06318125315500028,-0.7794681707821169,0.2325274383146459,0.05885161231598571,-0.812121155607457,0.3543341655774565,-0.06648811723231983,-0.8083436234192128,0.2153729229599555,0.08708454718737373,-0.8564336897556988,0.3033715417405266,-0.056001962115656514,-0.8411168588374061,0.126954964943122,onweer_g_ch1_g19_compr.mp4,ch1g19,1.8391677317314364e-05,1.2696425846305332e-05,2.3026371934850803e-05,9.00526344613406e-06,1.020721522822537e-05,1.2904937862409838e-05,2.2665059324237228e-05,6.001580814361174e-06,1.477275840511104e-05,6.452039980653205e-06,1.209139205347026e-05,1.899624453223882e-05,2.3834226386264917e-05,2.3029774652984086e-05,1.5404363396453747e-05,1.032168149634919e-05,5.7754332132838195e-06,1.32176841476557e-05,1.753614965907155e-05,2.3730531594984203e-05,1.5255004190825886e-05,2.449229223131424e-05,2.3977022745908792e-05,2.263078523088054e-05,9.312358361914538e-06,2.3905084175800462e-06,2.2358324773414235e-05,1.2129448847795694e-05,1.1681926732789994e-05,1.1688094311042493e-05,2.49341084153206e-06,1.8461518302800366e-05,1.4759279483557197e-05,2.503421538627294e-05,1.985539128614883e-05,0.000379611799499797,0.0003609032871095797,0.00036890414601630953,0.00036719008155823964,0.0003756204658816167,0.0003739323756338182,0.0003703029952646265,0.0003041606084450761,0.00030054529146310424,0.00036641744550199604,0.0003540727500539747,0.00020299664101573953,0.0001909129531421436,0.00020983161964041692,0.00013849850047930904,0.00014237047638460042,9.169453098729373e-05,0.0001442853148954709,0.0001231825091352908,0.00010655785233890715,0.00010505456650025336,0.00014003206900107477,9.276645576293922e-05,-3.1980597183904353e-06,1.065523235297516e-06,-1.0907729351531016e-05,-6.593661603241533e-05,-0.00013864925784183075,-4.304101016609976e-05,-0.00015116870442110372,-4.899325466900352e-05,-4.606866359475627e-05,9.501458888316503e-05,-2.3898140885359794e-07,-1.6857311611221387e-07,-2.7132637306075625e-07,-1.0357747184984167e-07,-2.88507337914643e-07,-1.70531294546706e-07,-2.590094872026426e-07,2.2800411144976493e-08,-1.7824648556751928e-07,4.4506105904161904e-08,-3.0203645051936017e-07,-2.7014738149338303e-07,-3.0353338775598175e-07,-2.6387680688654673e-07,-2.287677519107683e-07,-1.7620972817695612e-07,-3.840075268961283e-08,-3.1821050460819905e-07,-2.3767257111387703e-07,-2.9674872023200494e-07,-1.9937752533727436e-07,-2.707365945769841e-07,-3.07570353211613e-07,-2.5695903998617685e-07,-2.7760778444261894e-07,-3.779048580725021e-08,-2.756678820607695e-07,-2.770710946705811e-07,-1.557764063497197e-07,-3.523170835277386e-07,-3.808978647964032e-08,-3.188153949406274e-07,-2.0908482321141327e-07,-3.6021459940154664e-08,-7.360990683263893e-08,-8.197190643482625e-08,-4.127289101312107e-08,-1.4121481049479108e-08,-7.10244041001496e-08,-8.263492357945189e-08,-7.274130589740122e-08,-5.9489150733056425e-08,-8.327316045990561e-09,-8.747984710333562e-08,-9.551831254398771e-08,-8.963107822392992e-08,-8.207914658581572e-08,-9.039646154253104e-08,-1.2724064168634406e-07,-4.025861350635152e-08,-9.076791585200463e-08,-8.87283941487718e-08,-9.009171086962994e-08,-7.255126909561397e-08,-9.435048031149127e-08,-8.958601490498626e-08,-7.713727429916439e-08,-2.3599159317502987e-08,-8.411532692498988e-09,-8.304914421662515e-08,-9.225815725364029e-08,-3.374819746446302e-08,-7.583858173632044e-08,-1.0059246351765517e-08,-5.415935848494005e-08,-7.936238520511435e-08,1.5428855354736614e-07
8883.333333333369,-0.014897017042610204,0.3388612871337976,-0.3793960136445681,-0.002468582272518877,0.35522105757447636,-0.3651445079136819,-0.0012980753849830638,0.35493237204972716,-0.3525816036975158,-0.002076064249326945,0.3545357242360142,-0.3567669531971821,-0.02279155039999333,0.362694163723809,-0.3832167427317018,-0.02221500293429638,0.36140028694016896,-0.396622684154468,-0.016795745025686117,0.350707357361685,-0.3760163382956619,0.03675830183614092,0.34283571297408844,-0.2460424224993697,-0.08569624420207571,0.29976178332682074,-0.2766907183058956,0.010474025164957098,0.33074155896652563,-0.3227514647752317,-0.018934072157767923,0.30098451800035053,-0.3590202251591398,0.11211086894098084,0.21075491692642576,-0.093710356978591,-0.15326013833784108,0.23498832608143125,-0.1136886171749351,0.15425131866262887,0.040223705082889555,-0.0165648590668743,-0.17664869040689507,-0.019225031448004307,-0.1379071823658139,0.19429495820300458,-0.1555730348181093,0.0275885219009944,-0.21650136219833016,-0.21415447536634494,-0.1861586060571746,0.1957907779259376,-0.19593345345604388,0.0436774089881056,-0.21028885703445555,-0.2513076666130615,-0.2290926366581386,0.170357116910935,-0.2103162476380071,0.0135632790964765,-0.18166886816726405,-0.23841367090162982,-0.2496529343870967,0.19037495307702995,-0.18636338676166683,0.0182553231412903,-0.2047910005843346,-0.221320281728718,-0.209936932,0.0812929786316685,-0.17605563469677815,0.0465264239065183,-0.07963643091610331,-0.18337902798021688,-0.0445630268802447,0.08613752408640275,-0.5187200666435829,0.1120033709233963,-0.02970515744941105,-0.4542677801871423,0.006810387736964,0.07674460301152355,-0.7809666648158817,0.3286808093131629,-0.06347043726979425,-0.7795123979808486,0.2329044759128662,0.058771988357157724,-0.8122752152719332,0.3543584657594364,-0.06680118369852601,-0.8083939226341438,0.2157903076989988,0.08700172656317015,-0.8564806444049035,0.3033598751285133,-0.05614442849370203,-0.8410216586389619,0.127413598553578,onweer_g_ch1_g19_compr.mp4,ch1g19,1.821392761826976e-05,1.2538041582837037e-05,2.2812529080823553e-05,8.919303407382967e-06,1.0008699747757579e-05,1.2745792342447715e-05,2.246106364077472e-05,6.01248185569646e-06,1.4637432131595819e-05,6.477470459308139e-06,1.1850115877021891e-05,1.8765063687936853e-05,2.359363916200006e-05,2.2822619330660642e-05,1.5217297548209098e-05,1.0163735875827339e-05,5.7522932042811415e-06,1.2958402757222945e-05,1.733232202482444e-05,2.3494911346161963e-05,1.5069120074788922e-05,2.4273819752085934e-05,2.373259154534494e-05,2.243017364784291e-05,9.120963995177632e-06,2.360426339662486e-06,2.214273370102435e-05,1.1907883660760116e-05,1.1562949548141566e-05,1.1406026733616928e-05,2.462763240133969e-06,1.8223822169127194e-05,1.4567363241726263e-05,2.4700613311309346e-05,1.958574407505472e-05,0.00037622698767574215,0.0003576071142132037,0.00036551742034435,0.00036373941282296225,0.0003718109627405632,0.0003701861903811271,0.00036667491439319977,0.0003013024242037208,0.000296702421592355,0.00036308162908126637,0.00035065826087183775,0.000201748672773447,0.00018895841041649317,0.00020799275221401316,0.0001372000208592389,0.00014124095708471947,9.105177203751842e-05,0.0001431362403494097,0.00012210660269892923,0.00010563959658817096,0.00010436053235328871,0.00013869010358831852,9.196990825248162e-05,-3.15418223169008e-06,1.0448480108985266e-06,-1.0053176741458918e-05,-6.576537252131844e-05,-0.00013690928117941092,-4.3594992326778884e-05,-0.00014949889703948948,-4.948557626724476e-05,-4.6201087842589865e-05,9.199538257144291e-05,-2.1197048402272951e-07,-1.874943398936076e-07,-2.742726369399597e-07,-1.1589061866117579e-07,-2.271067834647446e-07,-1.866351157996397e-07,-2.6570219315967446e-07,-4.8347019851381104e-08,-1.8541491566263785e-07,2.60301740165844e-08,-3.020304326727327e-07,-2.8330681553179545e-07,-3.0446962020123705e-07,-2.690844332165451e-07,-2.4839377476172677e-07,-2.410100921975542e-07,-6.660689233574834e-08,-3.168806264057234e-07,-2.5339261634199684e-07,-2.998838203228024e-07,-2.0880274063916868e-07,-2.839791849148237e-07,-3.0738418424110584e-07,-2.5989560486949423e-07,-2.270756026184083e-07,-3.4939726091263286e-08,-2.785144389084449e-07,-2.8732615126514363e-07,-1.4830392831683064e-07,-3.302250659525741e-07,-3.654419103595355e-08,-2.8729286830622237e-07,-2.2254373744729262e-07,4.433153014747391e-08,-1.757951355352397e-08,9.102673643185537e-09,-3.008219724989115e-09,7.904785272154687e-08,-1.4435011422965423e-08,4.327965834677105e-09,-7.705254352673499e-08,-3.5032563038071044e-09,-2.5978039943433448e-08,1.4741706389690245e-08,-9.576243695493076e-09,1.1748326865087645e-08,6.772573610023373e-09,-1.755866642909773e-08,-6.924680949919392e-08,-2.1377692350221683e-08,1.860931537135998e-08,-1.355282701844799e-08,9.295607262875853e-09,-6.047101616697766e-09,-3.91973071916863e-09,1.3127063084001016e-08,9.162567433849278e-09,6.534277743651164e-08,3.5061604291691875e-09,8.921845624909319e-09,2.288019142869937e-10,2.015923488461497e-08,4.749251060148172e-08,1.9499289497748453e-09,5.320330943960106e-08,-9.356653796939625e-09,2.5028939245933928e-08
8900.000000000035,-0.014747234490165318,0.3392408961741753,-0.3783809925064145,-0.002357550021518458,0.3555821817277205,-0.3641054920800891,-0.0011926818638238927,0.35530153125417574,-0.3515458630944013,-0.0019648975150237274,0.3549032581703522,-0.355738140107082,-0.022655206947396044,0.36307031251021626,-0.3822323239953281,-0.02208096098215782,0.3617746838395574,-0.3956322135302188,-0.016656785644361537,0.35107800963767805,-0.3750414093648498,0.036719368831726294,0.3431406087460472,-0.2450635592239526,-0.08562975831971469,0.3000637544903304,-0.2759955215759734,0.010562844706069874,0.3311082173713331,-0.3217499795411939,-0.018817948213708673,0.30133888617884136,-0.3580837209526882,0.1119706518174317,0.21095732865979994,-0.0927361823335409,-0.15322212299607982,0.2351794463465951,-0.1134058339524657,0.15410172315921244,0.04043264007243559,-0.0154509316987764,-0.17659193997710468,-0.0190866224372625,-0.137973297499073,0.19414880700621,-0.15543216090504752,0.0287776038682113,-0.21631020723047037,-0.21406393764880574,-0.1862045750273637,0.19562140355760027,-0.19579075048327615,0.0449284479190244,-0.21007498959595494,-0.25118566018503774,-0.2291504437907304,0.1701909028861425,-0.21021104755990866,0.0148232674386918,-0.18143647601265298,-0.23830977743942997,-0.2496230280903225,0.19022725348392672,-0.18622452638117482,0.0194561635249677,-0.2045964716750276,-0.2212284613829596,-0.205082625,0.08125138304574496,-0.17605880345692815,0.0466590965523025,-0.07959641424442904,-0.18337799719903397,-0.0446927797107007,0.08604078809740576,-0.5187330544952928,0.1121331831109381,-0.02978810370681714,-0.4543342501860829,0.0067006939213667,0.0766742849098518,-0.7811084413616983,0.3287145032998147,-0.06375962138458828,-0.7795566251795804,0.2332815135110864,0.05869236439832965,-0.8124292749364094,0.3543827659414164,-0.06711425016473219,-0.808444221849075,0.2162076924380422,0.08691890593896659,-0.8565275990541081,0.3033482085164999,-0.056286894871747616,-0.8409264584405176,0.1278722321640341,onweer_g_ch1_g19_compr.mp4,ch1g19,1.8145087515805004e-05,1.2457529097942448e-05,2.2712749005732977e-05,8.867641976070002e-06,9.974498791221262e-06,1.2667328855646943e-05,2.2363233281249223e-05,5.970402468048098e-06,1.4572987196780389e-05,6.467718002061208e-06,1.1753441463660832e-05,1.866085944856395e-05,2.348484808419484e-05,2.272375649973852e-05,1.5129782660981418e-05,1.0070043425656781e-05,5.719775041466891e-06,1.2852479559591472e-05,1.7237745538535412e-05,2.3386668428965586e-05,1.4982999302709419e-05,2.4165452295843577e-05,2.3622807931814467e-05,2.2334821488811647e-05,9.085150970239138e-06,2.3494494312443302e-06,2.2043313250036755e-05,1.1813942940510257e-05,1.1508633654649715e-05,1.1302674835338561e-05,2.4509075508316116e-06,1.813749287569244e-05,1.4476695639650204e-05,2.4541896353216217e-05,1.9485375013156268e-05,0.0003745880072644433,0.00035608503725619814,0.00036396249946068126,0.00036218102019785537,0.00037013202036492786,0.00036851793744069355,0.00036502727418352514,0.00030017133854107707,0.0002952945264105956,0.00036154976802023597,0.0003490997692876596,0.00020097766816933995,0.00018808118110805639,0.00020680621827279187,0.00013654636500258963,0.0001401899653218201,9.035245455276955e-05,0.00014204760975256866,0.00012118802861932167,0.00010473520843597527,0.00010363498962753985,0.00013763889686127265,9.126082123098014e-05,-3.121659569073012e-06,1.0222017054938366e-06,-1.032132711934459e-05,-6.587843165525206e-05,-0.000137120106282353,-4.429817015886378e-05,-0.00014966939683771355,-5.019744895779791e-05,-4.6588901204198285e-05,9.051319488776302e-05,-9.481746069017128e-08,-1.2248649287862004e-07,-1.6035471040218852e-07,-8.069906273132254e-08,-5.759000131035375e-08,-1.187382778940994e-07,-1.597582764867181e-07,-1.069561136287087e-07,-1.1523904363361817e-07,-9.152710090213068e-09,-1.6633869722434862e-07,-1.7083107139719082e-07,-1.743016459407129e-07,-1.603318780434485e-07,-1.5942230023405417e-07,-1.9913769797851192e-07,-7.095764513331243e-08,-1.731446989654344e-07,-1.5735843192865214e-07,-1.741746784806318e-07,-1.231205986796846e-07,-1.7663365642141487e-07,-1.7454274674020413e-07,-1.5320384570278074e-07,-6.883362014064407e-08,-1.6462587777980284e-08,-1.6256999268609095e-07,-1.6961514101896486e-07,-7.868674951069912e-08,-1.5774662362260185e-07,-1.8697857771526095e-08,-1.3010446848066953e-07,-1.354824559430352e-07,1.3626220072557585e-07,6.694711995070288e-08,1.279854098047581e-07,4.583628425750523e-08,1.8810911019130015e-07,7.015639647633659e-08,1.1889088977029425e-07,-6.39174702885141e-08,7.38337926379524e-08,-4.4338549738525376e-08,1.5285287776848393e-07,1.1579979002878281e-07,1.449667237234148e-07,1.2277879010436743e-07,9.107976957189096e-08,3.753457008962567e-08,4.613903025312173e-09,1.6423446396662778e-07,9.775653854130794e-08,1.4027804342013012e-07,8.996341260173433e-08,1.184550034860181e-07,1.4789058064139375e-07,1.206795760682474e-07,1.7367442380515738e-07,1.926936923212038e-08,1.2957787704271735e-07,1.2989832321606188e-07,8.359825428137529e-08,2.023533200836916e-07,1.8382236944110773e-08,1.813978250395776e-07,9.223669251156464e-08,1.781908544899032e-07
8916.6666666667,-0.01459745193772043,0.33962050521455295,-0.377365971368261,-0.002246517770517954,0.35594330588096457,-0.3630664762464962,-0.0010872883426647222,0.3556706904586241,-0.3505101224912867,-0.0018537307807204233,0.35527079210469,-0.3547093270169819,-0.02251886349479867,0.36344646129662356,-0.3812479052589543,-0.021946919030019177,0.36214908073894586,-0.3946417429059696,-0.01651782626303696,0.3514486619136711,-0.3740664804340379,0.03668043582731167,0.34344550451800593,-0.2440846959485354,-0.08556327243735375,0.30036572565384007,-0.2753003248460513,0.010651664247182651,0.3314748757761406,-0.320748494307156,-0.01870182426964951,0.30169325435733224,-0.3571472167462366,0.11183043469388257,0.21115974039317414,-0.0917620076884909,-0.15318410765431856,0.23537056661175887,-0.1131230507299962,0.1539521276557961,0.04064157506198162,-0.0143370043306785,-0.1765351895473142,-0.01894821342652061,-0.1380394126323322,0.19400265580941545,-0.15529128699198572,0.0299666858354282,-0.2161190522626107,-0.21397339993126657,-0.1862505439975528,0.19545202918926294,-0.1956480475105084,0.0461794868499431,-0.2098611221574544,-0.251063653757014,-0.2292082509233222,0.17002468886134992,-0.21010584748181022,0.0160832557809072,-0.18120408385804185,-0.23820588397723005,-0.2495931217935483,0.19007955389082357,-0.18608566600068288,0.0206570039086451,-0.2044019427657206,-0.22113664103720118,-0.204759479,0.08120978745982144,-0.17606197221707814,0.0467917691980867,-0.07955639757275468,-0.1833769664178511,-0.0448225325411568,0.08594405210840886,-0.518746042347003,0.1122629952984798,-0.02987104996422323,-0.4544007201850235,0.0065910001057693,0.07660396680818005,-0.7812502179075149,0.3287481972864665,-0.06404880549938226,-0.779600852378312,0.2336585511093067,0.05861274043950158,-0.8125833346008856,0.3544070661233964,-0.06742731663093837,-0.8084945210640061,0.2166250771770856,0.08683608531476293,-0.856574553703313,0.3033365419044866,-0.056429361249793135,-0.8408312582420733,0.1283308657744901,onweer_g_ch1_g19_compr.mp4,ch1g19,1.827925149798648e-05,1.2542217706346223e-05,2.284098657210339e-05,8.895271147085504e-06,1.0222207132444238e-05,1.2757574919696926e-05,2.247986654052774e-05,5.8644561094634704e-06,1.4649389983156357e-05,6.402458516902236e-06,1.1937315206519056e-05,1.8809503460479773e-05,2.363731278477515e-05,2.284308584678595e-05,1.5243683472369115e-05,1.0130326201361834e-05,5.689739926665736e-06,1.3045500248165613e-05,1.7362894732160182e-05,2.3532422811829877e-05,1.5099840047349325e-05,2.428315921274839e-05,2.3779424285101007e-05,2.245058550665738e-05,9.318544332158237e-06,2.3740256131860988e-06,2.2175148855581876e-05,1.1971710972091443e-05,1.1581904129037944e-05,1.1538165379717713e-05,2.474619421572049e-06,1.8332546347381432e-05,1.459365282871846e-05,2.4741156464050553e-05,1.970546578872152e-05,0.00037648079404525045,0.0003580817223625221,0.00036603333115093066,0.00036434839427656253,0.00037262585880912203,0.00037093255283592876,0.00036729685626778696,0.00030227490264371406,0.0002984195861261542,0.00036358179641676075,0.00035121246649570496,0.0002012726071914426,0.00018931469806019385,0.00020721633450958364,0.00013720954219217918,0.00013979094784893236,8.991614901052324e-05,0.00014159959368962904,0.00012097923987549616,0.00010431186909650261,0.00010322525410811996,0.0001375813192342979,9.105561740361786e-05,-3.126287967190986e-06,1.0099722010276632e-06,-1.2230203592842587e-05,-6.634453486592802e-05,-0.00014024563473453002,-4.4811580898270135e-05,-0.000152593649857724,-5.08287658745548e-05,-4.7127271476887206e-05,9.232283526700205e-05,1.3158003346591876e-07,5.946784588783077e-08,1.0644464466188065e-07,1.78241395874297e-08,2.4378992656778946e-07,6.572086207542229e-08,9.425776257442458e-08,-1.342226877363365e-07,5.7605147766446784e-08,-6.512777660342784e-08,1.518747204328393e-07,1.1328833008290062e-07,1.277633270100832e-07,9.766834790776308e-08,7.962125722507039e-08,4.3599426057964505e-09,-4.007241074250942e-08,1.6136514540268067e-07,9.216043420555061e-08,1.2084467731770156e-07,9.253721299811494e-08,9.103577949076352e-08,1.3206064411624557e-07,9.617004923672529e-08,2.2391791455102464e-07,2.214966834981972e-08,1.0904068501297964e-07,1.227224651089788e-07,6.849450545399752e-08,2.1124819087038045e-07,2.053899306548718e-08,1.841946795444453e-07,8.973926067870894e-08,2.3482330179665737e-07,1.8321938328198114e-07,2.7361758578418936e-07,1.0351222298494299e-07,3.08959306401818e-07,1.8583052622125834e-07,2.603531809769713e-07,-2.8653637122857252e-08,1.742464145704937e-07,-6.062292036226813e-08,3.2649656630619775e-07,2.8522606486468277e-07,3.092373684995778e-07,2.648245739858323e-07,2.399618628242782e-07,2.021432533916955e-07,3.589499353493337e-08,3.4463354794228893e-07,2.498875830051365e-07,3.021268572365295e-07,2.180108846487127e-07,2.732378467380677e-07,3.138626332420732e-07,2.560543749888261e-07,2.989339297283533e-07,3.90193045966291e-08,2.781530838762783e-07,2.982432024147974e-07,1.5334856071546824e-07,3.83515902234502e-07,3.954838877033968e-08,3.2520356359163333e-07,2.2804457817201863e-07,4.3682356405560996e-07
8933.333333333367,-0.014447669385275544,0.3400001142549306,-0.3763509502301075,-0.0021354855195175357,0.35630443003420864,-0.3620274604129033,-0.0009818948215055512,0.3560398496630726,-0.3494743818881721,-0.0017425640464172052,0.35563832603902795,-0.3536805139268817,-0.022382520042201384,0.36382261008303074,-0.3802634865225806,-0.021812877077880533,0.3625234776383343,-0.3936512722817205,-0.01637886688171238,0.35181931418966406,-0.3730915515032258,0.036641502822897035,0.3437504002899646,-0.2431058326731183,-0.08549678655499271,0.3006676968173496,-0.2746051281161292,0.010740483788295426,0.33184153418094814,-0.3197470090731182,-0.018585700325590346,0.302047622535823,-0.356210712539785,0.11169021757033354,0.21136215212654832,-0.0907878330434408,-0.1531460923125572,0.2355616868769227,-0.1128402675075268,0.1538025321523798,0.04085051005152766,-0.0132230769625806,-0.17647843911752378,-0.018809804415778716,-0.1381055277655914,0.19385650461262088,-0.15515041307892394,0.0311557678026451,-0.21592789729475095,-0.21388286221372738,-0.1862965129677419,0.19528265482092563,-0.19550534453774074,0.0474305257808619,-0.20964725471895376,-0.25094164732899027,-0.2292660580559139,0.16985847483655742,-0.21000064740371174,0.0173432441231225,-0.18097169170343075,-0.2381019905150302,-0.2495632154967741,0.1899318542977203,-0.18594680562019086,0.0218578442923225,-0.2042074138564135,-0.22104482069144277,-0.195733234,0.0811681918738979,-0.17606514097722806,0.0469244418438709,-0.07951638090108032,-0.18337593563666812,-0.0449522853716129,0.08584731611941186,-0.518759030198713,0.1123928074860215,-0.029953996221629316,-0.45446719018396403,0.006481306290172,0.07653364870650829,-0.7813919944533312,0.3287818912731184,-0.06433798961417621,-0.7796450795770438,0.2340355887075269,0.05853311648067358,-0.8127373942653618,0.3544313663053764,-0.06774038309714446,-0.8085448202789373,0.217042461916129,0.08675326469055936,-0.8566215083525177,0.3033248752924732,-0.05657182762783873,-0.840736058043629,0.1287894993849462,onweer_g_ch1_g19_compr.mp4,ch1g19,1.8724334588555174e-05,1.2895384560865946e-05,2.3329746071156003e-05,9.055342112418305e-06,1.0887131832658521e-05,1.3120476789234745e-05,2.293698129864055e-05,5.684587667791576e-06,1.4947453441960701e-05,6.257595910083438e-06,1.2561288848671524e-05,1.935816854886725e-05,2.4201722716630798e-05,2.3308419818973833e-05,1.5678378935412648e-05,1.045285694402322e-05,5.677720788338275e-06,1.3708364808376095e-05,1.7837011391741495e-05,2.40796499760972e-05,1.5541080316235304e-05,2.476221004068001e-05,2.4355806506565955e-05,2.290034896942302e-05,9.952268292203784e-06,2.453155155564277e-06,2.267205284658418e-05,1.252703405675483e-05,1.1855721187963028e-05,1.229999486167342e-05,2.553344402405636e-06,1.8959209040139676e-05,1.5043582562163726e-05,2.55152564566191e-05,2.0425636331559434e-05,0.0003839815869993399,0.00036562048721659214,0.0003738100443710972,0.0003723672423094329,0.0003816633064663908,0.00037975797698542983,0.00037573359950941407,0.0003093422072924117,0.0003085015581799413,0.0003712160992338239,0.0003591031851586025,0.00020330949542476424,0.0001938558165384944,0.0002103408456234969,0.00013996932455610984,0.00014075120078921161,9.014445803807135e-05,0.0001425090193074849,0.00012215570998477525,0.00010495152233620694,0.00010356521854021867,0.00013937197952727502,9.186797088605309e-05,-3.200012386001586e-06,1.0242708916827052e-06,-1.634148720697077e-05,-6.721576794341621e-05,-0.0001473224186528149,-4.4679791060699513e-05,-0.00015925153668061795,-5.096750629614878e-05,-4.764955539747168e-05,9.952814615837363e-05,4.871003383542711e-07,3.952346025270243e-07,5.654379835929225e-07,1.9688420593839388e-07,7.019052670061162e-07,4.030799825540699e-07,5.350964428841658e-07,-1.0817103711413181e-07,3.610945847812071e-07,-1.460970131501039e-07,7.042300497241412e-07,6.203621901676908e-07,6.46300502376027e-07,5.434334636658777e-07,5.150598317827311e-07,4.3192127410595e-07,3.847191678248704e-08,7.398534623903385e-07,5.417828303356226e-07,6.294193500235155e-07,4.769443541619466e-07,5.626982451673694e-07,6.573256803556399e-07,5.242169826060132e-07,6.797502142534304e-07,8.582243860641533e-08,5.766017116370283e-07,6.414015176372305e-07,3.0951413913847e-07,8.269025453865468e-07,8.676672569752886e-08,6.890600583873132e-07,4.950178728009748e-07,3.339614050328096e-07,3.343653607349691e-07,4.44083070412024e-07,1.676867061430461e-07,4.3651517803681457e-07,3.355285262195839e-07,4.2722230057052964e-07,3.3718692262443504e-08,2.9928819319721477e-07,-7.148655924990619e-08,5.343382034438859e-07,5.032108138896244e-07,5.028733339528295e-07,4.3093992801806427e-07,4.334703647432816e-07,4.339559465639288e-07,7.0087666786998e-08,5.571172911804323e-07,4.4751370422322294e-07,4.932250162860963e-07,3.8034813761673295e-07,4.6020310215013795e-07,5.092891079103622e-07,4.1308499098459696e-07,4.3787635166816293e-07,6.283644821986382e-08,4.5306307673440186e-07,5.060883920856975e-07,2.25419720861471e-07,5.839687481056336e-07,6.571281099975886e-08,4.780113611626885e-07,4.003712335994827e-07,7.641603520146087e-07
